16.447
-13.611
16.524
2.2891
9.4365
24.984
-34.359
-44.489
-1.8178
-14.159
36.366
43.21
42.329
-13.878
-2.9904
5.0459
-23.731
-29.406
-20.649
14.215
-18.233
-20.933
-39.91
-4.1224
-15.443
-19.682
16.242
17.209
10.435
-23.465
15.114
-5.7862
-29.974
-10.974
43.475
73.473
-19.322
-9.5404
-34.666
-15.697
18.48
25.576
26.921
11.738
-10.7
-32.736
-33.576
12.16
6.9682
5.5834
49.29
79.901
20.233
-1.4955
-29.507
-12.885
-67.079
10.385
8.3293
-10.462
-34.728
2.7272
-7.8182
17.222
32.844
18.992
10.365
12.664
-31.886
4.8816
-3.1871
-25.934
-53.087
-7.0736
9.68
8.7699
10.101
-49.671
-76.917
-30.095
-9.9354
-12.145
7.2043
27.543
78.8
106.08
52.333
-33.283
-41.37
-19.167
34.381
40.694
5.674
7.5225
52.148
40.376
3.6763
-7.347
-20.895
-9.0141
-2.7686
-52.448
-68.744
-47.687
-14.8
-14.614
-11.643
-28.642
18.34
9.9613
-30.999
-2.0876
-19.744
28.507
27.058
28.769
-6.9895
-9.3312
78.442
103.28
52.427
-9.0905
-58.009
-29.576
5.6323
-10.394
-32.823
-57.006
-5.8955
-21.169
-35.864
-52.81
2.6868
40.635
64.168
136
63.101
-55.525
-42.575
-52.723
-37.741
23.335
44.889
-43.576
-58.182
2.5273
-2.0467
-19.573
-29.574
-22.005
-4.6571
59.059
27.565
6.7794
9.7676
55.498
44.072
45.155
9.1307
-1.9335
-9.1675
-1.322
-42.482
-9.8416
-44.509
-30.221
-25.551
-31.515
16.831
-6.3451
31.996
33.514
-16.96
14.165
23.416
8.6846
-19.444
-0.21841
-3.1591
16.115
35.023
-24.131
-57.508
-22.941
-3.0069
-27.456
-25.826
-34.446
-26.923
10.598
28.408
-14.169
35.146
50.312
68.904
48.17
-0.21469
13.123
-26.53
1.7853
22.156
22.62
51.836
-47.097
-30.74
-21.63
-34.207
-19.565
-26.916
24.03
25.102
16.172
15.514
-35.213
-30.513
22.303
-2.5604
23.249
19.011
-21.854
-46.485
-44.942
-18.824
18.946
-1.2395
-30.665
6.2509
10.301
17.425
18.419
5.0293
-14.984
-13.054
-7.0319
1.005
30.597
6.1872
35.444
18.371
3.5072
