-24.793
46.927
-14.209
-49.899
4.8215
-16.896
-17.087
-5.9227
2.2011
-47.558
-70.343
13.893
53.107
27.595
-50.724
-59.015
20.713
31.118
95.027
108.34
84.044
44.421
-12.49
-45.547
22.319
7.868
-60.23
-59.729
-35.712
31.749
39.871
-22.433
-35.426
-7.7814
23.544
13.765
-0.65948
-8.6728
28.893
13.533
-53.961
-58.275
-27.18
-3.4693
-21.882
23.6
17.024
-8.7162
5.563
-24.781
-55.511
-52.236
-25.276
23.285
59.773
54.294
72.427
30.158
48.466
69.097
15.541
38.502
-4.2717
-52.68
-22.777
12.745
-15.034
-33.172
-80.027
-91.161
15.21
57.789
-7.5178
-40.745
-1.1096
39.982
9.9344
31.047
-45.041
-66.51
-22.736
38.323
2.8831
-26.939
10.387
-3.1451
16.456
45.671
45.709
12.447
55.641
68.88
-6.9434
-54.515
-51.983
-38.558
-20.053
65.586
32.684
-6.8337
-17.348
5.1785
-42.512
-68.302
-55.511
-3.2099
29.309
55.239
27.117
18.417
50.864
-21.833
-86.708
-62.137
-1.6094
35.467
55.992
-30.632
-34.149
42.239
25.57
39.064
27.909
20.132
13.552
-27.556
-13.05
-35.179
-16.439
48.481
-3.6676
-44.897
-23.591
7.3746
-2.0849
-30.203
-12.061
-2.1766
-13.914
31.34
65.01
3.1425
-2.2277
9.048
3.6915
47.623
45.36
-12.649
-83.942
-11.803
-7.9107
-44.168
-60.934
20.935
-33.164
16.07
-11.456
-13.222
-9.4864
20.028
10.902
70.568
84.805
-31.916
-7.4405
74.431
-12.088
-26.031
26.1
20.444
-31.008
7.4187
-1.3759
-9.9405
-67.651
6.6734
-5.5547
-19.11
-7.1298
15.656
8.7876
20.466
24.526
-4.8553
-6.3858
-68.528
-57.179
-25.958
-2.8469
42.524
30.778
-21.136
-62.619
0.072642
-3.3008
-1.0202
49.981
117.12
50.383
-9.7801
-9.2942
79.721
29.232
16.184
-61.631
-122.14
-48.521
-10.799
14.419
13.197
17.932
23.738
13.156
49.48
1.5737
-28.847
3.0387
-78.609
-43.757
-3.5192
27.052
-4.7501
4.4781
6.7237
54.373
2.5675
-46.277
-29.708
10.685
21.332
50.717
5.8823
-45.496
0.34431
1.9398
2.9739
-26.432
-2.9715
30.546
-4.4792
-38.614
-7.1984
30.864
12.852
-1.6077
37.026
37.494
NaN
NaN
NaN
NaN
NaN
NaN
-23.276
-6.2857
1.3755
19.289
-24.611
13.441
7.3451
5.2715
4.8705
28.323
23.428
-5.9309
-12.751
-33.987
-23.09
17.977
18.926
-18.562
-67.758
-78.329
-18.535
-12.315
34.299
88.101
55.454
8.6415
-7.2214
12.241
7.6411
-5.2321
-3.6303
-71.152
-38.422
-8.1517
43.375
27.649
-10.386
-9.1938
6.722
28.997
62.049
82.554
65.557
-8.3404
-17.468
-2.0751
-20.933
-78.519
-70.397
