26.584
18.065
-4.6994
2.2879
-45.073
-67.33
-66.178
-16.545
26.012
-40.064
-45.099
4.0619
100.03
105.84
111.15
129.97
97.737
-39.757
-80.735
-13.533
7.2451
-24.409
-26.852
-48.879
-44.626
-35.468
-75.18
-46.035
-0.59539
-5.8271
19.538
3.8318
-22.882
-78.753
-39.775
1.393
30.903
66.949
61.521
51.002
-14.736
-22.043
30.885
43.592
30.376
-25.678
3.2459
-1.3779
-14.552
-56.016
-79.374
-10.349
47.448
74.918
64.788
94.015
-18.033
-39.227
12.144
23.82
43.226
-69.062
-78.633
-2.9981
2.3467
-16.381
-8.1259
0.07325
13.401
6.1347
-1.0911
12.924
0.16845
-43.105
-26.046
-30.214
-18.231
-79.094
-75.939
-27.186
13.784
47.556
77.104
70.322
65.457
-25.507
-23.66
36.984
19.794
32.286
1.4634
-30.782
11.551
7.234
-9.4381
30.073
66.443
52.938
0.15731
-57.448
-33.813
-34.353
-27.393
-7.4584
-17.971
-3.6726
28.765
-29.984
-37.582
-12.346
-16.179
-16.187
14.603
2.3119
19.021
70.718
-12.351
-43.916
-40.846
-22.962
-6.1189
7.4401
33.123
47.542
28.058
34.83
-47.414
-34.518
-22.61
-14.915
43.656
5.0132
9.4143
51.188
109.78
50.222
7.6026
-89.376
-55.14
-10.838
-46.947
-46.844
-85.176
-36.896
-18.391
39.302
53.187
43.077
51.815
42.991
19.957
3.3607
-31.624
0.31647
6.5185
44.868
-11.049
-52.963
-17.502
0.087911
-49.272
-49.216
7.88
42.131
62.84
69.712
25.681
-45.296
-33.736
-11.99
-27.447
-51.502
-45.985
2.3527
39.977
24.269
12.251
-43.319
-36.622
-18.11
41.819
-6.7581
-19.183
-0.56095
70.971
89.263
68.375
65.135
-34.154
-109.3
-104.27
-36.954
-1.9916
48.135
40.775
94.127
20.099
-25.98
-17.468
10.785
2.4711
-8.3161
11.217
-22.754
-34.907
-34.244
-42.943
-28.875
-37.636
9.7935
27.63
58.765
48.964
16.925
-57.618
-47.433
9.4423
26.64
-16.4
4.4793
4.7023
25.357
40.199
11.706
-9.9066
NaN
NaN
NaN
NaN
-34.669
9.5266
21.5
43.053
25.7
-0.54109
29.135
13.758
0.85975
13.029
-1.3383
31.444
15.527
-20.464
-11.916
-18.01
-32.15
18.639
1.4011
13.741
6.1295
-1.6829
-46.581
-50.328
8.7423
51.516
56.505
4.3789
-59.664
-40.64
-28.049
-14.068
-49.568
17.77
-39.662
-9.1083
-0.77005
-20.474
23.946
43.43
47.029
48.112
61.028
26.145
-15.372
-29.436
22.76
24.012
29.083
25.766
2.9015
-18.149
-54.153
-22.535
-18.073
8.8079
-41.412
-59.653
8.0137
13.666
-32.127
-37.043
-1.3671
38.469
53.827
30.871
21.708
26.364
-28.358
-0.318
19.882
32.732
19.183
-19.436
-107.64
-39.388
4.9566
31.98
26.366
20.292
-23.39
-16.652
-25.995
-29.903
-7.7626
47.407
35.154
1.0659
