-51.805
-6.3727
-9.7132
30.837
29.879
-16.466
-7.9531
-20.407
19.782
-28.69
-57.879
-86.541
-144.07
-159.04
-42.14
-11.088
4.6676
-3.4255
-5.5801
16.283
49.774
-29.918
-5.6298
4.5115
36.163
86.355
48.668
85.023
105.49
95.382
22.76
41.979
28.519
-9.9496
45.306
21.652
-33.134
-46.656
-35.588
-31.34
-80.269
-29.397
-46.463
-20.115
14.184
59.096
34.593
-11.885
-15.625
-17.829
0.69405
-34.983
-65.386
0.94077
0.57968
5.5812
-10.17
-85.351
-18.189
-23.445
0.66531
-37.645
-9.152
-9.8804
63.814
54.418
61.403
46.15
6.0155
-1.8884
5.4084
10.809
14.913
52.784
51.511
28.334
-48.169
-77.329
-34.867
2.2538
96.915
116.16
13.931
-60.871
-38.708
-58.376
-17.189
26.38
36.015
-31.627
-67.812
-59.319
-49.085
-35.437
18.855
26.32
17.112
24.711
67.332
35.501
-17.801
-40.613
-50.076
-59.266
-22.57
-19.21
44.027
19.001
0.41286
52.358
41.89
22.058
16.556
1.9577
39.11
47.524
16.79
-45.117
-36.312
-57.351
-31.758
-58.359
-40.878
-26.583
19.445
32.664
-14.041
29.485
53.051
65.038
41.902
66.918
3.5369
-14.467
-18.324
-6.1165
-2.5406
0.81401
-39.973
-53.468
-88.161
-64.247
-21.515
56.748
30.163
-18.863
25.874
53.799
44.513
23.046
36.406
13.761
31.764
-28.69
-40.255
21.219
10.751
-42.271
-31.752
-35.569
-52.453
-103.65
-42.675
20.048
36.893
-22.492
19.058
13.357
20.867
35.132
-28.534
23.061
2.0503
0.88474
20.322
30.957
57.993
74.849
54.019
36.97
0.51085
-14.156
-8.702
21.049
-0.59452
20.155
21.888
-13.064
-66.723
-55.25
-44.644
-69.92
-34.578
-30.806
26.765
-4.1381
-17.01
-53.827
-21.078
42.879
1.858
15.431
24.496
1.5125
-14.386
4.9627
-22.109
-42.63
-34.487
21.111
14.216
-3.8322
21.126
28.916
24.442
41.949
27.647
52.236
21.713
7.3243
7.1374
29.975
47.488
70.76
46.785
NaN
NaN
NaN
NaN
-100.12
-51.128
-0.43881
20.124
20.263
-88.749
-128.18
-26.751
27.037
51.566
-1.7413
30.093
34.157
-18.536
-28.834
21.044
25.245
22.243
-21.817
-40.624
-27.505
-43.087
-39.585
-5.7755
62.957
83.782
72.793
24.688
-0.21261
-12.504
-8.4309
-14.489
-8.3052
41.246
-32.157
-39.67
-19.105
6.0737
16.421
11.048
27.83
47.589
60.159
32.329
23.503
39.819
2.5389
-68.232
-11.624
-20.316
-49.858
-69.127
-28.261
26.96
53.334
9.293
-28.805
-45.753
-100.67
-36.916
-6.6505
42.036
-3.7808
-65.662
-23.316
13.859
58.646
36.058
9.1544
-24.101
1.3624
10.112
-6.2972
-12.209
-47.534
-11.517
38.381
63.575
54.176
67.864
55.779
25.046
-7.4752
3.8564
92.784
64.769
-17.006
-37.725
