23.566
23.364
9.182
-39.674
21.607
31.295
-48.614
-5.3515
12.026
-37.075
-11.519
45.083
63.698
1.2454
-55.451
-40.589
-50.882
15.241
32.614
-17.741
-71.345
4.7596
23.206
-19.087
-40.035
-22.685
27.533
68.256
50.452
45.095
61.49
-22.461
-69.509
-46.193
19.846
12.648
-85.953
-29.538
-27.948
-37.139
7.7866
7.7603
-28.315
58.173
-14.066
-92.475
-22.414
-3.8297
14.689
84.583
171.13
146.37
87.097
14.638
-26.613
-44.142
-44.826
32.323
-17.071
-49.355
-30.106
-40.992
-83.288
7.0692
44.448
93.686
33.322
-5.3254
-60.882
10.217
7.1168
-55.273
-70.366
-57.746
-8.4822
-7.0504
-67.73
-108.86
-64.713
3.5224
-26.276
-26.903
17.817
24.705
93.608
152.38
104.18
69.662
-5.4614
32.981
93.138
80.931
23.235
-41.85
28.841
39.907
-55.326
-93.361
-52.43
32.92
-2.0135
-81.582
-53.387
-91.168
-57.21
-107.97
-76.501
-15.839
40.173
17.251
8.3749
36.045
48.619
92.788
117.89
56.959
-23.985
-23.404
114.85
165.47
61.077
-39.508
-100.53
-50.404
-42.246
-41.071
-91.621
-110.34
-71.639
-28.839
-53.082
-59.474
20.43
79.387
132.72
160.05
15.242
-151.72
-50.646
-10.78
-13.404
-16.62
14.852
33.594
25.754
30.801
1.5874
22.037
22.375
15.065
36.132
-23.698
-38.954
55.841
18.648
42.528
21.988
42.382
58.426
17.91
-54.63
-33.105
-45.507
-90.415
-71.419
-3.8065
7.9627
-22.743
-21.845
-39.396
-13.518
20.276
7.2772
13.662
24.699
1.0416
-46.62
-27.919
14.476
13.548
77.881
25.37
23.61
2.1022
12.975
-59.617
-48.862
-54.56
-56.606
4.0626
59.838
58.094
42.458
9.1254
40.877
-17.053
21.715
87.738
50.787
-6.433
-50.103
28.636
74.984
-38.338
-55.048
-44.071
-15.814
-9.0476
-30.162
40.87
23.403
-88.506
-70.166
-52.679
-1.4427
47.24
21.089
-0.59444
67.702
30.43
-46.738
-93.205
-32.608
34.456
5.1285
-56.539
-10.81
34.756
54.025
36.135
-3.171
2.0637
-41.758
-17.888
3.9721
41.4
26.858
34.737
-3.5175
23.051
