52.642
-61.453
-17.666
9.2244
28.507
60.556
41.118
64.137
78.163
68.465
-4.949
-33.249
-3.7317
-6.8344
25.086
-2.8342
-0.0065149
-18.949
24.032
10.997
-34.127
-78.317
-54.85
-21.353
51.005
67.891
-9.2403
-70.054
-121.11
-84.209
-19.005
3.6212
34.622
88.63
52.408
7.5617
26.294
25.995
11.238
-35.858
10.225
-13.988
-12.937
-39.439
-14.094
56.859
48.685
65.112
-42.947
-28.746
15.914
78.85
53.182
-52.128
-51.408
-54.312
-9.6404
51.933
18.893
-45.53
-38.908
-48.013
13.121
61.84
48.114
17.231
0.89888
-62.858
-62.591
-54.373
3.5941
31.835
33.849
36.193
5.1169
0.75633
18.793
-37.232
-40.614
-26.747
1.8108
3.0011
14.951
-35.278
-28.764
51.763
72.628
20.918
-40.074
-13.438
11.42
-2.0189
51.431
63.239
47.562
64.779
-14.502
-83.239
-47.554
-32.635
-11.983
-2.2957
-24.727
41.358
19.283
-26.525
-61.277
-20.285
39.288
-42.203
-22.357
1.0997
3.8138
12.519
-10.616
-17.988
54.528
86.069
58.643
-62.497
-67.152
-36.605
-43.126
-12.133
44.378
48.127
27.902
16.901
-45.447
-29.292
7.9729
58.164
82.252
109.93
54.001
-7.5992
-73.029
-107.28
-84.41
-55.967
-19.705
-3.109
-6.4459
37.801
51.14
-25.128
-86.629
-79.404
4.8347
32.924
58.126
118.11
113.1
106.95
3.2755
-76.739
-15.856
1.2068
-46.613
-62.162
-64.881
-103.42
-58.22
-18.558
71.531
82.722
6.4729
12.048
81.681
69.414
21.858
-9.5246
-36.13
-33.183
-115.43
-83.825
-4.5326
25.233
29.095
30.132
-11.361
-22.343
-5.3651
30.839
67.456
67.269
-9.4225
29.12
41.474
80.063
26.543
-21.78
-71.152
-29.066
-21.874
-35.733
-52.949
-45.486
-36.604
-45.259
-31.062
6.6278
60.847
22.312
40.582
30.306
-50.602
-52.895
17.309
40.683
11.896
-50.929
-27.997
27.924
-14.757
17.499
37.876
80.352
80.716
20.484
-1.6462
66.494
33.579
-79.433
-78.555
-32.13
-37.018
22.784
20.54
18.108
-11.602
-50.438
-66.659
-47.275
-42.605
-44.844
-18.2
11.563
71.383
51.345
32.497
-6.2704
8.6923
20.026
33.346
31.045
54.344
NaN
NaN
NaN
NaN
NaN
NaN
9.7566
6.5405
-5.5588
20.861
-41.681
-67.328
-2.8688
-14.117
-12.387
38.047
20.37
48.531
54.127
-6.2971
-74.311
-56.94
-37.924
-12.893
-17.167
-37.234
20.32
44.543
54.546
134.85
140.47
20.127
-73.571
-49.648
-4.4677
-18.286
-43.822
-15.44
17.09
-33.693
-10.402
19.872
12.367
29.419
43.725
-27.17
-95.903
-39.625
-2.8759
-4.6056
-15.304
-12.995
-10.969
-9.8019
-56.274
