-16.908
5.9254
-13.506
-35.385
-18.156
0.46183
64.714
57.54
48.356
-15.815
-25.233
27.703
-3.6285
48.677
76.943
-6.0271
-53.472
-17.92
1.9598
-48.261
-59.28
-25.037
52.889
58.422
74.554
-12.495
-56.455
-61.738
-42.037
-6.2359
0.44427
-0.66855
13.9
21.447
29.54
-42.452
-63.166
4.2627
52.735
51.494
44.654
-26.291
-28.283
-37.533
-38.977
-32.753
-47.267
0.62928
43.227
104.18
92.875
87.862
0.13681
-63.073
-62.548
-14.728
-6.2546
-17.702
-37.44
-41.309
-30.431
37.442
78.889
4.263
-14.075
33.524
47.859
78.452
-2.4038
-63.35
-3.5745
-20.922
-31.543
-54.635
-56.501
-17.791
-18.483
11.632
2.5316
11.202
18.793
9.7981
-7.9698
-19.934
-12.998
-12.267
16.648
1.5369
-7.7149
19.914
56.718
89.299
61.758
30.945
-25.072
-45.832
-19.376
-11.465
10.514
-27.364
-107.74
-68.281
-0.5491
39.96
10.512
10.751
38.585
87.868
63.003
7.1263
-3.9786
-54.706
-30.807
-1.8815
8.18
36.312
1.0793
-60.13
-63.482
-47.916
-19.466
1.7864
-10.939
14.051
28.524
27.028
62.414
0.81312
-14.412
4.4655
-2.1159
13.746
20.343
51.987
-44.57
-84.879
-59.54
-32.206
-12.932
6.694
49.596
38.023
60.698
47.012
13.66
-45.701
-47.566
17.122
-13.171
70.514
40.525
56.578
46.541
3.1403
-51.771
-55.141
-16.652
-15.501
-41.197
-23.702
-20.39
-13.86
-23.335
-24.313
9.1322
8.0082
33.793
18.846
4.3418
-47.112
-24.633
-16.97
45.345
-8.1497
-94.259
-5.8325
27.279
8.8364
23.792
23.061
20.685
18.509
54
57.96
38.302
-17.543
-24.772
40.664
59.141
44.484
3.8448
-60.186
-64.077
-21.689
12.975
0.16611
-11.55
0.44551
-26.104
-11.394
-50.881
-39.766
-39.262
-2.8402
28.272
-11.79
-40.462
17.414
34.519
36.462
-41.696
-79.029
-36.548
34.955
46.263
-17.86
43.619
35.346
55.155
59.178
-0.0077197
-11.638
-11.004
27.648
45.295
5.7119
-8.2545
-6.389
-4.7621
-32.758
23.206
32.073
-6.2612
-38.369
-54.028
-37.919
-34.126
-24.339
9.6586
-14.331
-40.291
24.933
65.543
40.878
15.029
32.928
10.516
NaN
NaN
NaN
NaN
NaN
NaN
-9.1615
-54.233
-47.014
-1.2711
23.888
16.62
-14.801
6.1347
60.161
84.412
55.695
54.203
27.027
-24.632
-6.406
-37.884
-58.659
-57.861
-55.161
-14.983
22.486
26.927
65.428
79.98
75.067
-10.988
-56.284
-34.665
-19.123
-22.153
-60.373
-54.629
-32.708
-2.4799
-13.75
4.0263
19.366
28.43
22.896
5.3473
50.765
52.782
37.538
5.3157
-7.7263
-14.819
-22.109
-40.24
-71.217
