19.51
-38.046
-32.575
-15.52
30.367
33.821
20.528
-2.1662
-14.135
21.225
53.983
56.546
47.915
-20.079
-29.179
4.9367
6.3817
-17.177
-26.235
-3.0349
16.079
9.1036
-58.556
-30.514
6.281
3.5495
36.748
-0.14163
-3.8262
-37.005
-45.23
-2.4852
-30.307
-12.913
-4.3026
87.886
56.372
28.529
9.493
-44.441
-56.271
-9.4934
66.701
43.188
24.945
-50.902
-59.226
-72.367
-20.989
-1.083
-17.651
-10.801
-6.297
36.974
2.558
8.2819
-27.325
-28.572
7.3323
31.101
37.519
28.273
40.171
24.797
-10.039
-32.536
-28.593
34.97
56.729
97.527
43.151
-8.3999
-49.008
-66.61
-31.297
-17.263
3.8309
14.101
48.154
28.379
65.545
-16.574
-20.862
7.2103
4.2868
11.742
-36.094
-76.771
-90.577
-83.669
-26.976
-24.848
-71.403
-27.3
-3.0554
-2.1536
45.155
100.77
69.111
-15.933
-10.169
-27.293
9.9598
-31.152
29.812
57.9
62.873
-18.87
2.8519
16.541
-13.011
38.235
7.1419
50.639
38.001
55.785
38.656
-45.016
-50.687
-36.394
-5.1637
-0.30698
-48.812
17.063
29.291
13.391
55.692
17.284
3.3223
-15.075
-42.979
-100.93
-66.278
-70.015
-52.422
0.092006
42.955
28.169
-15.678
-74.175
-38.2
14.133
9.557
-20.309
-10.419
70.131
51.239
-5.6794
-37.214
-47.95
7.085
139.34
178.03
121.54
7.2432
4.9313
15.631
20.171
-52.586
-125.26
-92.832
-28.553
36.434
6.4978
-42.384
-60.55
-60.843
-38.433
4.1022
25.498
64.555
94.636
85.4
65.388
28.849
-12.264
-20.41
-9.3983
-23.741
-31.483
40.279
25.829
-7.4583
-87.56
-125.62
-120.8
-48.715
-6.5711
-31.265
6.5031
-7.0129
-36.904
-3.3721
34.504
55.418
32.851
40.605
61.524
76.047
85.468
58.465
20.635
19.912
11.835
-87.083
-50.597
-0.61548
-32.254
-22.108
-11.835
-34.108
-13.909
29.195
26.133
59.392
118.78
44.855
-14.169
-13.442
-58.391
-71.22
-54.301
24.259
46.605
2.6012
-61.741
-37.203
-24.844
9.5874
-39.805
-60.586
-58.553
1.4233
34.511
13.544
-5.968
-6.429
53.384
33.231
20.995
