0.3708
15.733
-23.867
-34.233
-20.051
-9.297
-4.6561
20.377
34.809
35.824
6.1276
11.517
45.861
21.139
-21.175
9.6176
-6.7139
18.179
52.582
31.832
48.84
19.966
-28.67
-41.598
-11.858
-38.847
-51.071
-43.825
-38.074
-10.3
22.499
-5.3819
-10.566
15.382
42.773
21.444
18.812
-14.454
29.534
32.22
-11.424
-9.3939
-1.1514
21.621
0.16712
-9.0311
-26.843
-32.004
-25.275
-6.0208
-19.623
-53.691
-56.078
-11.88
19.673
40.9
44.106
42.171
38.621
19.828
13.401
23.938
11.109
-5.7528
-2.7108
34.324
48.847
3.7005
-64.401
-72.786
5.8345
20.385
13.928
-23.496
-33.742
-7.0822
16.602
-0.1375
-35.322
-57.617
-19.275
1.5291
-27.576
-15.006
-6.7179
10.399
40.874
51.412
50.79
30.093
69.119
68.492
36.343
-30.18
-83.186
-79.078
-16.751
15.352
16.809
-3.7426
-33.176
-17.629
-16.885
-45.755
-42.871
-6.0854
37.122
73.736
45.766
8.6582
8.4784
2.6947
-47.932
-18.04
5.0009
0.38822
-6.6036
0.24575
33.169
21.89
40.392
35.1
-2.9739
-25.018
-8.8243
-28.187
-8.5988
8.9275
-29.964
-22.445
-26.105
-1.1436
14.175
22.015
-9.5153
0.58076
-31.527
-32.357
-25.093
14.266
20.992
36.348
25.964
17.034
-2.1673
13.726
19.648
-21.923
-23.627
9.2515
5.5825
-21.705
-22.943
6.4151
-3.5358
18.043
34.157
16.691
-4.8474
-38.574
17.457
8.363
12.013
-24.487
9.2036
28.62
-13.332
0.88914
13.398
18.384
-23.453
11.802
11.71
-17.728
-74.568
-47.221
-6.9909
-3.2087
5.3269
12.235
28.099
5.72
7.4141
0.3411
34.67
-34.508
-48.448
-7.3368
30.288
23.816
16.255
-19.858
-35.12
-0.82923
10.147
11.902
35.159
69.377
40.422
29.566
1.8174
36.446
15.693
17.489
-66.639
-99.76
-79.129
-22.372
3.874
-12.978
-5.8099
-14.011
19.875
25.955
25.231
-3.6086
-4.1321
29.226
-13.609
24.801
10.123
-7.4525
-38.101
-4.3235
26.291
-1.2446
-30.608
3.1595
-9.9103
7.4432
26.385
8.9383
-33.173
8.5817
2.2384
7.7417
-9.2655
16.86
34.139
27.824
-33.185
-6.8594
-24.186
11.06
22.768
60.313
33.035
NaN
NaN
NaN
NaN
NaN
NaN
-38.659
-7.5487
-11.365
2.0864
-20.646
-1.8791
4.3241
-6.606
-4.5744
13.106
-0.021308
25.466
-1.7762
17.405
-16.745
44.253
23.838
-29.072
-41.469
-46.688
9.1002
16.364
41.442
61.011
14.135
-13.913
-13.497
1.9094
-22.061
1.6002
-25.368
-36.513
-17.407
-10.405
-6.1243
31.374
38.084
28.256
8.4878
21.283
17.594
34.346
58.794
-3.5832
-10.54
-19.682
-56.536
-79.721
-73.111
