5.4697
-9.9091
-1.0884
-33.255
29.053
24.723
-31.139
-34.961
-52.929
-19.571
15.898
49.209
35.014
37.363
-12.502
17.838
-39.14
1.2852
-25.973
13.889
9.0658
-21.791
-54.725
-34.362
-12.913
13.989
41.999
-32.196
-29.435
-8.2048
13.348
1.7929
-21.903
-16.523
94.073
113.47
23.108
-42.998
-52.071
-61.4
20.809
26.367
9.1233
14.519
25.602
-91.16
-42.01
-22.697
10.754
10.348
70.173
45.014
83.506
-5.6372
17.437
-19.619
-14.554
20.419
-15.971
-36.928
-47.802
-16.315
-39.712
14.488
-21.947
6.3162
0.98484
-18.881
26.197
52.634
0.0003023
-9.0249
-48.267
-7.1859
2.1701
48.222
-20.966
-36.492
-32.237
-35.986
2.1479
-8.2605
34.095
14.822
121.99
55.947
-2.1773
-50.702
-32.774
-26.196
16.358
25.398
8.7339
4.2159
52.508
86.453
36.105
-28.478
-33.509
-65.858
-28.411
-72.626
-58.381
-20.631
-25.652
-36.878
-56.079
-5.2672
46.929
18.249
-8.2994
14.55
4.0719
35.05
72.354
33.76
-4.2309
23.427
102.86
111.17
41.064
-12.305
-44.433
-43.555
-13.957
14.497
-41.159
-69.671
-80.257
-70.082
-73.97
-10.524
46.088
34.225
68.25
80.985
13.532
-82.478
-118.8
-34.925
28.288
-13.137
-34.383
-31.192
13.372
50.611
23.834
33.121
8.772
29.17
69.645
93.178
41.426
30.437
14.131
79.623
36.887
-26.942
-37.202
-75.86
-68.482
4.9814
-27.511
-83.121
-107.05
-55.21
-10.179
-20.32
54.119
33.727
44.127
-6.5607
-5.7516
36.063
7.2937
17.036
36.345
-17.523
-5.2458
12.852
4.6834
-7.4284
4.989
28.057
45.631
-66.478
-54.558
-71.196
-26.158
-15.035
23.591
-21.156
16.341
12.218
73.356
44.081
55.869
32.757
80.468
24.915
-7.8788
12.236
9.3524
-75.72
-107.75
-16.876
-23.641
24.65
-20.394
23.029
46.946
-49.519
-73.418
-44.661
2.4788
30.446
61.561
23.97
-28.023
-31.637
-8.1453
18.889
13.772
12.886
-42.159
-23.74
34.816
55.009
35.05
-30.528
-64.703
-43.393
-43.515
9.5334
59.482
35.176
57.017
7.2114
50.335
-19.05
