32.837
-5.7243
38.297
-58.054
-15.988
81.091
-44.25
-51.665
-39.805
-12.006
-11.591
86.459
53.703
31.076
-76.871
-25.714
-21.219
-21.986
21.927
-8.1057
-13.517
-23.248
-69.738
-94.155
-6.3505
23.469
18.69
44.226
20.891
6.7188
4.5813
1.2349
0.68865
-15.718
43.238
79.558
-24.372
20.183
-14.037
-48.82
-4.278
-21.754
13.056
22.217
39.663
-95.444
-52.59
-10.664
52.043
44.449
150.59
112.74
39.006
-41.729
21.251
-56.422
-62.947
18.414
-25.934
-61.859
30.859
-26.562
-122.57
-30.554
21.704
29.507
24.444
-17.837
-50.185
27.666
-22.368
-22.832
8.7601
14.747
-19.599
-17.069
14.291
-50.829
-59.928
-20.099
12.369
17.788
33.746
18.917
140.7
162.84
120.99
4.1336
-73.889
-99.314
-34.33
-12.953
-5.0575
-18.806
23.276
42.775
21.485
41.935
48.694
-46.684
-22.86
-7.3353
-35.874
-27.159
-25.208
-60.409
-80.068
-37.107
-15.06
-35.171
-89.767
-23.223
-9.8195
-47.616
-20.282
64.499
22.309
97.414
183.93
262.44
199.45
99.543
-146.6
-99.227
-97.148
-52.332
-85.965
-100.28
-76.244
-93.47
-71.094
-31.245
57.608
122.77
196.49
195.53
22.91
-117.71
-117.6
-98.623
-96.72
-14.185
63.811
30.048
-2.4821
-13.16
-57.134
-32.979
-12.812
16.199
6.7735
45.949
13.472
68.013
28.87
117.18
116.69
59.237
-5.0365
-44.88
-110.51
-14.498
-25.354
-1.7251
-78.879
-46.164
-33.801
-36.907
32.906
16.691
-19.138
-4.5104
-74.097
-18.492
49.404
12.195
60.999
32.114
26.477
-7.328
-8.9709
-13.258
-44.411
8.5652
65.004
0.2807
-65.609
-60.418
-57.826
40.765
18.518
24.395
25.03
32.069
74.327
14.529
34.739
16.037
14.171
-6.3706
-14.679
25.205
21.961
-71.599
-66.709
-29.814
20.274
58.841
12.952
45.11
1.128
-66.348
-86.252
-31.51
-30.17
22.529
10.584
-1.5019
35.961
-5.2904
-2.4838
-23.296
-72.553
-63.741
5.8072
-9.935
40.816
74.812
55.896
-7.0867
-5.518
16.943
-30.558
-5.7618
41.155
-2.403
4.7314
13.152
33.164
32.104
