59.324
-30.386
-17.901
-43.618
-19.806
26.655
-9.8105
-35.146
-35.202
1.2512
56.097
66.308
53.132
-50.865
3.9383
0.12646
-44.609
-16.445
-5.3045
16.861
-43.003
-7.5474
-28.891
-29.865
-41.259
-38.883
13.743
26.195
-1.2333
-8.7954
-13.698
27.151
-29.249
-38.447
26.482
50.718
65.679
50.602
17.855
1.8132
-18.771
-26.634
0.41458
31.465
-24.447
-74.078
-18.091
11.786
30.146
40.456
12.871
52.35
48.789
-27.177
8.9364
16.899
-39.152
-29.105
-61.084
-28.718
-5.4138
-9.2594
-40.233
-2.7803
26.544
41.341
26.425
58.918
32.45
39.635
12.979
-38.62
-57.87
-3.9038
11.314
-24.374
-94.01
-110.08
-70.593
-12.581
21.949
34.951
25.618
4.313
61.495
82.872
72.602
46.301
-7.6617
-47.862
7.5268
56.704
-13.271
-43.505
11.837
54.732
39.616
28.584
-48.938
-49.212
-3.3018
-21.597
-55.819
-56.108
-1.0562
1.1414
-38.144
-71.049
-31.2
-22.325
6.0292
34.908
32.348
26.486
61.959
71.86
39.61
6.7459
54.896
65.498
14.328
-26.487
-56.465
-50.103
-14.777
-9.3089
-20.46
28.673
40.758
-0.66787
-71.893
-99.409
-20.064
41.274
59.476
75.869
0.038578
-80.86
-64.097
-71.897
-34.637
12.237
11.707
-6.0279
-40.996
-11.937
5.9402
6.4512
49.338
27.828
81.433
106.35
54.179
62.361
69.713
13.727
-22.072
-39.413
-17.597
-22.486
-60.389
-42.001
7.7328
-3.583
-27.027
-50.985
-51.228
-13.234
9.9171
3.9367
-19.96
-24.701
17.598
25.591
40.377
22.713
47.662
57.674
-56.374
-69.574
-35.639
-43.869
-1.7101
15.067
0.51844
-16.648
-19.792
-22.458
-0.84728
60.527
3.8929
-0.15562
15.625
37.217
24.891
17.969
0.66958
50.602
31.618
27.406
31.655
40.326
45.051
-64.018
-126.91
-45.161
-12.499
-15.807
10.742
36.897
37.432
6.334
-60.198
-70.815
-5.2567
62.909
63.731
-8.4699
4.9522
-29.415
-34.943
-23.728
-9.3288
51.706
1.6941
-64.144
-54.973
-23.873
-15.992
-34.371
-35.797
-6.1949
33.692
23.298
76.168
63.217
52.249
29.161
4.039
27.359
