-160.72
-54.927
3.468
7.9901
11.991
-13.999
-24.974
-14.465
12.628
17.479
22.041
45.634
16.963
16.133
12.901
3.9682
-9.1463
-21.669
6.6205
-2.401
19.215
18.66
29.538
17.455
10.719
30.107
-12.34
-35.632
-30.5
-53.303
-28.186
-14.91
-25.713
-14.955
0.46141
40.149
46.783
-27.264
-37.616
15.546
10.95
-0.011805
1.4302
39.496
16.931
-11.002
-14.154
31.969
33.45
-10.892
-46.399
-6.4439
26.901
-28.037
-38.901
8.5445
13.512
NaN
NaN
NaN
NaN
18.78
17.48
18.582
61.293
24.878
-1.7531
3.8562
-21.717
-43.951
-61.096
-43.985
-57.242
52.892
103.73
34.034
-12.198
-83.998
-62.288
3.0186
43.416
4.3023
4.9855
7.1522
1.5363
13.66
NaN
NaN
NaN
NaN
36.192
34.148
20.498
-22.386
18.708
-3.2596
-21.138
-23.352
14.568
-23.375
-9.4335
17.452
-7.7716
-7.2566
-12.074
2.4477
-3.8656
21.944
-21.123
-1.6966
-6.5058
10.916
-18.59
-28.73
-52.106
7.3823
23.561
5.506
14.783
54.59
25.478
16.546
10.339
54.91
40.462
-26.043
-11.819
-23.837
-11.488
-4.9868
-26.285
-25.845
-30.007
-21.581
-30.277
39.728
-39.601
-72.74
-39.764
32.518
22.919
43.085
7.0027
32.054
10.327
31.183
7.298
-5.0795
-1.4045
70.57
53.273
21.135
-3.3398
-12.191
-31.219
-49.265
-32.214
7.9524
-8.4807
-9.8862
14.952
17.855
7.8391
-29.272
-12.307
3.4537
-35.303
-66.81
-50.624
-50.048
61.795
61.311
8.3877
-2.1342
-22.049
6.6534
11.345
41.687
65.781
-22.736
31.781
47.438
-0.97558
-21.638
4.8398
-16.907
-32.873
1.4287
9.4942
3.7318
-51.173
29.908
20.077
-4.5332
-10.098
3.1361
10.862
-9.0477
-42.538
-50.447
9.7002
58.828
-6.1946
-41.649
-65.013
-19.858
27.451
49.426
32.161
18.413
-35.649
-48.872
4.5386
23.955
36.215
19.44
54.084
-6.479
15.68
-4.0341
43.123
-15.669
-18.434
16.27
16.087
-9.0695
-54.163
-35.209
-24.718
-32.291
-31.423
-49.366
-6.4424
62.413
80.104
-25.508
24.899
0.34697
-2.767
-41.327
3.321
4.6822
-17.771
12.073
5.6324
29.618
46.136
6.1208
23
9.154
44.004
26.754
-15.349
-29.712
20.272
