-1.3004
4.2847
-30.863
-40.873
-12.124
8.3897
-2.3222
-21.652
-48.719
-59.583
-32.68
-71.59
-36.901
-28.13
-44.297
-34.8
5.838
46.946
73.197
66.256
51.442
7.4163
30.206
36.181
33.742
18.236
38.866
54.212
31.699
30.515
22.435
11.073
-11.058
-29.947
-23.255
-22.043
-49.144
-25.7
-4.8753
-40.784
-71.605
-44.268
-37.828
-13.133
4.3801
58.738
20.385
-13.188
-10.461
8.7811
0.30701
25.412
12.186
8.4576
-9.8309
-29.946
-12.936
NaN
NaN
NaN
NaN
-28.17
-13.916
-4.4091
4.1199
32.457
64.429
19.312
4.8216
21.945
42.376
52.502
-9.8972
-3.3265
-16.225
-48.255
-0.62326
-3.0661
-3.5087
1.6641
-5.2372
-9.1447
-23.777
-55.427
-59.594
-29.46
NaN
NaN
NaN
NaN
3.8362
11.604
16.929
26.397
35.774
26.745
58.472
54.583
31.501
-31.541
-25.782
-12.564
18.326
23.59
-1.4239
-58.779
-66.691
-35.306
-9.5107
27.079
15.398
5.531
-6.2486
-15.484
-36.111
17.128
-14.907
-24.057
-0.87092
53.24
29.404
45.994
-3.5858
-27.427
-16.62
6.5854
16.619
4.1729
7.0459
49.686
56.642
32.435
-5.7705
-7.08
-27.254
-6.9302
-2.601
-5.8035
-35.616
-2.7373
4.0699
-3.2469
-24.262
-46.002
-35.279
-47.029
-36.557
-7.4593
19.905
-7.2333
-48.096
-37.78
-18.999
0.18223
35.42
38.782
47.464
14.664
12.262
47.053
37.667
48.505
27.73
41.05
38.935
28.438
12.707
-9.9995
22.02
37.187
5.5847
-4.0275
-32.417
-39.467
-18.795
-61.96
-70.084
-67.496
-45.202
-58.822
-14.993
3.5246
19.137
16.521
1.3978
-13.471
-13.472
-12.818
-23.243
-27.7
3.3625
-2.2159
50.89
56.765
35.993
36.633
43.22
37.232
27.142
10.071
22.276
-5.3416
-23.827
17.92
-7.8935
18.472
-9.7942
-14.79
-1.1243
-14.898
0.88006
36.337
36.621
-0.53204
-27.661
1.4699
-35.613
-1.7296
-8.5729
-9.9314
-48.298
-14.929
-37.167
-68.839
-90.17
-50.734
-10.433
11.921
26.352
33.977
41.843
35.461
26.173
-2.3042
-11.623
30.469
26.08
20.211
4.8787
36.101
31.893
32.692
7.5997
1.3209
29.995
37.801
-39.586
-45.083
-10.175
26.704
-1.9873
-60.654
41.543
44.49
17.473
