84.424
95.79
80.874
18.36
30.131
26.184
-16.126
-81.047
-80.153
-71.31
-43.24
-36.157
-52.456
-51.717
-54.093
-41.311
-32.958
-28.01
-20.661
-5.1741
2.4203
-6.6583
-17.134
-19.126
13.237
30.337
24.356
53.113
57.356
49.764
18.116
14.684
7.8159
15.656
47.708
55.205
22.445
-5.7927
-38.854
NaN
NaN
NaN
NaN
NaN
-25.461
30.425
56.642
38.725
39.671
14.343
-29.799
0.21614
44.254
42.231
-5.5971
-76.128
-48.798
-38.594
-57.837
-52.998
-30.972
-7.3088
-48.718
-32.522
-19.824
36.041
42.515
8.5458
-14.487
12.265
-1.3606
-45.619
-57.647
-3.9531
2.1757
5.8866
-2.1135
0.99948
20.536
41.917
58.683
46.56
69.321
53.752
6.3657
20.768
7.4607
12.305
18.526
21.887
9.8935
-7.043
-10.215
4.4203
23.08
10.36
-6.6399
-7.8976
-12.999
-0.33602
-61.68
-62.453
-39.654
-65.378
-88.197
-78.429
-55.145
-44.403
-17.244
37.397
106.31
116.33
85.811
56.69
43.218
-4.4025
-50.069
-19.961
-11.313
-28.825
-41.71
-36.87
-28.523
-23.728
-34.7
-19.362
-10.047
4.8734
13.845
53.236
42.259
56.444
64.727
66.467
13.228
-4.7754
8.3717
13.904
0.89778
-3.0502
5.5017
24.951
32.718
-0.21183
6.3789
-56.129
-80.352
-93.545
NaN
NaN
NaN
NaN
NaN
-25.285
22.793
-6.2938
-11.502
0.29408
4.3618
-13.565
-16.78
-16.793
-18.029
18.313
2.6318
12.639
0.12835
-28.539
-35.469
-57.21
-25.492
-25.327
-36.637
-4.5161
9.0367
47.023
56.393
69.665
66.039
57.063
31.954
23.884
35.809
29.663
37.414
13.119
-0.80525
-18.609
2.372
19.026
49.74
39.756
-50.019
-54.64
-29.023
-17.289
-28.044
-57.24
-61.164
-42.66
-13.882
-9.5413
5.7063
-13.635
-20.064
-41.369
-53.321
-26.773
-26.001
0.78356
-8.1893
-8.2074
-4.6417
-13.443
6.8337
52.12
59.42
47.706
29.243
25.352
13.457
0.17009
24.696
25.192
53.44
53.241
16.918
15.382
32.279
13.541
29.179
21.607
29.264
-33.708
-53.166
-53.955
-65.058
-42.174
14.95
9.6648
51.018
0.66076
-30.698
-26.151
-23.992
-8.6356
-34.702
-54.567
-35.83
-0.10017
-1.7747
-27.33
-48.979
-22.974
25.766
NaN
NaN
NaN
NaN
8.6562
39.575
45.113
79.153
40.767
-13.651
-7.5432
20.077
-11.465
NaN
NaN
NaN
NaN
17.626
11.131
6.4122
3.2042
5.2939
31.801
21.375
