-32.566
-4.6415
36.56
28.179
8.403
41.316
45.007
57.791
20.146
-14.153
-26.337
4.7304
35.202
24.435
5.0569
10.119
10.696
-21.833
-35.486
12.057
27.291
38.56
44.243
-18.177
-75.031
-45.634
-6.9227
-18.835
-30.42
-22.934
10.85
-0.17281
-42.173
-33.17
-8.9404
-11.532
-3.7522
-4.3253
-4.3124
29.171
35.973
29.866
25.284
36.854
22.398
7.4463
5.5487
-3.5582
-10.926
8.4299
13.897
-2.3544
-36.194
-26.559
30.456
51.553
79.927
17.35
-31.541
-70.203
-50.649
-33.746
3.6414
-4.0098
-19.834
-12.771
23.243
18.56
5.1765
-7.0448
-5.1952
-10.387
-24.339
-30.063
4.8761
20.888
35.029
41.228
24.526
21.854
-1.941
-25.516
-33.347
-14.275
-8.2169
-6.7382
4.4766
5.5361
-19.071
-13.572
28.801
11.751
-6.1286
-27.755
-7.4186
-19.254
-0.9965
25.818
22.859
7.4024
20.078
42.597
NaN
NaN
NaN
NaN
-8.1237
-19.833
4.2529
19.371
8.52
-4.5684
-3.8803
26.199
23.397
-25.525
-54.622
-4.3531
-16.55
8.8703
0.08074
-35.813
-27.605
-11.726
-35.037
-5.019
-7.6745
33.481
39.293
18.977
2.7061
-6.2292
-19.072
2.3143
12.834
10.895
5.2727
-3.9153
-16.821
-16.849
10.649
47.52
54.297
16.83
15.892
21.692
-9.275
-12.474
10.05
4.7645
-24.915
-40.535
-8.7027
11.691
24.022
-1.5311
-17.957
-48.931
1.0616
-46.886
-60.944
-38.695
9.7726
49.578
51.764
18.628
11.398
24.439
12.011
-21.758
-26.65
-13.214
2.2178
16.667
-31.926
-29.732
0.8409
7.3691
-7.4051
14.793
33.527
39.069
24.836
17.065
5.5764
-17.489
-18.823
0.2073
27.389
20.183
7.8874
-11.184
-5.2713
-6.8135
4.1791
8.8689
-38.013
-41.609
2.5032
25.389
-0.72143
-51.957
-33.726
17.004
27.255
41.333
-4.4496
-34.803
-5.9504
NaN
NaN
NaN
NaN
9.239
-3.6487
-18.568
5.1136
10.479
10.46
31.781
44.621
12.706
-5.7365
18.318
29.139
10.77
-6.7669
-17.713
-20.123
-11.491
-6.0876
5.3938
-4.9102
-20.862
6.6374
8.4131
9.2032
9.1522
-3.1261
5.433
6.8608
-31.246
-6.0014
8.5257
6.4665
-34.145
-28.056
0.64399
16.429
45.398
31.308
-17.355
-29.419
5.2548
1.3995
5.5717
13.888
-25.684
-47.175
-33.329
15.622
-0.65412
-14.496
21.435
30.999
22.773
-15.993
4.1225
6.7944
21.207
34.14
49.772
-14.417
-56.33
-27.191
-23.977
-10.487
21.166
-9.4103
-6.4164
8.7125
13.419
49.167
14.381
-1.4708
-0.76222
2.8539
24.496
14.069
-2.1835
-44.33
-50.761
-41.603
-12.044
9.4509
20.753
36.043
25.154
7.4099
12.441
3.0324
-15.912
-9.4546
-30.369
-51.524
-48.175
-46.983
