-18.343
31.056
26.595
-29.392
-44.105
-17.662
22.89
7.9535
-10.525
-3.1147
12.469
6.2409
41.728
10.851
-16.047
0.25017
8.8683
-2.713
18.124
31.535
7.5979
-45.895
-35.977
-22.948
29.111
-3.4034
-15.549
21.448
50.79
10.239
-19.035
-46.22
-19.763
-17.404
-0.82766
-12.548
-30.119
-42.431
-26.391
-13.231
-1.6054
31.45
31.676
5.6634
7.9175
-6.6759
-15.154
7.7901
21.44
35.766
48.455
56.278
45.238
39.358
-14.318
-53.649
-34.109
-23.876
-20.655
-39.401
10.191
30.895
14.12
6.7378
-2.2273
-13.749
-22.226
-33.786
-19.657
4.375
20.71
27.454
32.786
-9.7321
-17.556
-7.3215
-3.2851
2.0732
-17.277
11.07
11.678
16.017
-5.8298
14.773
NaN
NaN
NaN
NaN
NaN
-14.813
22.149
35.029
25.715
43.826
58.18
46.203
36.184
-30.547
-22.651
-9.123
-15.79
-17.846
-38.522
-26.645
3.3703
-43.689
-15.992
-11.4
15.519
24.206
21.197
20.953
-1.4
-34.026
4.7214
19.526
25.478
24.376
36.741
47.093
49.712
49.117
24.342
1.025
-55.582
-46.531
-40.825
-47.71
-70.2
-50.087
-43.233
-8.7448
-9.6378
25.882
14.141
10.766
20.267
49.4
1.6566
-37.194
-44.345
-32.176
-8.5767
-17.734
25.443
24.756
29.991
49.899
32.056
53.951
61.034
60.173
10.806
-43.918
-67.603
-22.436
4.2709
2.6296
2.657
-31.374
4.9083
11.774
17.451
5.2515
3.4716
17.643
5.044
-24.633
-10.568
-57.201
-16.482
-21.948
-55.443
-0.12398
7.1212
-31.118
5.5312
5.4959
36.569
5.5102
-14.05
-16.995
20.071
18.367
NaN
NaN
NaN
NaN
NaN
NaN
22.712
11.675
23.889
39.777
22.547
-18.668
-40.462
-4.6436
8.8872
28.824
28.089
-5.1182
-27.31
6.0321
25.972
38.008
-10.372
-16.628
-10.486
4.9839
9.3239
12.018
-2.2321
-20.424
-45.067
-26.512
-16.732
-12.737
-1.205
-5.9595
16.941
3.4946
0.22944
-19.168
-35.127
-39.942
-42.651
-10.293
-7.6292
27.208
48.063
37.461
12.796
0.67873
24.155
29.857
17.282
37.515
21.927
-4.6132
-9.656
5.0989
15.139
17.299
-8.2034
-10.394
-31.797
-37.126
-21.888
3.4886
NaN
NaN
NaN
NaN
NaN
NaN
-23.43
-28.889
-20.283
-25.677
-38.128
-51.332
-45.288
-16.069
-20.789
-3.3762
21.489
-14.5
12.76
19.928
0.29492
19.195
12.315
32.598
NaN
NaN
