-18.58
23.1
-10.261
-0.77085
-4.7559
2.3459
-2.197
26.415
36.778
0.41134
4.9845
2.6127
44.619
27.068
-66.844
-50.496
3.2224
13.588
17.006
-6.0644
-22.361
-49.214
-0.38312
23.983
18.917
1.3404
1.3528
12.58
3.9202
43.01
47.057
12.609
-12.282
-6.4112
-0.22663
-0.55561
-30.58
-27.039
14.889
33.706
0.10724
17.995
-7.0004
-26.417
-38.214
2.1454
-24.051
-26.447
-14.443
-6.265
-2.2487
-6.1926
8.2771
27.491
-17.036
-47.754
-2.6074
NaN
NaN
NaN
NaN
-13.219
-18.943
-45.728
-31.535
16.866
37.588
26.328
44.765
20.502
-3.6983
20.441
-21.821
-23.642
-33.414
-35.723
27.497
6.0319
12.774
6.8031
20.963
7.8125
-11.492
-35.786
-61.893
-25.499
NaN
NaN
NaN
NaN
17.229
13.524
10.138
11.338
9.2983
3.5183
35.02
46.359
-11.642
-36.606
-0.79882
25.726
30.969
-1.4096
-19.164
-29.289
-11.911
-11.135
-31.932
-5.6574
-8.1775
5.1321
8.4588
16.106
12.411
36.274
15.811
-12.188
11.985
28.536
-17.172
-8.7605
-54.994
-52.351
-25.615
-12.851
27.2
5.319
-0.7608
53.681
56.541
51.118
3.4653
-14.696
-16.411
21.072
-13.784
-24.901
-19.174
7.6184
-22.875
-22.322
5.5615
-6.8868
-13.696
-25.33
4.2764
1.2723
12.424
-40.975
-37.336
11.687
26.412
-4.6032
12.139
34.951
6.0362
-28.715
27.186
20.522
-0.55309
-0.51546
17.251
39.663
24.996
6.9099
25.427
24.357
27.86
11.311
-22.76
-11.998
-40.301
-47.356
-23.982
-33.877
-53.021
-28.348
-3.2671
-19.421
-4.7306
24.002
19.535
4.3356
-7.12
9.2079
16.304
21.411
-1.8783
3.6563
-29.381
-46.686
7.0106
46.744
21.982
26.134
36.261
26.741
34.291
31.936
11.057
-35.729
-39.751
-26.155
-18.908
-12.285
-22.834
-11.659
45.432
18.016
28.798
39.828
2.0788
-23.664
-40.237
-23.744
-42.811
-14.967
-10.906
-0.33452
-14.25
7.9093
33.104
-8.2363
-43.166
-22.653
8.1622
28.85
11.033
-5.4452
12.037
11.437
11.933
-12.6
-10.197
8.4956
4.3883
9.838
37.957
48.136
33.345
26.041
-31.803
-31.527
34.117
16.537
-31.704
-4.1516
1.6426
-22.293
-61.394
-30.33
35.685
-3.401
-45.399
