-21.728
10.037
15.328
-5.6137
1.0753
29.488
38.523
40.132
23.403
17.357
-0.54429
23.072
23.671
-7.7014
-59.471
-67.713
-37.829
-20.709
-11.328
11.223
53.695
38.07
18.015
-45.121
-7.9987
35.434
37.507
7.1716
-45.812
12.705
11.101
-8.5601
-15.454
-23.27
-33.654
-1.9189
2.3392
10.822
-5.4527
NaN
NaN
NaN
NaN
NaN
-52.839
-33.533
-17.238
22.586
16.012
15.827
13.727
39.102
46.967
21.014
37.254
19.668
24.669
1.0852
5.4279
-34.636
-7.0151
51.452
21.764
9.6418
-30.055
-14
7.2751
-13.5
-5.9966
35.878
25.798
-19.385
-59.272
-35.626
-30.486
-18.15
-7.3617
-7.3888
23.992
39.673
-0.48866
-58.319
-26.947
-9.5118
-45.773
-10.075
-15.623
6.492
13.058
30.334
14.533
16.498
19.34
6.5704
0.35801
15.052
15.915
13.752
10.636
18.114
-28.766
-7.5595
36.75
18.437
-6.9731
14.785
42.897
37.75
47.743
-8.5924
-64.667
-21.547
4.9181
-16.048
-56.965
-30.166
-1.9068
4.7312
-20.042
-29.527
-15.443
-11.508
38.154
57.885
11.356
-11.993
-16.877
4.6305
-13.013
-7.2109
-11.877
-14.537
-19.521
3.3901
-7.0518
-32.591
-9.6685
3.2289
5.8935
-7.944
-3.0578
11.357
21
13.43
46.028
17
16.546
25.688
NaN
NaN
NaN
NaN
NaN
-10.97
-24.191
20.464
1.4226
-34.973
1.7332
-2.908
-32.679
-52.757
-43.086
-9.1685
-16.159
2.1027
-19.025
3.943
20.298
33.567
16.168
-31.31
-29.04
11.951
25.19
22.64
1.978
-29.537
-6.1349
-18.22
-19.336
3.0295
33.882
19.527
-9.6028
-23.177
-13.291
0.71331
15.889
17.665
44.593
69.715
37.099
37.77
-18.33
-30.221
-16.264
-32.96
-10.22
-30.227
-7.5337
-17.93
-38.56
-47.849
-21.02
-8.4156
34.546
67.586
61.082
32.934
-5.7144
9.5807
32.304
-7.6055
-32.061
17.828
-42.183
-27.15
-15.175
-3.5462
-10.179
-17.585
0.7877
-8.2821
0.96264
-1.6532
-13.989
-36.348
-22.843
-4.0014
7.9093
-8.1658
18.24
24.177
68.078
21.793
12.685
-8.3073
-0.071322
-22.784
-4.2609
18.683
18.56
3.0348
1.7868
5.3611
1.8059
-8.8793
-18.004
-3.1345
-6.6282
35.86
4.445
10.638
-9.0114
NaN
NaN
NaN
NaN
11.896
-40.077
-26.414
2.6032
-20.617
-44.362
-18.52
-2.8468
-0.89396
NaN
NaN
NaN
NaN
11.388
2.6701
-36.475
-17.492
18.167
25.959
34.792
