-13.386
0.29492
-0.60868
25.705
33.846
26.631
19.519
21.478
-4.3426
-51.001
-31.79
-27.857
0.89545
14.316
7.401
0.87131
31.938
23.276
7.372
14.959
21.79
-5.574
-20.328
-4.9232
-10.246
-10.011
-12.639
7.1965
-10.401
4.9746
9.168
5.7006
-10.689
-0.96428
19.097
10.112
-25.905
-12.007
2.3052
-17.629
-11.547
-1.5159
14.584
4.2387
6.0058
22.223
7.8739
-4.894
-22.484
-25.441
-21.071
-9.5321
-5.0309
36.742
21.085
-16.238
-4.5872
NaN
NaN
NaN
NaN
2.2544
-19.405
-27.712
-25.866
-0.47402
12.394
28.515
28.124
-1.3554
-19.974
-0.66056
-28.994
-22.18
-4.742
9.8369
37.287
12.874
15.078
6.4186
-14.581
-7.551
-18.135
-33.665
-35.706
-16.517
NaN
NaN
NaN
NaN
11.87
1.0843
4.3476
4.6125
33.639
32.447
8.7501
22.634
26.334
12.006
5.1721
-6.469
-9.4149
1.7779
-4.7901
-24.263
-32.517
-18.399
5.2515
-7.155
-10.198
-12.757
-3.4829
-3.3219
-5.0172
15.808
2.0125
13.485
6.5155
15.486
5.4566
-6.0925
-27.572
-23.286
-1.6234
1.5964
12.332
10.909
-2.5981
15.554
26.638
29.548
12.059
8.4182
-8.9766
-10.749
-24.747
-28.8
-20.29
27.626
0.55428
-13.367
3.6849
2.5336
5.0677
-19.426
-20.065
4.6869
35.97
-6.1731
-27.609
-1.7367
27.197
-10.293
-21.338
-3.2136
20.957
4.0133
-5.3662
1.2111
10.937
9.0199
12.569
7.9391
0.54936
1.9218
16.335
22.904
5.7143
1.2443
-9.3058
-14.795
-22.693
-10.779
1.3367
-22.414
-7.1367
-3.4128
-0.98493
-12.305
-5.8111
12.713
-11.928
-23.762
-12.627
10.216
11.826
20.477
-12.898
-5.9069
10.031
9.6862
18.514
5.9198
6.2458
18.224
13.45
12.799
12.369
7.4179
-2.7817
-10.069
-2.9084
3.5291
5.338
13.562
-25.796
-21.597
5.0331
-17.667
-15.248
4.4561
-1.3023
-9.637
-23.72
-1.6811
-22.966
-7.5393
-14.258
11.694
6.2254
-12.577
10.659
24.586
8.5545
25.977
20.314
3.1847
-1.7874
-9.8906
5.194
9.1842
1.0033
-19.447
-14.527
26.525
17.883
-0.25444
-20.022
1.6264
11.711
26.401
9.5265
-0.44298
1.8179
-2.6812
-26.411
-23.006
-10.224
-4.9368
-11.729
-14.779
0.6363
-9.2277
-19.139
