-34.085
25.419
6.5713
7.3239
4.2875
-5.6532
-3.7989
14.91
46.715
35.45
39.187
47.072
60.483
47.057
8.8352
-4.8772
-7.856
-37.079
-24.939
-25.21
-29.213
-58.558
-30.372
-8.644
-2.745
-25.039
-25.462
-21.822
-1.5762
22.392
25.596
1.8548
3.619
7.9224
-5.5801
-2.053
3.8703
20.978
30.308
56.975
36.581
21.665
-8.6977
-19.825
-26.346
-25.843
-26.98
-21.054
-22.327
2.0905
15.458
-0.96584
-0.52033
-6.936
-18.931
-23.855
-9.6359
NaN
NaN
NaN
NaN
16.348
17.209
8.9063
5.8641
-9.7819
1.675
13.37
33.72
17.39
-7.6878
15.589
-15.091
-14.957
-25.224
-32.383
11.155
-6.1978
-10.766
-25.466
-12.234
-13.839
-3.47
2.8937
3.9822
8.9106
NaN
NaN
NaN
NaN
0.017554
2.7044
19.199
14.282
-24.541
-49.76
-4.9496
12.767
-14.716
-6.9341
27.441
47.143
30.675
-1.038
-29.518
1.0933
29.373
28.214
-29.493
-15.615
4.6371
12.846
9.3279
19.591
11.259
34.12
29.483
1.181
-29.028
-20.917
-36.802
-35.261
-24.959
-32.389
-29.553
-10.491
8.8982
5.5066
-18.266
-6.3296
2.2582
-8.2006
-34.234
-1.6822
32.833
31.829
26.989
32.03
17.266
13.071
-15.404
-15.694
19.681
15.055
10.603
7.0672
32.715
16.315
-10.787
-35.543
16.501
26.092
10.417
-18.448
-13.602
-2.8162
-11.548
-24.594
10.763
-14.748
-30.003
-18.32
0.15581
0.63852
3.2854
-11.061
15.343
29.309
3.7713
-21.231
-43.993
-23.978
-11.743
-11.468
-1.6275
-0.68779
-0.15884
24.812
5.401
-10.186
-14.99
8.3162
28.867
38.334
32.947
32.154
31.153
35.405
34.908
41.581
-3.5218
-54.79
-53.111
-15.293
-18.136
-20.029
-14.404
-1.4025
9.9775
25.517
11.959
-7.7165
-13.314
-19.966
-45.255
-45.448
-18.89
8.9277
32.124
8.19
9.0156
-7.2391
-36.479
-9.854
1.2298
21.243
12.677
4.024
3.7462
-8.0037
6.1652
-3.0781
38.341
24.455
13.107
0.067443
8.596
24.85
20.316
-5.5961
2.3849
6.5149
5.4507
-7.3627
-15.846
-22.704
-26.267
-0.86419
26.145
13.263
-6.0315
-0.70407
-8.514
-13.683
-8.423
-13.099
-12.936
11.748
6.2588
-28.036
-39.077
-8.0585
4.5227
-10.337
-31.071
