56.786
69.878
55.403
27.016
39.888
-2.2141
-7.8585
-26.388
6.3062
-0.66741
-15.499
-21.239
-19.723
17.261
2.3682
-21.177
-32.277
-74.891
-75.377
-24.615
-0.092561
0.96549
-24.503
-72.146
-32.516
10.25
28.998
27.573
6.464
33.942
22.142
24.063
15.092
17.277
23.129
54.962
43.826
0.85964
-23.683
NaN
NaN
NaN
NaN
NaN
-33.714
2.3455
10.519
27.411
23.845
-4.9096
-42.271
-15.169
11.699
-16.139
-10.052
3.5954
23.163
14.68
-5.7062
-22.609
-16.761
-4.5466
-32.046
-17.696
-30.255
-27.649
-15.095
-28.3
-42.778
-20.53
-1.6267
-12.834
2.1823
50.119
54.313
43.476
27.01
5.0085
8.4662
21.149
19.166
-11.617
28.913
0.49516
-42.818
-18.535
-16.341
7.5796
13.59
33.872
28.945
22.859
9.0066
-2.9227
4.2515
15.01
-0.45819
4.24
10.555
19.289
-42.449
-69.96
-23.233
-12.494
-55.312
-30.684
-34.683
-17.173
7.5562
22.563
37.726
31.838
39.282
2.5412
-26.874
-23.984
-2.9739
22.79
33.479
32.82
31.107
-9.8519
-44.9
-10.219
-24.501
-44.864
-7.7309
-4.5335
-0.37592
10.859
7.8803
17.541
43.436
65.474
17.374
-32.507
-23.062
-23.472
-14.151
-3.0976
21.437
35.407
40.181
8.2559
10.416
-54.261
-39.325
22.987
NaN
NaN
NaN
NaN
NaN
-18.084
-22.382
-13.333
9.8436
1.7991
16.486
1.8595
3.9815
-15.101
-8.5178
9.1235
5.2609
18.472
-17.273
-44.366
-18.585
-6.2798
-1.2751
-2.9893
0.99121
14.922
23.944
27.045
22.192
4.666
23.956
27.098
10.748
-8.1628
-6.2409
-8.5267
-9.9367
-16.357
-12.279
8.2019
3.9988
20.758
12.802
4.472
-31.035
-16.192
-0.23613
11.99
13.477
3.1074
25.609
28.569
1.5188
-18.877
-4.2425
1.8123
12.628
-6.0729
-32.688
-11.41
-12.249
-26.976
-49.197
-46.327
-8.9963
-33.907
-45.882
10.209
2.7474
19.212
25.134
33.962
18.731
9.8405
35.246
34.137
44.217
8.7136
-8.8031
-2.8471
11.975
20.01
39.292
21.285
-7.0629
-31.423
8.3002
6.334
-19.619
-17.825
-6.1097
-29.188
-6.0027
-11.872
16.243
18.645
-9.5796
-4.0272
-15.808
-23.721
-25.649
-34.398
-16.318
12.211
-21.449
0.072531
35.34
NaN
NaN
NaN
NaN
-11.457
5.0546
10.938
34.598
-4.3847
-52.633
-27.381
1.3265
-22.257
NaN
NaN
NaN
NaN
9.5251
-41.85
-15.108
29.656
16.291
25.415
2.8367
