-66.192
23.382
59.244
32.873
-34.442
-44.95
-63.863
-54.786
-23.196
-8.0228
15.093
6.5213
-8.8352
-16.673
35.935
52
10.324
20.869
10.165
-22.606
-38.497
-46.453
6.8423
21.163
-40.669
-47.983
0.96162
23.031
27.455
-21.152
8.9323
27.702
36.442
10.027
24.787
19.037
-9.4808
22.094
19.573
-33.482
-30.324
3.1481
-7.5958
-30.565
-24.765
-10.772
17.609
17.667
21.473
37.191
10.207
31.093
13.168
-27.264
-12.537
-41.148
-48.663
-38.163
10.419
67.684
43.879
-26.485
-10.796
-28.863
-3.1476
10.634
-11.905
-19.517
-17.086
-10.329
-1.1129
25.86
33.706
13.237
8.2346
-49.825
-70.459
-11.803
0.45311
17.398
20.275
35.865
41.784
40.096
35.848
13.743
-1.5232
2.0817
19.26
2.9067
-6.7577
2.5799
-7.4821
-34.094
-7.2233
-24.14
-9.9262
-6.986
-17.726
-47.962
-26.215
1.9186
NaN
NaN
NaN
NaN
-41.658
0.29721
46.582
45.839
-5.8503
-14.922
-4.1187
8.0508
-15.981
7.609
1.1818
-18.674
-20.184
-18.506
-26.316
-5.2759
63.876
100.47
57.666
14.09
-59.397
-56.698
-27.67
-27.497
-6.2919
20.325
35.781
38.281
13.054
-20.515
-9.828
15.674
12.344
18.144
-29.463
-75.291
-31.086
-31.37
32.827
10.105
-11.342
25.629
26.498
39.792
14.618
-16.936
-65.17
-47.451
-29.225
-52.469
-5.7194
44.146
29.824
77.65
72.023
106.99
62.109
-55.802
-45.026
-25.789
-82.893
-36.564
-29.1
-21.021
-18.745
-11.635
-9.4754
-21.412
5.8695
24.576
31.594
30.503
21.366
39.215
31.408
11.177
-0.7678
17.001
29.502
-1.0988
-48.591
-36.894
9.8249
17.576
11.368
-6.3106
-3.8896
-15.992
-35.59
-10.219
6.9539
-3.1395
-47.088
-58.46
19.934
30.474
-3.5646
-10.284
-22.056
-25.361
12.141
29.642
-4.9776
NaN
NaN
NaN
NaN
-0.45193
76.538
29.73
14.886
26.634
4.1951
-9.8325
-21.108
8.6816
-5.5833
-15.227
-34.945
-36.509
-17.796
-4.3547
-12.583
13.106
31.465
11.355
30.7
22.793
0.088737
-28.384
-32.042
-4.5393
-3.6566
-31.58
-35.306
-11.022
16.352
-33.591
-20.192
-0.5781
17.17
30.278
-2.1004
-0.78517
27.738
-11.127
4.3174
14.569
-25.255
16.265
17.154
49.204
53.692
47.136
-17.162
-16.848
29.18
1.8385
-19.684
-25.031
-10.555
-42.858
-4.1022
-11.83
-22.529
-8.3519
2.8922
1.0865
7.3948
5.8362
-7.4064
-26.743
-32.16
-4.2528
21.363
-3.7704
1.2989
10.954
15.339
21.052
11.183
-1.2793
-26.141
18.394
32.25
14.747
0.18683
25.961
-13.381
-76.131
-49.443
-39.47
-11.271
15.934
12.834
17.821
33.859
47.482
44.322
45.544
21.843
