-22.549
23.325
6.8982
6.8521
10.943
17.32
10.166
-16.355
5.9701
12.405
24.629
22.689
13.945
14.239
34.281
26.771
-3.3096
-40.018
-29.67
4.743
-13.096
-43.236
-37.767
-11.404
14.082
-0.46417
-22.403
-26.87
-5.5984
9.4681
-4.2606
-15.268
17.439
24.293
11.452
14.039
17.358
10.566
15.356
30.854
38.086
5.6951
-23.607
-37.359
-10.206
-10.754
-22.49
-10.604
-11.65
26.548
31.445
6.9678
-25.362
-27.637
5.4672
15.52
9.7658
NaN
NaN
NaN
NaN
-4.8276
34.757
55.783
40.284
-14.049
5.6267
6.654
5.322
26.72
1.1421
-16.446
-17.287
27.6
22.712
-24.454
-23.373
-41.026
-35.174
-5.1316
-8.5711
-18.247
16.217
21.003
12.912
-10.882
NaN
NaN
NaN
NaN
-11.117
-1.397
13.139
3.9181
-24.063
-41.88
-16.063
-7.2556
-17.484
-24.673
7.9204
26.237
20.569
14.653
-5.118
14.284
39.264
38.484
1.6017
0.84996
1.2937
-7.3424
-14.071
19.802
-7.1374
-23.031
12.91
-12.601
-30.884
-14.793
-32.645
2.0099
24.938
9.0457
-5.9721
-2.8196
4.012
4.6661
4.9367
-4.442
-5.8945
5.7176
-26.088
-21.556
-24.409
-3.0134
29.05
26.646
-9.8224
-7.3854
-3.3068
-9.6667
1.5729
22.877
31.635
19.42
22.118
-2.9383
-11.231
-19.922
16.554
27.44
13.707
1.6953
15.459
9.7047
-15.236
-8.2403
18.092
-4.574
-32.116
-40.323
-7.8018
-3.3389
-15.617
-33.525
-17.178
-0.18993
10.945
-0.50793
-2.9145
-14.798
2.3231
10.684
-15.296
-15.295
23.475
41.722
9.7071
-20.465
-18.53
-10.357
-10.108
26.065
38.756
19.381
11.953
26.423
30.655
53.253
19.975
-8.7807
-26.029
-12.259
-3.8493
-16.171
-29.253
-17.124
-7.6812
10.968
-15.702
-26.995
4.5784
9.6263
-29.204
-68.183
-20.858
8.4552
25.582
1.2907
-0.28349
-26.59
-29.883
14.138
34.836
15.249
-5.9485
8.4282
11.745
48.653
60.421
-4.1888
-7.5253
-0.32318
6.8007
-19.214
-16.839
-5.8063
30.477
45.733
32.318
-12.386
-20.734
-3.4971
-16.292
-31.116
-29.604
-17.428
0.6327
-1.623
-11.85
-2.8258
0.49631
-7.6466
-17.097
-15.15
0.34573
22.279
23.647
10.116
3.2777
2.8544
-24.046
-12.07
-19.395
