-52.726
21.574
41.815
42.371
24.053
-1.9693
-7.7919
-24.53
-66.898
-73.975
-15.583
12.009
39.016
-13.646
-40.187
2.8884
19.994
11.142
4.2877
10.618
9.3328
20.467
6.0372
0.44053
5.6647
4.9068
-8.7435
-20.712
-2.7661
6.6292
2.0833
21.14
27.683
37.502
36.106
-2.4268
-8.9633
-7.4319
5.373
-3.2259
-9.6579
-22.311
-15.014
-5.8055
15.687
42.349
23.929
21.805
-19.777
-32.844
-15.04
17.463
0.54475
-14.2
-47.264
-46.393
-28.639
-12.638
-21.678
3.5628
22.626
9.0116
-13.685
-19.652
-3.7901
21.445
23.786
-11.215
-4.4234
-11.904
-0.96353
-2.9906
31.202
12.338
-12.263
22.272
37.236
39.479
18.43
7.7367
21.381
39.958
0.92475
-19.418
NaN
NaN
NaN
NaN
NaN
-19.819
-11.119
20.905
-8.8684
-49.325
-25.572
-30.596
-42.481
-9.427
32.791
-4.661
-23.566
-2.6464
15.177
5.9064
-4.0202
-28.289
13.394
29.776
36.572
25.329
28.713
6.1567
-25.092
-47.759
-18.183
-17.904
-12.874
-4.2569
4.3105
13.375
4.9749
1.5622
21.183
4.7882
5.3895
17.241
20.317
5.9201
4.7476
15.237
0.39504
-8.3382
-11.945
13.985
4.0309
7.3408
-18.626
-10.771
-0.90188
23.194
32.856
34.259
5.7536
-21.849
0.72108
-22.315
-44.206
-29.04
-24.766
-5.4146
27.767
3.0698
-20.169
-11.959
-2.2744
-26.139
-50.959
-39.161
-13.843
4.784
10.608
19.479
2.7929
0.017742
27.352
23.353
20.68
3.1757
44.422
17.074
42.511
27.335
-17.163
4.6131
11.527
-5.9893
-6.7048
-3.6542
18.12
21.339
6.1316
5.3695
22.09
1.7393
NaN
NaN
NaN
NaN
NaN
NaN
-24.353
-1.9717
9.4915
-21.182
-22.524
-15.809
-17.624
-18.296
-2.2869
33.952
18.398
5.7417
4.44
10.102
-7.2703
9.2584
-5.1229
-22.322
-25.381
0.62721
7.7589
25.023
24.093
14.073
-0.35049
-3.1034
-2.0514
26.343
33.597
15.019
-26.606
-33.974
13.213
45.188
22.116
26.757
26.013
41.416
-3.7887
-8.1577
0.79851
15.239
-1.605
-47.009
-56.594
-36.429
-33.338
-34.646
-17.284
-29.438
-0.059031
8.4614
-3.8399
-2.1092
8.7919
-30.744
-24.641
-0.49281
5.6415
-8.4045
NaN
NaN
NaN
NaN
NaN
NaN
18.861
14.01
27.896
33.912
23.41
13.551
11.878
13.991
15.574
18.567
-3.5861
-14.084
-26.958
-26.839
-21.082
27.607
-9.2397
20.717
NaN
NaN
