-0.0608
-11.145
-39.273
-12.525
14.794
-36.901
-20.822
13.103
24.535
-1.7091
31.442
32.553
78.049
69.582
23.423
9.8494
-13.011
50.523
10.59
-14.918
-7.36
-20.601
-20.023
-55.09
-37.163
-18.734
-10.278
-57.371
-65.227
-50.876
-11.596
30.918
45.613
33.711
15.234
21.828
17.309
2.712
-26.506
13.36
10.847
24.171
23.09
-9.7369
-3.7173
3.2146
-11.339
24.841
15.16
5.7729
-64.474
-45.802
-27.86
6.1994
44.035
33.64
16.324
43.608
37.214
23.774
-5.6805
-6.4364
-37.563
-20.135
25.145
-16.214
-39.176
-47.065
-22.081
25.086
41.69
3.1
-22.452
-69.102
-32.686
6.8618
16.398
-18.78
-43.508
0.10707
24.721
50.291
41.706
11.219
21.349
10.605
27.239
41.008
22.264
10.369
0.2997
-33.958
-42.479
-34.649
4.3872
-4.9923
10.192
-1.7905
19.886
16.072
-11.893
-9.7606
-5.6521
-29.115
-30.253
-33.675
7.1728
20.066
0.071167
-17.955
2.5392
-6.2949
2.8577
-3.354
1.396
3.1068
25.591
61.877
40.095
20.052
27.709
3.9989
-52.515
-44.549
-8.6117
36.808
-5.9809
-49.95
-33.724
-20.411
-14.528
13.355
31.953
24.207
13.856
-23.303
-1.7877
13.908
-11.732
-6.0914
-1.4945
30.946
5.0765
-25.812
-19.374
-16.739
-6.5432
7.4177
26.21
23.123
57.719
26.706
-25.284
-37.32
12.303
12.689
-14.706
18.361
9.986
-0.35105
-12.568
4.7605
-44.01
-22.62
-14.767
3.6173
-50.995
-34.61
-33.938
-47.68
20.931
44.58
49.986
50.818
71.105
55.996
-17.565
3.9494
41.384
6.7317
-80.899
-59.654
4.6753
-1.3023
-21.387
9.7082
-14.434
4.3951
25.054
-12.267
-42.188
-32.377
41.98
48.727
48.107
-13.186
-26.997
-17.003
-0.47616
3.267
-9.1967
-16.551
33.32
29.863
17.766
-17.738
-47.478
-34.88
8.664
8.8254
31.562
36.219
9.0137
-40.582
-30.082
-11.475
12.518
0.39901
-5.6854
11.539
-36.482
-20.006
10.024
8.4351
-8.8022
4.7653
25.26
71.938
36.432
-11.804
-9.7942
-11.246
-56.715
-15.07
9.4949
10.159
-5.0571
-7.5862
15.33
33.281
29.008
15.299
2.9102
1.9974
-13.756
-2.5598
-11.018
-39.115
-77.042
-27.19
27.557
44.664
7.5163
-27.098
9.6078
-5.664
-28.436
-51.358
-17.023
14.214
39.441
46.387
61.152
46.652
4.2023
-3.6812
2.3857
14.409
-37.455
-20.02
-29.869
-1.3173
-7.031
-0.46521
-39.378
-37.223
-17.986
26.407
55.983
19.037
-2.7354
10.351
24.435
-2.7671
5.2677
9.0335
13.314
8.6343
-17.292
4.9527
-12.6
-19.6
-25.451
-3.2125
-2.9196
8.0681
-15.744
-1.3877
10.441
-5.6006
-27.299
