84.738
9.4083
-78.634
-39.328
-0.49201
-50.971
-42.584
-3.5646
6.5615
31.578
43.255
19.748
-37.321
-10.475
4.5223
2.7784
35.871
7.0367
17.803
1.7445
-43.733
-72.197
-16.452
13.116
58.239
-18.944
-65.372
9.1481
34.751
6.6572
-31.916
-35.177
-22.681
7.4004
21.035
31.491
38.716
-9.2256
-11.333
47.945
-34.349
-30.285
-5.4314
41.029
-25.621
-26.969
9.022
-15.631
-4.7016
6.9169
36.449
7.915
33.92
57.557
52.472
61.447
24.617
-62.865
-91.853
-79.252
-87.774
-39.285
-54.058
-36.726
32.73
49.476
52.429
40.043
5.5952
20.49
-2.4339
41.417
6.2405
13.369
14.697
68.054
73.39
-40.539
-52.404
-19.637
6.1033
-4.481
-19.35
5.9152
-61.467
-75.087
5.2907
43.361
70.496
-22.035
-81.411
-14.805
13.065
59.802
32.949
-32.474
-37.696
-38.501
-8.1889
38.693
5.7616
-40.046
-27.807
-22.715
16.837
95.199
62.855
3.9708
-6.9087
22.791
8.7908
-0.71998
5.3211
-34.151
-33.605
-36.578
-16.698
-11.58
29.345
34.567
-24.812
-34.255
-6.3408
-27.538
-27.232
55.44
59.418
31.089
1.3279
24.658
21.924
-26.799
-39.478
-2.1474
15.857
1.7308
-19.726
21.282
17.346
44.441
-12.335
-29.736
-34.299
-11.553
-2.0059
-19.551
26.371
-9.1485
-13.613
-8.5844
9.3579
30.877
-27.615
-45.711
9.3267
-13.334
-46.759
-10.454
13.226
33.911
8.2345
-36.798
-78.436
21.826
100.18
40.468
-64.788
-8.0468
5.5307
8.2093
16.776
4.7054
36.311
68.648
41.646
19.877
36.472
-0.69892
23.336
-53.33
-43.427
13.204
11.709
-18.601
12.27
40.475
43.203
14.229
-43.964
-75.82
-37.25
-14.476
-36.746
-80.68
-58.259
-35.686
-44.889
-12.324
2.1648
20.859
63.801
75.067
82.283
27.673
18.763
-42.423
-9.7648
-24.262
-18.94
-50.809
-117.26
-11.793
21.884
36.203
55.985
79.665
1.9368
46.937
58.112
84.514
37.545
-3.7625
1.3729
35.788
58.037
-65.025
-72.961
-43.332
4.041
-23.994
-29.483
-24.909
-16.315
-19.141
-5.1082
9.9124
5.676
27.135
-15.991
-30.103
-25.01
-43.811
-21.843
19.686
36.503
-0.87003
-3.6794
-40.01
-79.551
-20.879
-18.279
28.21
30.933
9.7799
8.8338
-16.997
40.685
32.978
22.765
-24.492
-18.218
11.621
53.638
58.312
81.438
68.69
14.438
13.538
41.75
23.554
-23.879
-37.811
-28.56
-36.275
-5.0063
-10.024
33.319
-47.594
-57.298
-39.472
-13.036
-65.504
-48.722
-38.007
26.951
-14.243
-20.037
2.3759
32.094
-6.6945
-39.625
-36.142
39.533
-21.403
-41.971
9.3353
111.8
96.219
56.553
44.375
