-16.115
-28.41
-4.3667
-15.115
-41.483
-29.478
0.52253
8.8897
34.491
-21.231
49.321
23.254
10.724
7.745
21.146
6.4234
3.9786
30.034
41.59
16.283
-34.498
-4.3236
9.6925
-1.5009
46.741
21.588
-19.788
-50.049
-29.373
-9.9833
-43.798
-18.389
3.268
21.243
11.9
8.822
-16.77
5.5442
1.8515
0.28736
-8.4567
-26.757
-21.059
19.945
16.866
-11.673
-84.006
-54.36
-30.9
4.9177
20.694
59.85
92.439
84.58
32.019
29.797
42.321
16.407
-14.435
-48.129
-60.726
-29.723
-43.05
-22.967
34.34
65.76
29.634
37.481
26.121
-49.272
-75.734
-51.164
-9.4017
6.9331
19.567
0.91897
-2.1291
2.2796
-79.236
-30.91
3.9208
4.3503
10.064
10.214
-4.7038
-21.072
5.5685
21.8
29.053
-3.2921
9.62
84.958
68.966
-10.963
9.4906
14.629
-23.835
-59.486
-54.296
-50.291
0.51273
-7.9667
35.091
39.151
33.888
59.377
83.045
17.12
-47.216
-68.655
-21.051
-8.6579
0.78534
-17.173
-0.044773
5.0237
-14.624
-5.1885
-19.904
-10.307
-10.69
-59.855
-19.935
17.149
15.061
-38.511
-36.502
-15.167
-14.648
-10.708
3.2216
44.054
58.25
29.279
24.03
34.863
34.756
25.911
2.7177
34.016
70.447
47.068
11.22
-40.316
-16.354
9.8718
30.092
-5.7995
-51.013
-92.933
-55.795
-25.671
4.2542
-9.1157
-27.961
-18.893
-6.6518
-67.644
-51.615
-32.227
-15.431
51.072
32.14
56.586
41.833
31.739
25.473
-46.268
-55.132
-7.0726
22.2
61.08
32.413
82.34
36.343
34.238
42.112
22.715
-10.413
-55.23
-47.377
10.252
-15.652
-35.872
-32.725
-37.825
10.552
-22.794
-14.769
-38.316
-27.349
0.027956
9.2145
4.7389
3.4904
16.291
-0.11698
61.592
41.97
-26.591
-36.176
3.6392
5.9277
-28.206
-28.638
-0.71605
20.161
13.796
7.3445
10.549
5.3973
45.433
-7.7103
-5.6404
28.189
38.731
-4.5673
-1.0464
27.491
9.061
-41.206
-77.76
-39.164
-12.755
18.174
33.27
19.954
-0.9593
-0.80449
-22.962
10.37
5.9458
-9.7212
-50.414
-33.17
48.358
40.083
-10.3
-65.438
-56.002
0.20578
-9.5732
5.0186
58.753
109.7
101.96
14.966
9.6083
7.053
18.674
-13.966
-60.004
-53.938
-50.264
-13.804
