-133.34
-15.936
-13.554
-22.46
-41.157
-33.872
-8.5018
0.043175
30.307
10.287
81.173
62.894
12.042
-64.453
-71.959
4.6108
4.2106
76.554
41.421
70.579
52.4
89.872
115.01
97.626
124.85
87.808
-10.21
-118.07
-132.91
-68.465
-110.3
-119.57
-112.22
-11.156
-45.164
-71.809
-36.722
5.9493
34.588
24.791
-9.7707
-22.016
29.132
66.281
59.515
15.504
-78.719
-90.459
-35.652
54.467
27.804
15.519
57.235
67.026
82.212
51.405
62.066
47.094
15.038
-17.799
-7.6295
-10.034
-16.161
0.63756
17.203
44.504
29.973
41.096
-1.1021
-142.75
-137.74
-77.018
-15.08
-46.906
28.663
70.669
105.51
5.005
-185.36
-139.71
-91.394
-29.595
28.286
43.882
1.4947
-49.254
17.215
45.099
68.551
80.541
80.49
140.82
126.97
78.611
41.541
-73.474
-89.142
-73.762
-71.033
-59.709
-6.8127
33.894
53.972
131.35
7.6678
5.7463
-10.231
-56.791
-68.994
-80.669
-87.904
-24.902
4.0809
13.887
56.037
93.999
85.237
44.718
-55.41
-59.227
-49.75
-110.18
-70.67
-22.017
9.997
-29.22
-46.967
3.9455
16.648
34.545
-8.6255
-9.8564
55.909
73.1
59.27
53.882
-30.396
51.977
77.527
96.47
74.498
51.289
17.449
-72.604
-75.479
18.718
56.816
2.5189
-124.31
-85.661
-126.97
-41.333
3.4714
-55.939
-3.5768
-8.3717
-20.258
-45.164
5.7164
47.909
21.662
43.883
-11.247
46.314
-28.101
-16.475
-2.3916
37.87
-19.806
11.584
73.812
110.44
-27.549
-1.5215
4.7877
23.889
61.055
80.42
10.228
-103.72
-119.06
-51.556
-22.355
-50.054
-4.1867
-44.767
31.721
36.112
84.215
24.534
-7.5007
-53.586
28.323
56.84
45.617
-18.988
-33
42.433
59.654
-44.374
-91.719
-71.477
-7.3173
-12.625
-88.182
-82.683
27.298
27.609
31.494
23.268
57.984
107.6
24.947
-13.608
39.26
102.09
24.262
-42.002
27.312
-0.2819
-75.357
-156.77
-80.648
-40.334
27.321
48.499
3.9648
11.938
-29.625
-13.982
22.737
21.039
66.911
-9.8275
-9.3108
45.238
85.003
-24.403
-65.84
-85.307
-28.211
34.972
5.3864
16.705
68.059
115.64
78.193
10.305
-15.11
34.248
32.035
-78.618
-152.96
-70.101
34.911
