15.226
15.144
4.5665
56.205
62.818
41.007
15.457
-22.48
-48.602
-60.125
-31.616
28.446
-17.333
-59.852
-26.12
-17.934
-19.608
-9.0502
24.977
9.8041
-18.199
-9.8035
72.35
54.385
36.246
-60.529
-30.885
17.724
19.433
40.043
-4.1991
-19.14
0.7431
5.8387
28.611
18.039
5.6113
-24.284
-10.089
26.862
-11.784
-19.883
-51.743
-12.336
-13.611
-22.594
-9.9995
-3.9133
18.511
2.5759
6.3159
14.978
14.34
22.619
32.232
61.867
60.506
-21.615
-90.629
-48.526
-10.039
23.144
20.366
4.0255
-25.419
-24.784
31.737
26.11
-26.977
-36.273
-38.261
-17.673
-22.208
18.799
24.048
38.05
6.4321
-32.357
8.1255
9.6236
-5.0723
13.434
44.679
44.805
-32.509
-58.206
-12.063
22.96
35.887
-14.316
-51.95
-7.2316
32.554
42.675
16.636
-6.6194
38.377
11.029
3.6576
10.751
-19.232
-15.043
17.02
-19.762
-29.295
-1.8552
-43.035
-62.238
-1.3951
59.613
4.674
-28.531
-4.7018
-22.758
-28.115
2.5013
6.2888
1.9081
34.431
62.99
50.667
-42.539
-63.725
-19.571
-6.6133
40.689
26.22
19.935
-6.5067
-11.199
-2.0102
6.9803
-32.25
10.189
10.874
31.109
10.361
50.87
6.6307
2.0059
-49.476
-24.463
-10.5
11.166
16.154
-1.9181
26.63
-17.223
-20.582
-18.485
-0.1553
-23.262
-13.577
-18.454
-19.421
2.1247
-19.248
11.017
1.7105
5.6574
23.638
60.782
21.366
-21.276
22.511
2.2002
-56.66
-9.3302
29.924
32.342
11.328
-6.4655
-31.116
-18.468
-17.805
-14.807
2.4401
-5.4221
-34.824
-27.306
37.575
41.789
56.587
5.7982
5.5677
-11.214
14.717
19.735
-4.3302
-16.051
15.232
3.3284
-25.254
-24.371
-15.963
-31.777
-44.746
-34.527
-11.964
31.252
22.507
40.79
20.829
11.618
44.675
35.281
60.376
14.962
-25.686
-40.826
-43.901
3.5983
-20.425
-78.757
-12.762
-10.423
-28.983
-3.9797
24.304
42.706
50.761
21.11
-38.644
-41.522
-14.119
-39.534
-43.018
14.539
47.211
48.587
43.396
34.534
-18.415
-21.221
14.94
-22.118
-11.185
35.473
52.177
16.582
-29.441
-2.6866
31.234
23.797
-7.1905
2.864
-23.926
-38.13
-65.723
-27.926
8.3844
42.978
11.203
-33.907
9.5021
-22.787
-14.402
-14.776
-15.478
-36.298
-27.667
-1.8269
36.64
8.382
45.945
37.436
11.773
-13.282
10.422
42.592
34.948
-6.7236
-0.97599
-24.475
-13.06
-14.097
38.274
28.396
-26.501
-23.127
-12.958
-37.792
-14.692
31.921
54.822
-5.8809
-67.734
-54.599
25.448
8.3413
-20.625
-5.5893
35.282
15.507
-23.771
-7.5632
45.418
-7.7174
-7.4801
-26.797
