-16.656
19.756
-14.333
53.517
-34.797
-46.749
-36.912
16.739
-11.257
-8.3284
42.308
-18.288
-28.045
-57.784
-41.571
5.5163
29.335
44.461
57.271
-54.791
-54.699
-18.078
38.407
73.715
48.438
-25.99
23.683
0.077807
-4.5301
12.616
-53.465
-14.165
2.3922
19.949
1.7027
-4.8242
-4.0035
-14.973
-0.1976
11.904
-0.50014
21.911
27.481
15.427
34.774
10.61
-14.979
4.7611
2.4851
59.245
27.583
-25.407
-38.24
-60.611
26.061
NaN
NaN
NaN
NaN
-22.588
26.825
3.6279
-50.771
-46.88
-41.024
38.447
21.525
51.821
23.173
66.162
99.637
59.483
-23.896
11.142
43.185
29.731
5.0717
-27.388
4.3433
37.142
16.971
-3.1239
-37.133
-58.367
-52.598
-8.8259
-40.338
-17.519
-21.656
28.576
14.109
-29.961
3.3038
20.704
-13.082
-8.2918
-20.249
19.032
21.355
18.14
2.7703
5.9375
-35.276
-40.827
-36.006
-6.3337
7.5155
-36.472
-7.1642
-37.81
-22.251
73.17
30.382
-4.9409
-8.73
82.368
85.732
-4.9951
53.493
110.82
128.03
10.471
-52.797
-89.483
-15.095
-70.643
-54.631
-35.136
-11.235
-11.765
2.4513
-8.4484
-20.65
22.144
13.912
-12.073
-21.287
-70.747
-50.006
-57.953
-10.94
12.052
-26.676
-18.175
50.703
82.682
43.584
-2.2973
20.837
-67.361
-19.51
29.745
12.624
64.54
49.492
18.951
30.764
74.501
46.436
29.606
2.4209
22.061
0.35626
4.2383
-12.279
-34.14
-36.613
-77.948
-60.754
-19.094
-39.08
-39.484
-84.651
-80.408
-17.228
-0.11214
47.442
-4.8973
21.365
31.977
-17.649
18.766
48.651
53.672
40.542
13.871
17.013
4.8746
0.36061
-34.715
-2.5153
16.55
44.296
-38.497
-38.356
37.28
72.46
79.932
-30.105
-33.697
-17.048
18.078
12.213
-2.7484
-9.8563
-11.699
-19.637
24.818
-50.737
-68.887
-50.151
1.7665
-15.857
-3.8151
-19.932
-5.1309
-9.6729
-40.971
20.59
26.411
67.052
59.232
-60.689
-23.047
18.885
35.696
38.384
-30.725
-66.756
-18.512
28.823
49.984
38.238
24.63
6.3244
25.777
36.187
32.612
42.756
24.79
-41.149
-85.141
-29.469
-2.0569
-20.073
-28.604
-43.585
-2.7745
3.5035
49.899
-20.868
-52.785
-31.264
-9.0246
15.832
-10.086
20.24
56.34
28.472
28.912
-52.413
-25.983
-9.7787
9.465
-10.065
15.881
-12.796
-51.105
-19.088
12.538
31.902
-12.509
37.835
36.705
26.843
74.168
31.669
-16.261
32.935
30.111
-17.179
11.068
-60.233
-54.922
1.0207
7.7128
6.357
-29.776
-10.291
-70.831
-15.088
33.221
53.274
42.116
-25.888
-54.69
-49.224
-27.235
-36.773
-47.05
-79.318
8.072
51.567
72.658
15.429
87.491
40.437
-4.7406
-17.014
34.197
29.349
-17.806
-2.1737
51.864
42.233
-17.907
-28.974
-13.302
-26.129
-6.1176
0.86588
6.2436
