-55.989
42.347
-20.437
-46.823
-71.693
-64.33
-43.657
-6.3152
-10.454
29.585
65.886
83.68
7.5007
-36.352
-15.249
2.9188
7.0765
44.923
30.521
54.519
28.899
74.122
100.56
100.94
77.715
30.53
-53.24
-116.63
-97.527
-69.967
-81.147
-97.221
-65.331
11.412
-58.284
-76.285
17.123
42.242
71.588
7.8708
-44.485
-30.163
51.558
44.61
59.889
-26.335
-72.057
2.8075
10.614
26.813
27.463
10.048
7.4021
-12.706
20.408
17.416
31.804
12.972
19.371
44.633
50.13
-2.9513
11.999
-0.54014
21.243
50.612
73.014
72.709
-24.017
-155.31
-79.918
-54.425
-45.249
-29.123
1.2332
18.208
16.611
-75.434
-206.68
-103.81
-38.65
35.188
72.195
37.998
-28.413
-7.5155
45.975
58.412
86.512
97.063
95.314
73.312
58.195
66.843
33.937
-93.475
-76.248
-87.552
-63.831
-46.363
-16.283
36.729
70.092
124.07
45.72
18.91
-46.555
-72.977
-29.437
-109.89
-70.974
26.436
19.673
14.779
46.398
61.482
66.571
24.227
-55.129
-76.66
-42.123
-120.81
-56.892
13.835
28.331
-46.016
-16.224
-5.4771
-6.4203
24.885
11.64
10.803
40.902
33.489
31.086
51.41
-1.2378
26.525
87.968
84.032
58.178
84.867
29.868
-92.058
-86.619
6.955
47.172
-9.1066
-111.53
-26.129
-45.347
-38.368
-15.357
-43.585
17.649
45.801
1.008
-73.836
-32.996
31.038
-27.242
-13.088
-26.027
19.002
-38.168
-52.161
-27.932
42.317
6.2259
5.4608
46.853
83.519
69.133
24.115
39.152
54.564
93.607
78.01
-47.287
-87.445
-76.492
-50.581
-54.517
-59.972
-13.994
-33.008
57.821
61.655
105.61
24.182
-23.477
-73.818
34.828
48.539
-6.3788
-91.519
23.013
82.404
44.75
-84.779
-115.66
-48.376
2.6684
-61.472
-120.16
-48.344
57.532
49.967
24.201
39.542
85.011
95.294
-35.828
-23.651
85.561
82.403
-3.5931
-50.515
45.283
17.109
-50.491
-144.81
-34.111
7.0525
42.36
16.925
-57.67
21.02
-13.886
24.884
57.054
46.308
54.712
-27.732
-39.402
31.244
57.184
-58.47
-119.75
-123.36
-37.828
40.049
20.906
30.888
56.391
67.622
29.706
-2.0062
59.544
66.504
36.797
-87.931
-119.41
-31.765
68.859
