18.728
11.966
-1.4592
45.587
17.565
-29.297
3.054
18.195
41.127
-26.871
-31.898
-7.2729
-14.016
-28.875
-36.429
20.799
66.434
61.554
-25.191
-31.865
-41.206
-47.561
-18.236
36.484
13.223
-12.963
-55.447
-10.369
8.342
86.915
-33.31
-21.599
11.164
-31.201
1.7363
19.664
15.658
-13.757
13.581
29.48
17.952
20.349
-27.652
-21.542
9.4763
-2.6364
-3.6999
-4.4837
-34.653
-27.451
-9.1424
-11.624
2.1378
54.327
35.44
51.126
76.652
29.03
-55.043
-20.848
-18.29
-85.357
-52.702
10.91
38.572
35.725
2.0014
28.853
1.846
-42.008
-21.757
2.113
8.0144
-24.196
-7.7978
23.256
30.452
38.029
-40.862
-55.36
-20.213
22.444
35.324
30.218
-3.9443
-37.349
-12.81
1.7783
65.462
-3.8465
-2.2562
-17.266
-17.566
81.697
14.556
-48.709
-77.033
-58.517
-18.377
34.819
-7.9341
-32.859
-39.744
-46.201
24.082
121.47
130.59
45.855
-27.615
9.1079
1.3029
36.576
-1.1371
-49.991
-23.3
11.632
31.344
-3.3667
-13.284
-55.058
-45.077
-42.386
-29.933
-52.353
-59.717
30.919
55.561
49.777
15.704
57.106
72.908
-15.78
-65.115
-29.402
-21.016
-12.516
12.401
48.917
40.256
3.1835
0.95093
17.507
-16.661
-1.0005
-36.678
-22.415
6.045
16.095
0.34102
-38.25
-40.046
4.5115
-22.458
-14.369
47.193
49.11
33.253
-34.695
-30.191
31.879
18.083
-20.833
-39.654
20.959
63.877
21.191
-42.538
-26.551
32.886
14.764
48.825
19.17
-44.35
-49.924
-53.302
-14.162
-14.05
4.4048
-1.4463
-34.391
13.419
17.528
26.843
42.376
4.5631
24.03
12.346
23.134
-3.621
21.712
-8.9478
-18.81
31.722
8.1762
35.794
-74.091
-84.051
-59.546
-30.482
13.705
1.9261
17.124
32.048
72.528
68.796
-36.385
-41.222
-28.649
-38.051
-56.96
-70.471
-7.7767
-13.498
-20.274
30.301
79.469
67.642
43.638
59.491
71.29
29.184
18.053
5.9035
48.219
39.486
-36.845
-98.125
-60.606
-24.376
-46.118
-24.731
4.9086
12.029
5.6794
15.262
28.045
0.6312
-4.1983
-43.038
-52.88
-17.091
-21.988
-25.479
5.9934
31.803
-2.9437
-11.919
36.104
-85.055
-24.074
-19.605
22.738
53.231
39.709
-46.154
-10.845
27.382
81.551
85.494
48.728
-10.226
21.509
21.665
40.557
-22.107
10.977
30.463
22.331
-54.081
-70.345
-52.213
-35.971
-21.825
-9.3613
10.24
23.335
35.059
-42.849
-38.347
-21.356
-19.06
-28.153
-43.885
19.538
46.917
45.958
-50.131
-51.547
24.72
34.278
27.761
-8.0163
8.5502
9.7231
-38.487
-11.922
42.939
40.211
5.2186
-20.889
