-158.57
-25.326
7.424
42.733
17.173
23.198
-15.983
-8.7547
-21.398
9.0583
48.234
92.826
60.055
9.8085
12.669
27.449
48.175
136.2
127.35
-38.708
-107.18
-94.624
-89.992
-50.555
-105.54
-106.46
-53.681
-46.134
-24.795
-9.7071
-0.30821
-33.055
-11.748
3.9327
8.3247
18.647
39.613
44.919
65.695
94.952
67.999
58.633
34.598
-26.768
-25.02
14.419
9.2522
11.531
-9.7222
9.6143
46.561
50.086
-2.8031
-28.192
-25.933
NaN
NaN
NaN
NaN
-36.698
-43.154
-27.274
-5.4117
-22.947
-67.131
-56.097
4.0792
12.299
37.594
24.556
5.6134
3.974
37.492
52.933
88.312
52.133
-20.363
-61.822
-9.5573
40.061
9.7327
-24.448
-40.516
-47.132
-15.943
-2.4768
22.946
-26.145
-53.301
-31.472
38.152
5.6941
35.186
41.41
64.725
53.713
-2.7181
10.661
15.255
5.9284
37.889
7.2345
-45.239
-69.68
-31.343
28.461
-25.503
-28.941
-65.52
-32.829
-17.663
-13.403
-8.7004
-27.795
16.377
53.251
17.217
1.7528
52.037
74.185
123.03
16.01
-25.177
-43.596
-32.457
-71.574
-24.45
-28.822
-5.4052
-2.804
14.085
-36.1
-16.98
-29.182
-11.511
35.718
67.52
48.206
25.516
14.326
9.9462
-11.288
-81.915
-40.73
0.56565
17.374
62.099
15.231
13.909
-40.867
-12.661
13.335
-3.9854
-5.1761
-22.466
2.3976
-22.984
-5.1917
42.298
24.349
-28.815
11.736
22.031
46.906
32.787
-50.535
5.7436
52.349
51.147
12.61
1.0502
-25.975
-74.389
-94.182
-111
-86.82
-6.2719
28.317
51.288
14.764
-16.587
9.3001
-9.0824
-19.404
-2.2749
50.574
58.011
-6.5304
19.553
28.679
76.88
43.077
-16.117
-7.9943
20.072
-27.696
11.006
29.614
11.751
2.4154
7.9316
17.766
14.998
17.035
-18.055
-37.941
-39.497
-18.214
-25.146
-74.202
-55.26
-47.25
-15.942
3.9938
-5.4595
-13.466
-26.251
39.195
67.43
56.459
63.785
-29.261
-46.611
-55.149
-20.028
0.040278
-1.0799
0.6608
-5.2197
-8.1678
31.909
62.397
91.708
42.061
-34.246
-57.098
-23.57
35.956
61.045
98.817
47.132
-14.023
-8.2965
-5.6341
-1.2445
-38.173
-71.053
-59.882
-5.7218
-17.174
-42.359
-57.268
-34.665
13.128
33.71
-20.191
-20.407
-3.5156
46.964
41.832
8.624
-13.009
-15.908
-1.1918
-6.7164
12.933
-21.324
-25.597
-7.7411
23.059
51.184
-15.863
3.2291
41.802
95.773
21.773
-38.194
-33.02
-59.856
4.5709
31.245
-19.774
-7.6317
40.875
49.877
-4.6595
-6.7873
-63.397
-29.042
-18.543
-5.2236
6.5475
57.671
100.77
72.451
-6.3311
-36.543
-59.717
-42.35
-50.805
-43.08
-29.227
-69.176
-9.5438
8.2585
32.289
38.789
10.178
17.153
2.3391
-23.43
19.612
25.497
25.938
30.899
9.3062
2.7379
-7.8465
-30.873
-7.2172
-22.161
57.549
