3.2575
86.463
17.044
-56.365
-73.122
-14.402
13.546
-1.9579
24.323
18.258
-13.411
-30.912
9.4006
-6.3564
37.966
-35.935
-24.983
7.6742
9.4353
-23.788
18.102
33.145
34.359
8.781
9.7855
-27.513
-26.829
-85.545
-31.329
48.206
-20.439
-4.8476
-19.804
84.935
-9.6242
-7.2866
5.7844
34.153
22.235
14.215
0.25358
-74.776
20.512
46.294
50.71
38.282
-38.556
-47.425
-45.86
-49.429
27.39
16.396
36.231
18.075
-14.622
-30.545
-4.8514
-26.532
-12.141
20.726
6.557
3.2935
-16.222
-21.755
18.123
78.571
-0.78742
-6.2338
10.22
-26.09
-38.826
11.564
31.746
44.388
6.1432
-36.224
-48.091
-23.254
-24.648
-48.905
-46.306
-38.418
-2.2859
116.12
86.682
54.296
55.725
-23.138
19.116
-3.7798
-28.016
4.4614
5.2676
-1.7463
-3.3515
-47.818
-74.137
-20.437
-15.958
-31.819
-58.101
-40.672
4.2441
31.095
117.89
156.2
51.319
-35.531
-43.585
29.085
39.326
-33.979
-52.764
-43.694
-15.957
7.2616
-42.882
-33.885
-0.40287
1.4504
46.504
-5.6038
-7.8308
1.1541
-18.287
32.722
13.521
-25.36
-42.928
-45.253
-41.586
52.938
55.142
53.482
33.288
41.518
63.258
-13.847
-51.736
-31.647
-8.6073
-1.1381
24.958
35.351
-40.616
-61.247
-23.475
29.819
69.305
30.712
-9.6032
-29.71
-73.637
-67.451
-7.3826
57.545
1.0708
-34.043
-16.537
3.3708
-43.862
51.988
8.0149
-15.744
14.402
33.505
65.839
-26.679
-22.957
-17.582
-17.352
12.479
37.001
39.846
22.397
-4.9157
20.604
21.948
5.7814
26.584
-30.383
-36.248
-42.888
-45.92
-47.271
54.532
41.932
-0.87711
0.02278
-1.3492
-59.849
-30.126
1.4149
39.421
-35.05
-21.529
-15.648
38.165
99.305
-39.484
-60.935
2.9556
44.185
-7.4072
30.185
21.963
44.599
-60.643
15.864
-7.5503
-42.048
1.2578
0.39364
5.4255
44.466
-51.068
-41.732
51.062
58.433
-60.346
-28.848
28.202
-18.783
-21.604
12.05
83.492
38.83
-51.298
-28.115
74.641
28.169
-1.9078
38.401
-51.231
-57.936
-11.133
9.1281
-37.015
-62.589
-15.828
15.68
-52.162
-72.577
-5.8554
41.501
36.679
3.5491
53.469
99.504
58.502
-19.413
-13.899
-11.929
-10.54
-22.985
