-30.186
-7.8147
-28.004
-58.801
-42.178
-21.35
-36.57
-40.385
1.2835
21.393
97.443
81.864
28.304
4.4152
-2.6431
21.754
-4.1035
23.13
29.921
12.891
17.272
54.311
91.564
69.007
65.574
51.382
-56.791
-109.61
-81.988
-65.886
-92.413
-68.259
-51.889
-11.662
-18.013
-39.563
-4.2469
30.659
60.194
8.9049
-17.088
-13.927
39.338
78.921
42.748
-19.836
-67.772
-48.402
-10.124
28.429
6.627
15.257
24.516
22.145
9.0675
22.563
36.928
24.505
-13.836
2.3513
31.609
28.578
-31.03
-28.515
20.234
68.684
65.705
59.113
9.2953
-108.75
-108.74
-61.039
-21.061
-41.155
26.548
47.998
23.371
-58.587
-154.67
-45.669
-22.642
15.461
10.275
4.4015
-22.009
-22.944
26.141
34.714
65.731
56.638
53.07
100.56
83.846
57.334
24.977
-51.572
-60.751
-54.985
-60.935
-69.735
-8.6463
25.05
69.567
91.161
36.373
50.86
5.6033
-60.379
-52.114
-54.957
-65.108
-32.156
-23.674
23.464
31.631
32.375
15.938
-2.8504
-43.159
-45.316
-8.9721
-79.855
-33.452
37.367
41.939
-22.867
-44.57
-14.888
1.091
-0.083351
0.49307
12.62
56.402
68.184
2.8938
11.635
30.253
63.592
63.402
35.602
53.576
84.504
32.296
-64.721
-72.575
27.07
62.825
-4.2853
-109.09
-79.587
-65.266
-60.316
-30.44
-75.193
-1.8989
-20.101
-7.2115
-67.896
-26.669
11.928
-16.902
39.713
26.589
74.512
33.055
11.442
-8.3282
21.853
8.6864
-16.642
45.49
70.329
41.676
35.285
43.547
73.064
99.729
71.286
-62.953
-132.55
-103.93
-47.306
-62.667
-93.342
-54.784
-31.191
40.189
32.251
59.996
3.3364
-6.4298
-19.638
21.697
34.149
-7.546
-42.498
15.458
101.33
89.808
-49.433
-79.444
-23.394
2.1502
-36.418
-92.299
-34.527
35.9
28.666
41.841
71.314
33.544
52.508
-8.9316
-34.317
32.749
77.71
-13.484
-47.244
-5.3459
-4.5819
-38.25
-107.23
-40.841
15.562
64.345
18.075
-52.236
-3.1004
-9.1045
-15.344
-3.4777
40.728
32.397
-30.259
-14.897
69.182
86.583
-12.9
-92.787
-85.424
-41.546
-6.0335
26.585
75.818
84.965
115.31
47.473
-3.8125
-13.221
36.837
14.959
-90.859
-124.82
-41.491
11.876
