5.6054
-13.175
-3.45
-1.8199
-22.004
9.3902
27.812
11.268
6.2684
14.104
1.0808
12.403
57.949
37.858
15.991
-12.883
-28.689
1.6572
-26.169
-18.385
-2.5556
4.0053
15.528
-10.142
3.3909
-17.816
-2.0695
4.0912
11.689
-22.174
-23.2
-25.51
0.12476
-14.874
-15.307
5.6926
0.33381
-12.649
34.495
-0.80741
-12.867
12.015
35.138
16.866
34.312
-2.3906
-36.564
-8.9366
-12.35
3.126
8.4752
37.031
32.923
23.008
-0.59494
-11.664
-3.7527
-3.2159
-7.0963
6.8059
-19.032
-58.981
-47.148
-44.119
-3.9056
-13.077
-18.557
9.9107
20.852
15.822
24.246
21.517
2.0377
1.6356
45.508
19.76
21.893
-13.361
20.452
0.34941
-3.3973
35.404
43.607
44.634
7.6514
-54.582
-13.973
-33.543
-20.31
-39.802
-40.08
-36.246
-14.965
-2.3656
28.805
-0.29517
-10.296
-21.037
-24.302
-0.29192
-5.8439
18.42
26.514
6.5562
-4.599
-16.944
3.3598
30.442
32.168
39.588
24.074
-3.1155
-0.20404
-8.4269
-36.887
-7.7012
18.195
5.0869
28.599
17.373
9.8617
22.78
-21.035
-7.7064
5.6968
-32.498
-3.1959
-23.684
-5.2498
-5.488
-23.047
-0.55106
1.4231
26.679
1.3852
0.0094873
-20.397
-24.77
-25.03
6.7203
12.571
-25.066
10.111
16.138
-6.3063
-5.8153
6.3802
-10.089
-12.836
-8.3064
6.2832
41.389
31.66
42.703
24.435
16.609
-12.158
1.65
-13.437
-24.72
-23.433
9.8668
-13.317
-11.821
-20.548
4.4098
24.331
16.129
-1.1442
-29.835
-18.061
14.24
15.852
25.187
3.5581
-4.4231
-15.345
-20.332
-16.244
0.11156
-3.2868
-25
-0.41761
6.1266
18.182
15.727
23.132
21.403
9.4943
9.657
-6.4414
-18.631
-29.691
-2.7943
-17.281
3.0167
12.786
-19.837
-5.7356
5.6744
10.56
11.742
18.054
15.547
3.182
-29.215
-56.414
-21.579
23.538
15.153
25.575
20.119
-8.8831
-29.664
-2.7135
24.39
13.457
18.846
17.392
-8.5693
-2.4332
-19.328
4.977
30.238
19.533
-11.46
-16.979
-14.799
16.029
-12.191
-30.839
-13.263
-18.427
-6.759
-13.423
16.956
-5.4517
35.791
1.6943
11.812
-2.6699
-1.9116
15.365
11.891
-4.9304
-4.904
7.4553
10.253
-28.989
-10.079
-3.8767
-25.392
-13.039
-9.1807
-9.2706
-18.559
-4.2566
-0.97477
38.76
-4.6379
19.958
13.244
19.555
17.806
-8.8869
20.343
5.2431
21.857
-2.7175
-8.9107
-2.8419
-6.0192
16.452
17.257
-2.1222
-2.5968
1.4556
18.931
0.46126
-25.991
-30.067
4.8004
-10.484
0.93048
-2.5653
-30.351
-32.898
-43.618
0.4707
-6.9855
-8.4238
-24.974
16.621
5.7135
20.183
41.648
21.471
1.998
-39.027
-35.815
14.579
19.458
9.9339
25.033
61.292
31.752
29.508
0.81822
2.7207
-8.536
-10.792
-11.15
16.053
-12.241
-9.3657
-7.5084
-19.208
-17.985
-27.818
-19.434
-9.8852
-14.896
4.41
12.001
0.6973
2.6201
43.841
37.263
7.8501
-30.758
-7.0025
-24.363
-5.3493
-8.9737
-26.093
-20.498
-9.8224
24.736
