19.754
9.2894
45.319
-4.007
-13.41
-5.0493
37.471
-17.729
0.21699
43.473
30.315
2.5434
-17.232
29.516
57.013
6.6318
-33.426
12.69
5.0167
-48.982
-59.926
-32.82
-35.817
-18.424
10.55
-5.7123
-22.484
-22.989
-44.134
-1.6132
-8.537
-13.37
-12.026
15.741
24.806
47.43
72.711
34.138
-29.756
-3.4353
23.191
27.379
-14.685
21.581
25.604
-22.617
-45.616
-34.565
37.476
23.514
-16.142
-26.391
25.144
43.144
18.509
13.789
-22.517
-35.917
-29.092
-24.832
-33.708
-17.127
46.86
24.484
-24.322
-26.349
-23.34
15.578
13.02
8.3955
37.933
59.606
10.458
-11.113
-20.297
17.424
-4.8973
-23.375
-15.644
-13.851
-9.7847
-19.968
-10.816
18.194
-26.712
-25.323
-18.632
-27.342
-3.8983
30.44
3.9827
-48.013
-49.695
45.442
86.393
83.112
58.996
29.129
40.267
31.694
-18.938
-41.603
-15.646
-20.741
-27.351
-49.11
-39.069
-35.72
5.9174
44.387
19.819
1.62
1.2324
10.577
28.174
-18.854
-22.539
-19.643
6.3356
-22.194
-19.181
6.3543
2.755
4.1991
-5.4006
3.7792
-22.443
-28.692
11.002
-5.0631
-19.86
32.781
39.81
-43.134
-58.845
-9.0522
9.8739
4.8962
26.32
71.561
58.949
20.21
3.6116
22.069
33.923
39.969
37.877
-0.97002
-24.366
-3.2085
-5.7654
-5.853
-19.619
-28.919
-46.016
-55.07
-20.278
-10.068
-20.814
-25.656
-27.671
1.5917
8.7381
-2.4427
2.4665
-5.7011
-13.885
7.8483
10.956
-27.499
-52.726
-36.573
-24.61
-16.996
23.363
48.648
93.634
107.44
109.7
57.846
1.94
-15.898
5.8947
-44.148
-23.841
8.2995
-1.4553
37.235
10.719
-44.242
-45.496
-23.436
1.3451
4.3822
47.068
16.416
-21.346
-23.107
-28.552
-60.579
-91.025
-54.764
-16.709
4.7687
-43.028
-2.8843
-32.587
-3.0124
2.106
26.8
40.416
22.056
36.637
36.94
31.422
39.723
43.021
61.057
44.366
-9.806
-32.871
-11.695
51.434
75.86
41.144
-17.601
-48.356
-38.588
-37.827
-13.844
-28.701
-50.977
-29.687
-27.26
-1.088
-3.7208
4.5352
2.0656
-29.037
-29.881
-27.528
25.096
51.512
23.55
-1.408
-30.203
-7.3779
5.0688
1.3998
-9.2191
-43.6
-15.305
28.394
18.881
19.786
