-35.472
15.664
19.259
-13.76
13.264
4.6017
12.48
5.9878
51.698
44.818
14.691
-24.44
-8.9501
24.107
27.287
-19.769
-34.394
12.461
16.938
-15.05
-53.045
-54.356
14.533
-35.376
-1.4324
0.60669
10.122
24.237
5.1198
17.16
-14.088
2.7754
8.7602
-16.104
-14.573
31.117
4.679
-29.621
-9.4244
-1.1509
23.856
13.037
20.779
13.272
-11.018
-24.297
-31.23
25.338
-15.513
-47.935
-48.792
-59.955
-16.089
15.406
45.379
62.404
22.814
42.422
69.221
-13.302
-14.012
-19.034
8.9813
22.842
28.374
-24.736
-11.558
-21.03
-15.27
25.269
33.791
28.298
-3.6968
-1.7221
-11.165
-5.9615
-36.879
-42.491
-26.081
-3.637
27.352
12.946
-36.002
-22.142
0.69899
-7.7625
3.4872
-8.6313
-5.1987
12.958
-15.758
-7.9663
28.415
-0.32634
51.24
7.6808
11.484
3.4404
14.434
5.6189
-18.682
-64.002
-28.69
8.0381
6.3121
-6.0304
16.464
17.711
-10.94
22.675
53.276
44.499
37.22
-43.876
-61.638
-26.868
16.833
-16.453
-44.306
-8.376
-19.29
16.961
28.405
49.371
38.141
35.997
34.475
9.7403
-18.232
-13.413
-24.826
-61.019
-32.068
28.493
14.254
6.0809
19.393
-9.7344
-51.187
-1.2454
-22.443
-36.739
-39.594
-5.9648
6.8404
40.158
1.9298
-33.328
18.576
17.635
3.3241
13.662
26.69
14.786
3.4415
18.157
1.8104
3.9002
-31.645
-27.083
4.8776
0.42848
-23.977
-25.193
55.578
57.817
47.767
8.6521
-26.817
4.315
3.3172
-13.138
-15.409
63.728
42.986
1.5449
-37.847
-53.546
-34.917
58.296
30.785
-9.7596
-45.205
-54.2
-39.458
-15.543
-17.181
25.56
12.058
-55.279
-43.516
-1.8409
12.925
-13.863
-17.746
40.775
25.93
11.523
-2.2441
36.614
-9.1405
-48.963
-28.109
-6.3869
12.923
10.071
63.593
64.63
61.436
51.533
4.418
-4.2026
19.676
9.93
2.1202
-17.989
-11.249
-22.277
-32.557
-32.362
31.32
27.304
-15.658
-38.715
-39.906
-11.088
-4.2284
17.518
17.03
-19.819
-11.925
-24.635
-33.285
-39.844
1.323
-15.076
-24.746
-7.4268
14.168
-8.752
-18.718
22.003
23.358
-27.472
24.133
24.417
97.627
87.126
-16.989
-58.456
-0.4892
5.0734
11.465
-5.3035
-30.622
14.954
41.28
23.617
-10.672
-19.973
-1.5982
-25.392
-39.811
0.36637
46.864
53.137
21.282
-0.11214
-29.145
17.533
0.99542
18.584
12.407
11.626
-18.458
-18.085
-37.053
-83.21
-65.155
-24.315
22.459
9.1199
7.2469
2.1087
-9.5758
-15.983
-26.097
6.0769
-21.027
-42.349
-26.011
4.8823
4.1063
68.866
51.898
29.516
-16.176
-21.174
29.472
58.961
60.217
42.154
0.11495
1.7391
10.246
43.817
59.725
16.249
-37.679
5.4409
-41.846
-62.998
2.2171
15.02
-41.338
-76.201
4.6972
10.595
-39.885
-21.93
-20.95
2.5125
-29.294
-27.275
2.0774
31.641
21.15
0.99301
-10.27
17.96
-31.977
-39.745
-28.49
45.944
38.414
43.377
