-29.975
5.2362
14.976
14.587
11.168
6.0351
-14.867
-15.935
-23.416
2.204
-37.433
-4.8173
-7.6181
-9.8547
3.3243
36.064
24.976
-18.004
6.7398
31.755
-10.669
15.286
12.847
-0.88759
31.992
16.439
-21.56
7.4185
24.161
17.838
9.2705
-35.834
36.894
24.265
-26.171
-20.005
-32.83
-21.141
-44.773
-31.049
47.089
-36.648
-26.384
-18.843
-0.75103
31.108
22.95
34.093
-18.728
13.818
0.49755
-10.894
-0.80969
16.568
-48.555
-9.6403
30.712
30.033
26.974
53.774
-0.8666
-24.705
-32.868
-9.7465
27.886
3.8836
-13.041
-18.854
8.0713
-8.6926
-7.9486
-37.551
28.665
-0.66454
-28.792
-25.879
24.035
-10.645
17.908
-1.6476
54.51
29.94
3.5072
21.035
-18.751
-19.107
3.8509
0.90327
-0.084848
-32.466
-12.252
43.642
-16.439
-30.176
-35.066
3.533
-29.206
-0.63133
-16.718
15.337
28.998
-11.35
15.998
4.3517
7.1799
-9.3454
18.501
49.16
-5.1451
30.038
-22.761
-13.237
-6.6
-6.9969
3.4299
9.1642
-14.763
8.5389
15.591
-3.1454
7.2865
5.7406
32.839
-14.329
-11.615
-43.284
26.278
-33.444
-50.037
-0.56473
-18.711
-1.3855
-8.6127
11.731
14.491
4.4205
18.197
32.688
-22.783
5.5037
22.38
26.395
28.44
24.474
-3.3093
-27.346
-28.207
32.82
2.9355
1.9046
-22.13
-82.328
-74.579
-9.3955
-6.6356
38.747
-1.3549
53.181
28.309
20.858
9.7084
-1.0002
18.713
6.79
-5.2871
-12.665
23.822
-2.2134
18.349
-7.9744
15.738
-8.0327
-31.42
1.4404
-19.707
-15.119
-36.773
6.5823
-6.0399
-9.0163
30.486
-1.9821
5.2367
22.142
1.2683
-52.125
4.5005
-18.048
-0.93427
-3.7774
-4.405
47.01
-9.9523
9.872
10.362
4.3494
-9.9452
-18.227
9.7347
31.777
27.884
-19.938
-1.1316
9.7708
5.0409
-4.2871
20.482
27.915
-4.5922
-17.888
-2.3898
-19.457
1.0091
-13.15
6.8675
-20.406
-11.325
11.356
-30.779
7.8094
1.5784
-17.959
1.4713
18.78
-22.247
2.4416
-19.679
-19.046
-6.4895
17.728
-11.187
29.153
20.411
-16.986
8.3586
22.747
-9.3661
-21.511
15.419
38.995
16.986
-5.4586
32.021
16.671
-9.8843
-30.984
10.762
17.94
20.735
9.7022
-28.54
-10.719
-37.9
-13.296
-10.761
