-8.649
-12.651
2.943
13.296
19.651
4.9036
-5.1351
-23.71
-16.355
26.414
5.4935
-33.812
-13.597
18.879
24.867
36.854
51.6
17.828
-40.702
-51.488
-28.538
-41.265
-10.212
-41.897
-13.81
-44.73
11.811
68.225
28.749
-1.7463
-8.8053
-24.508
11.158
-0.88425
4.2462
-4.3608
1.0812
9.9016
3.8855
32.781
18.574
-9.362
13.108
4.8848
-0.67354
18.778
25.781
16.882
19.11
20.549
18.558
-26.648
-36.589
-38.931
-41.634
-41.02
6.9888
-4.0297
27.54
24.583
14.906
-13.146
-46.557
-10.971
-32.633
-20.824
36.012
41.655
-12.418
-18.657
3.9072
23.411
25.291
8.4332
-10.294
6.9899
35.555
1.9756
-20.444
-27.797
-20.972
-3.8294
12.977
18.079
25.297
34.588
-18.411
-20.505
-45.544
-18.658
-21.233
11.663
-7.9135
-31.189
1.9876
33.048
80.652
27.014
33.962
31.381
-14.15
-50.491
9.9229
46.784
0.3713
-50.438
-22.776
10.526
-17.451
-78.304
-63.023
-26.787
12.523
-0.5351
29.057
22.095
34.222
25.232
5.6924
11.588
40.72
10.639
-3.5575
17.837
-19.033
14.477
-1.8116
-5.2645
-28.188
-20.791
-28.188
-69.832
-19.335
74.906
54.233
7.7497
-46.805
-50.706
-17.828
27.607
7.2244
25.264
11.344
26.439
36.128
27.987
-21.202
-29.522
0.020582
-9.6457
-41.873
-6.3921
22.305
32.128
11.882
19.469
23.318
19.907
48.952
-32.289
-47.299
-44.144
-11.344
10.449
-19.189
-52.305
-30.383
-2.8743
10.859
1.7841
17.05
50.479
-5.2371
-60.239
-49.953
17.396
22.429
-21.24
30.625
39.356
14.436
29.961
7.2914
22.153
26.913
43.188
25.229
2.3059
-49.515
-18.773
4.3509
-32.581
-25.902
-20.588
-26.549
-36.635
23.612
48.428
-21.989
-7.9134
43.317
6.8048
-23.236
-44.163
-0.71106
-3.51
-3.2209
27.624
36.403
-36.95
-11.692
35.329
36.435
16.456
6.8551
27.847
12.049
-11.488
-39.171
-55.366
-30.424
2.5205
16.695
-31.013
-38.448
-9.396
-9.7512
11.466
-1.6093
-2.2059
30.887
23.915
28.509
9.8346
4.4392
-48.077
1.7253
27.299
70.005
57.541
16.365
11.667
-5.1036
-5.6125
-20.02
-8.8946
16.311
-2.5523
-34.168
-65.982
-7.8322
-1.6899
-44.299
-20.348
-7.2264
-18.279
4.1695
-34.238
23.685
23.819
37.582
8.2573
-16.807
7.2438
37.564
-21.323
4.2745
27.812
34.581
-33.725
-28.238
5.1284
41.845
6.8889
-39.845
-52.217
-12.698
47.432
-9.4197
1.3103
-12.247
44.052
52.792
20.513
-18.137
-56.348
5.3896
-21.405
-3.5996
24.404
37.01
25.502
27.67
-17.53
-9.3957
-17.012
12.516
-3.8095
-16.565
-54.911
-6.8415
7.9008
-26.56
-25.052
-14.83
14.607
-21.348
-28.053
20.344
30.444
-25.625
-16.842
52.271
71.582
27.213
-27.155
-35.97
-29.028
13.444
40.689
-9.6229
6.8466
10.906
-21.104
-0.83073
27.85
