-10.646
-15.949
-14.099
-18.415
8.8804
13.128
-15.113
-11.52
14.342
26.446
-2.2004
-6.7101
-13.523
21.559
30.38
24.202
1.4101
20.038
1.8257
-8.8641
-17.15
-18.385
-12.122
-12.751
-8.8205
-17.891
-30.46
-22.276
-0.5074
18.87
42.661
34.981
14.846
-4.8708
-9.1699
0.146
14.715
-1.6676
15.429
32.412
-1.0393
-9.4041
-3.7357
-0.96943
-24.025
-40.839
-26.206
-14.652
11.643
-25.623
-15.91
-18.303
6.7106
-19.607
-2.4453
-2.3333
9.5155
24.967
29.763
22.629
6.5419
14.738
-4.429
-8.9013
20.078
-10.546
-7.9568
-32.495
-6.7072
21.774
21.43
30.866
8.7589
-6.5666
38.378
16.425
-3.0938
-20.41
6.8092
19.503
27.904
-17.886
-18.787
-4.5245
-16.99
-36.531
-45.797
-23.927
3.0787
3.9745
18.22
1.9324
-4.5086
-6.382
0.74121
23.857
4.2975
-0.97501
2.4983
-12.231
11.954
-26.777
-16.693
10.117
-12.877
3.9034
-9.728
-14.593
-19.444
-11.303
11.535
-1.2173
34.762
1.2218
-25.045
-2.6143
12.703
14.895
29.843
24.609
26.735
53.497
49.799
40.285
27.722
-4.6111
-9.3538
-15.348
-24.386
2.2676
-10.858
-59.217
-47.732
-29.766
-24.011
-4.6516
16.963
-18.285
-30.691
-5.5264
5.9627
-6.3505
-22.977
-15.045
8.4226
16.225
12.922
3.3975
10.104
11.864
1.3144
-10.633
-29.416
5.1654
-11.511
7.2449
23.001
26.685
-0.77165
10.218
20.454
-4.9468
3.8921
4.3495
18.668
34.632
19.472
0.28108
-7.4734
-16.095
-3.8828
-15.41
12.774
34.549
32.784
11.509
-18.515
-38.525
-17.659
22.326
27.415
0.99639
-8.5798
-20.5
-52.159
-17.078
-14.675
1.7551
-16.699
-25.402
-40.832
-22.278
-6.8491
-19.703
-36.594
1.393
9.4072
30.991
41.803
15.084
16.736
-17.476
0.78497
20.236
22.518
15.195
23.446
47.361
25.463
11.582
-9.9122
2.3245
-2.188
-21.561
7.4819
6.0486
18.171
-3.4614
-11.185
-4.827
14.946
-8.3456
-15.065
-33.607
-23.218
4.5995
32.964
50.682
6.8636
-25.259
-9.1626
-20.456
-14.944
-19.817
-29.263
-47.079
-6.8672
-13.128
13.355
-6.9006
-19.29
-8.9341
23.283
1.9361
-21.12
7.6998
-1.3677
1.0129
-9.1056
11.399
12.953
20.795
12.051
4.8773
21.792
22.448
22.198
37.26
9.5937
21.179
10.098
9.7353
-19.223
8.7428
1.0925
26.814
2.6254
-12.645
-5.8933
-15.508
-4.7553
-11.962
-16.969
0.89799
-12.839
10.912
-9.2689
-34.702
-35.043
-33.246
-3.0966
-18.649
-17.924
-11.332
8.9983
-11.324
-10.642
-8.2684
-2.888
-3.3528
-12.84
8.9394
24.648
66.94
36.281
9.2267
-8.0558
-41.375
6.8258
18.552
12.652
32.158
21.343
13.762
14.229
38.884
38.307
14.344
-33.391
-18.638
-5.5343
-26.285
-17.947
-3.5313
-30.082
-17.546
-1.5334
0.445
-7.2694
1.7933
14.031
-29.961
-26.513
-24.226
-3.7127
25.589
4.8572
1.4647
14.406
2.8976
-20.971
-31.287
-13.541
17.539
41.14
44.86
