-75.835
-22.32
2.8749
86.256
72.484
39.106
49.565
-12.508
13.469
-10.794
-20.606
6.2425
1.9076
66.96
1.0014
-30.449
4.1241
-11.448
-57.927
-11.747
-11.275
-34.755
-78.453
34.749
32.311
-28.147
-51.969
-36.585
-24.394
20.808
26.36
18.652
21.261
26.918
54.522
-40.571
16.017
38.673
78.012
-20.748
-34.178
-14.002
-44.273
14.046
27.951
19.662
6.163
-15.053
-22.937
-37.716
-29.417
38.264
-30.848
29.563
-1.2815
-10.028
-53.981
2.6363
12.984
-8.9255
25.435
4.3026
-3.288
14.641
37.695
40.287
-24.342
9.7224
-21.382
-7.139
29.722
-0.85142
-17.24
-30.76
13.188
-59.263
-63.421
36.478
60.789
101.94
13.209
-20.581
0.26924
1.5408
16.069
-17.575
5.7782
-14.897
39.568
-22.458
11.653
-9.4889
-58.967
-24.98
-13.194
-10.325
27.855
-18.372
-27.906
-38.118
-47.03
-45.511
1.4203
20.223
-9.2636
-55.77
4.5984
7.2582
25.583
-11.254
16.225
-11.837
31.591
61.148
46.563
99.133
84.667
75.921
47.116
16.889
62.776
67.916
100.03
-23.304
-77.146
-150.36
-136.97
-43.562
-4.0817
-85.56
-24.746
-25.901
-36.373
-56.341
-31.859
-28.412
-20.193
-9.7705
1.5512
34.266
-2.8562
49.569
-0.88202
9.6853
14.68
14.254
37.809
50.699
12.491
4.3096
11.202
-25.947
-2.994
32.993
23.267
23.706
27.484
20.737
75.556
-1.0805
-26.538
-1.132
22.764
23.682
-34.937
-13.684
-68.968
-16.901
2.1745
21.77
-11.174
-44.969
39.47
15.124
12.695
21.482
-72.502
-20.453
-23.501
1.8281
-24.884
-42.697
-46.269
-71.458
-33.449
-29.354
29.037
-46.066
50.901
121.75
77.827
-26.91
-19.609
-5.8214
44.874
61.473
56.176
62.407
2.3918
-65.67
29.566
-26.548
19.891
-70.541
-80.432
14.96
27.442
28.257
1.6082
0.35701
41.09
-13.292
6.2781
-1.0701
50.04
-54.976
-69.869
0.25662
5.8501
-57.259
49.283
43.533
24.321
-16.122
-27.069
-32.952
44.656
-1.1251
-22.087
-33.365
42.341
-26.726
-67.288
3.9185
25.758
67.323
43.307
-20.483
-34.2
-0.65855
-12.201
21.285
-13.948
5.7994
-73.662
-72.072
-66.144
-6.0845
21.067
36.342
14.853
48.771
59.667
35.214
-28.938
21.697
40.692
47.479
14.577
32.499
43.156
31.794
61.912
5.7623
-54.984
-5.803
-22.858
-32.791
-36.33
-21.547
-26.218
-0.62482
-48.597
-64.265
-2.658
-42.861
-15.42
16.662
20.553
-14.898
-14.697
-73.773
-23.617
-27.034
10.887
-8.4519
35.234
11.407
44.741
35.657
40.818
35.03
15.509
-9.7986
44.107
13.469
37.6
-10.744
-13.026
17.122
14.936
16.371
54.853
-4.3066
-16.795
-15.767
6.1494
-15.871
-60.613
-35.572
51.213
24.7
-50.383
-16.554
-9.1251
-58.336
32.038
37.374
-25.119
-37.936
-27.125
1.2154
11.999
-34.505
-26.745
30.912
24.217
-7.3368
-43.674
1.9594
24.279
-0.9544
44.012
38.08
-23.422
-8.527
-8.8975
-9.1967
