17.099
12.443
16.702
-7.4756
-18.661
22.391
6.4256
11.419
47.87
41.105
5.6763
-10.081
-9.945
37.761
30.22
0.74318
-5.1051
-4.1601
-22.679
-31.123
-53.969
-26.402
-20.04
-19.739
-31.325
18.902
2.3916
20.493
13.008
-2.8808
11.255
8.3538
-17.38
-10.183
10.533
24.486
27.089
-25.407
-17.039
-1.95
-26.173
-6.9617
0.51207
13.661
-14.564
-35.868
-15.811
11.571
21.58
-29.989
4.5158
-5.1507
19.736
-8.9657
36.965
53.849
66.274
63.652
37.794
-27.402
-37.753
-46.732
-34.04
-22.715
4.7006
-27.039
-21.682
-13.228
10.862
32.936
32.946
38.052
24.101
22.788
22.983
-40.588
-37.742
-11.964
-33.502
-18.765
17.814
-2.044
-16.872
-16.801
-43.746
-15.202
-7.8021
5.0776
-1.2115
-37.422
-16.587
-1.3248
40.858
18.12
20.049
32.69
9.6368
-4.7387
30.423
41.538
25.161
-34.095
-14.394
1.8359
-3.2459
-12.598
-42.151
3.8986
0.31591
46.472
69.606
50.762
52.139
-3.1473
-50.314
-37.674
-21.81
-48.036
-32.256
-20.574
-17.028
-21.222
-4.0691
17.945
23.347
23.319
-8.4079
4.0975
17.362
-22.886
-52.294
-48.52
-12.468
28.684
13.182
16.353
52.532
10.859
14.287
24
12.942
-20.78
-12.413
10.501
-27.36
11.941
0.56652
6.7834
15.78
-6.2522
-25.183
-3.6229
-5.0577
24.142
0.57916
7.6193
0.11605
-29.307
-17.272
-10.266
-13.077
-25.131
-8.3352
-20.713
13.143
52.918
30.021
16.545
11.441
20.369
48.318
6.8613
-27.979
28.171
-6.8862
-12.033
-5.2614
-30.412
-23.513
27.893
15.054
10.424
-6.8111
-41.024
-62.362
-20.43
-26.602
13.327
19.944
-35.067
-27.727
-11.439
9.8066
-5.939
-5.5382
45.381
5.0501
2.7231
-21.031
22.766
10.14
12.361
-0.49949
17.285
32.831
4.2463
45.894
52.97
40.832
-24.846
-14.694
-27.597
-9.4675
1.9504
16.574
1.9427
31.29
20.434
-15.946
-9.6096
-1.9209
-3.9174
-61.936
-54.162
-60.984
-26.107
-5.4541
16.718
1.3688
4.4925
-0.95558
-2.9994
-22.789
-16.66
11.417
-13.824
-6.1962
-38.01
16.496
29.222
18.497
53.406
34.885
15.575
37.169
15.725
69.52
37.388
-6.4855
-18.179
-30.55
-17.259
-33.512
-31.972
-5.5668
-12.538
-15.541
29.87
-0.92867
-22.175
-24.961
-18.999
-8.193
10.41
16.948
14.594
14.863
16.759
-4.7665
-9.0768
14.428
11.688
1.322
21.162
-18.341
16.924
11.042
-27.311
-56.926
-11.434
32.125
29.706
0.93181
-50.009
-12.303
-12.443
-7.5179
-14.97
2.5169
-17.194
-32.029
-24.399
-13.299
34.536
40.471
17.709
13.716
-23.481
-8.0086
27.186
41.632
4.2172
4.0083
-1.1334
22.636
45.978
70.985
62.376
35.369
-0.85248
-3.1114
-62.789
-20.599
-13.381
-52.916
-93.964
-3.3702
4.0492
2.0648
-27.67
-13.279
-1.9833
-21.715
-14.681
5.6382
13.875
18.645
-4.3767
-26.717
-5.7484
-19.625
-42.64
-36.044
39.105
37.148
46.885
