-65.311
27.939
46.281
76.603
38.399
-3.306
-1.6793
-7.8581
-125.67
-93.716
-67.59
-25.38
-23.926
104.38
27.75
78.268
35.277
-16.653
-38.968
47.017
25.306
-8.0641
-9.5479
-34.958
-5.804
21.469
43.061
22.287
39.968
-30.73
-6.5796
-76.244
2.5291
-5.8962
-19.725
-17.213
-61.716
13.746
64.616
11.326
12.329
-39.185
-27.23
44.99
18.012
11.141
-6.4358
-7.7396
1.8322
29.456
-20.653
46.356
-12.283
-41.549
-27.491
-40.422
-16.961
-27.018
11.247
52.006
18.705
10.654
29.36
-13.991
-10.992
38.845
31.614
63.22
16.79
-2.1641
-7.3937
-36.159
-44.189
-7.6879
-28.712
-22.005
7.2841
9.5207
1.1824
-82.711
-71.249
0.080179
13.384
43.341
50.937
121.34
28.757
-62.76
-58.307
7.6911
-0.61896
-1.2125
-40.924
0.19574
-23.14
47.969
17.763
-20.053
-20.396
25.317
51.608
-11.981
-1.0383
42.079
-52.118
-17.768
16.452
50.865
-44.06
-67.521
10.776
-36.602
55.966
8.0795
27.296
44.688
28.45
-19.524
16.187
6.5123
-30.521
-16.547
3.891
-17.424
5.691
26.855
-26.957
-67.047
17.671
-19.484
-54.128
-17.869
23.756
58.647
-17.246
-67.347
-23.187
-6.8907
7.4444
50.6
28.084
-23.55
-8.9477
44.316
55.384
19.275
38.628
6.0031
29.065
-11.147
-24.128
-61.359
48.737
88.011
36.734
-33.499
9.6232
14.008
-43.392
-40.453
-89.128
-74.709
-32.669
-18.225
24.242
-29.401
7.991
-21.71
60.487
-2.4027
21.127
29.762
-13.298
-58.532
-48.347
33.142
47.992
90.105
50.298
-27.618
-27.356
41.478
20.551
10.208
-19.999
56.573
33.128
-66.016
-3.2188
10.593
-9.5889
-24.961
-50.334
-101.82
-24.71
32.804
-30.264
18.628
33.31
18.709
55.332
15.158
-36.478
0.16666
52.079
12.7
-65.62
7.8777
1.2628
-28.674
-13.283
-4.5901
-5.4455
-3.9794
15.151
13.891
85.48
7.9513
-12.903
5.8995
-66.557
-8.9559
-21.059
21.235
11.038
13.418
20.154
19.726
-4.3672
-7.7775
61.897
50.407
-18.691
-38.466
-135.37
-108.63
-40.075
26.592
33.095
12.585
-25.944
32.427
15.055
85.042
-0.8145
82.754
49.78
-2.9461
-46.034
-12.608
53.438
7.8356
16.346
-93.249
-45.742
-3.2921
-2.6878
-52.921
35.848
24.199
25.085
-30.375
-18.781
-1.5443
-15.362
-12.335
27.948
58.756
47.555
61.055
-56.72
-17.328
-46.145
-7.8405
-31.295
-98.494
-80.5
-61.954
64.288
22.621
55.628
86.859
47.137
34.376
10.105
-3.3097
36.104
-0.96493
-0.36268
52.171
-21.007
-17.664
31.835
-18.399
-42.009
-32.963
6.0123
-43.887
-9.8755
-65.033
-61.077
-3.1649
10.533
2.0275
51.566
18.452
55.797
-23.363
23.221
-18.167
-41.028
17.449
38.342
50.7
28.873
-66.387
-21.311
0.66343
25.569
32.083
-62.279
0.11199
32.054
-44.927
6.7708
29.613
