19.633
27.564
30.479
33.061
19.184
-10.327
-29.144
-33.998
-33.299
4.3115
19.598
-26.702
-40.789
-23.484
-24.818
-46.272
-38.202
10.059
56.736
56.634
53.293
15.923
-8.7136
-5.8561
6.1805
33.479
2.7909
-33.187
-15.714
-5.1841
-7.0487
-24.087
-14.557
14.235
16.915
10.162
5.4206
4.482
15.01
10.749
-11.445
-12.025
-16.616
-1.3741
-15.877
-8.0129
15.692
8.1507
10.24
-17.778
0.88823
-0.50215
-29.337
-16.284
-32.643
-51.712
-5.8446
3.723
31.231
22.299
38.568
53.42
47.078
7.3683
-13.688
8.3221
9.3467
-9.6983
-3.2197
-39.992
-29.143
-7.2693
8.6677
22.406
-0.355
25.158
31.935
13.097
-16.712
-12.064
-2.6401
6.1103
24.776
3.5657
-47.268
-46.986
-54.494
-31.661
-17.72
0.68974
8.1396
37.348
23.802
0.9422
12.595
14.48
57.141
22.961
-2.8682
-19.776
-25.46
-30.908
-30.457
-18.461
-9.4085
-6.7845
16.082
16.218
22.837
11.001
8.0319
-9.3094
-25.355
-6.0696
39.45
24.159
19.485
23.211
36.542
-6.804
2.021
-2.8599
0.042843
1.5151
-28.974
-2.8917
-30.159
-54.14
-29.311
-5.5599
20.846
5.6987
25.348
15.533
3.1389
-11.713
10.448
-14.825
-41.008
24.82
37.626
17.35
-13.241
-21.665
-34.115
-50.582
-30.516
4.1767
16.952
32.311
21.686
-2.0252
-8.2137
9.0915
4.6118
17.142
24.048
18.651
33.922
36.226
17.84
-6.3933
-0.072895
12.757
-19.866
-5.709
-27.926
-36.428
-41.018
-32.216
-49.53
-1.5541
4.6148
14.422
15.095
12.782
8.6116
52.589
35.455
32.492
28.861
0.65455
-35.509
-9.6843
-8.5396
-39.052
-24.006
-13.627
-8.168
-2.808
-3.0845
-9.9922
19.823
-11.667
-22.308
-20.616
8.4791
31.433
18.218
-0.23173
-6.0987
15.365
10.97
-11.487
-24.261
-12.248
14.908
15.373
-4.8019
24.8
26.788
11.69
21.645
23.21
-14.899
-21.39
5.0021
28.078
13.935
0.61975
-17.745
-5.8925
-19.022
-10.749
-21.217
-70.834
-25.859
7.2087
-6.0456
13.099
31.9
31.169
-0.2074
-23.746
-17.105
-3.6126
-12.585
-6.9301
14.379
47.733
20.124
14.914
27.061
32.695
1.0019
-56.946
-67.004
1.4944
-24.209
-6.3091
6.432
22.891
6.2215
-34.355
-15.879
24.376
6.1518
6.2203
6.0239
15.471
21.937
36.206
21.919
4.1703
3.1971
3.0639
9.2203
-0.71684
-21.719
-20.519
-48.973
-7.3926
15.65
9.0955
15.588
10.119
-4.5386
-8.9766
10.124
17.615
-0.43037
-16.788
-10.555
-38.694
-25.047
-36.904
-2.6612
-3.0463
-9.271
10.696
15.256
22.819
-4.6475
-2.7068
8.8513
-2.6373
-6.2346
15.189
39.554
36.807
-14.602
-41.94
-22.6
-14.964
14.729
10.942
22.156
30.402
45.063
42.408
62.613
52.243
-13.513
-65.377
-70.232
-60.955
-18.789
-22.937
8.4216
22.26
6.3741
-27.314
-30.186
-14.519
19.736
10.243
-4.1591
-4.6305
-21.934
-12.112
-8.7953
-9.3753
-26.99
3.6292
25.398
32.007
25.812
36.174
