24.282
-16.515
-19.825
11.846
19.624
28.831
30.529
-2.7019
-9.1809
2.9972
-8.1235
-19.944
14.798
3.0053
-29.209
5.4479
23.774
-1.0041
30.316
49.303
49.467
39.467
0.23586
-18.053
-43.614
-37.209
-5.8849
-18.56
-20.923
-17.768
-23.075
-26.903
-43.512
-38.598
-5.4474
5.0993
13.039
-1.8135
34.363
61.986
56.234
0.087955
-50.216
-51.017
-41.173
-5.9602
1.1496
28.457
31.533
48.218
1.1984
-13.207
3.2677
29.241
43.179
5.4459
-16.513
1.0627
10.741
8.4053
-5.1346
7.0577
-13.816
-18.462
-24.23
-19.867
25.98
8.1976
-50.024
-10.445
25.227
8.3964
4.7021
-29.115
7.4478
13.36
27.85
33.505
-20.414
-53.596
-29.486
-17.838
4.4421
11.218
4.9102
20.637
-12.341
-24.13
-12.49
-24.413
16.302
46.587
-4.4732
-27.942
-6.1968
28.579
54.143
51.135
41.319
21.126
-57.563
-68.093
18.469
17.505
-27.372
-28.325
-0.081716
-1.217
-8.2807
-35.103
-25.461
15.142
7.774
-46.679
-18.301
44.636
71.911
32.718
31.847
42.085
37.336
12.598
3.7083
-11.107
-10.342
-15.711
1.2016
-23.701
-20.022
-24.857
-28.657
-35.613
-25.217
-1.6674
11.541
-13.24
-22.683
-52.117
-37.023
-12.502
24.325
3.0646
-28.144
-23.982
-20.286
4.6079
57.178
71.232
64.611
41.64
32.056
42.748
66.771
49.365
6.7479
-23.974
-20.115
-36.775
-7.8812
-11.06
-42.237
-50.652
-25.936
21.387
38.359
-2.5087
-39.331
-21.632
-19.374
-41.323
-11.847
10.483
2.1885
-8.0593
-4.8093
-31.647
26.364
54.318
32.633
-16.019
-36.568
20.701
23.358
4.7175
-13.597
-19.54
-3.8298
-20.918
-33.72
-7.3541
33.221
44.574
41.12
-11.419
-21.299
13.968
10.103
-15.387
-20.656
-3.4713
18.448
32.256
0.3469
-22.285
21.49
26.604
20.066
30.488
12.782
-48.193
-36.08
-2.413
11.229
-26.876
4.965
35.816
34.574
-4.4367
-1.5837
1.5927
-22.656
-25.707
-46.772
-34.733
-20.241
-20.349
-8.0237
-3.9476
-12.409
4.1639
28.849
-29.762
-48.137
-11.051
4.4419
14.387
20.909
48.356
41.497
36.573
-25.932
-7.7633
34.203
49.304
27.145
28.608
67.042
30.108
-51.928
-51.155
-6.0055
22.541
15.381
-26.847
-22.195
7.414
4.9308
-57.624
-29.761
4.2965
-9.0371
-6.6855
-49.258
-39.611
-19.244
-16.867
9.0691
54.934
71.796
57.333
2.5347
-68.938
-56.823
-60.198
4.146
18.988
-20.416
-26.63
5.9129
32.205
44.059
51.551
-16.439
-7.5198
48.299
57.639
14.951
-44.372
-34.189
21.456
30.523
36.805
47.49
-20.671
-28.274
-20.599
-5.8313
-19.301
-36.44
-11.302
-11.858
-4.2705
5.0988
0.49651
-0.83918
4.4361
-15.328
-6.5036
57.335
6.4074
-40.072
-30.911
18.583
56.691
-34.06
-43.167
-22.815
-20.253
27.194
20.807
-15.622
-0.053741
20.269
0.52534
-4.7012
-26.788
