-51.844
7.163
23.165
13.372
-27.35
1.9294
42.674
10.059
0.9865
4.2478
26.451
14.228
20.31
-15.797
-43.249
-23.478
20.701
26.325
17.373
12.283
-21.092
-63.921
-11.845
38.486
30.917
-49.785
28.604
13.726
-55.321
-38.119
-5.8176
12.755
-12.671
-21.152
-4.3383
6.0397
-36.041
26.883
13.855
9.5535
53.065
57.241
-2.3649
-47.859
27.345
16.43
-21.712
-29.579
-22.301
60.363
21.939
-23.769
9.8804
21.477
23.707
53.7
8.2914
-43.642
-3.1837
-10.959
-44.179
-46.382
-64.05
-13.207
51.775
42.318
-28.519
-49.556
-0.40631
11.67
26.885
11.719
-10.321
1.7512
18.619
17.515
4.4085
-15.272
-39.544
-11.921
5.8745
-19.397
-8.406
-55.602
47.717
39.088
26.827
52.945
35.891
-24.968
2.5697
18.143
34.923
-21.487
9.5791
54.858
-32.117
-40.645
-60.66
-13.973
-13.932
7.1917
-11.549
48.933
2.3719
-33.857
13.37
-27.019
-21.093
-9.5215
8.9016
-8.0781
0.2634
-21.764
2.8339
57.563
-26.774
-8.5567
3.2856
0.7533
-2.1233
-22.306
21.733
52.319
-7.2426
-4.8411
29.249
-2.1773
55.635
-15.957
-31.883
22.781
-9.7513
-58.614
-0.97722
26.584
-16.461
-3.5612
50.123
-6.2273
-20.911
49.724
22.035
-32.136
-21.815
-25.833
-47.571
-49.04
24.501
8.445
-26.676
-40.52
23.467
46.721
72.606
8.2282
26.758
50.132
8.3462
10.325
-80.831
-11.301
6.9586
-16.255
1.1698
-5.1214
-48.47
15.042
-21.368
-39.467
-49.769
-22.151
-49.389
18.364
39.676
33.263
21.513
51.178
35.951
42.509
64.793
52.473
27.833
-18.464
22.266
-4.1951
-27.561
-40.893
-2.2624
-21.609
-69.18
-59.917
-22.374
-47.814
2.4816
30.267
21.894
-19.434
14.592
-51.904
-0.47685
28.158
-36.207
13.385
7.2415
34.705
20.371
40.699
40.269
-6.1104
-28.926
-1.7244
29.236
-38.792
7.1428
15.562
-3.1468
17.148
22.012
16.808
7.753
-30.389
-32.691
-10.467
23.262
-2.0441
-65.515
-15.046
67.117
23.068
0.046199
-15.99
11.73
10.138
26.325
-32.613
-22.102
-18.663
-34.3
-18.742
24.182
8.3411
-36.211
-14.058
-32.397
-19.274
44.841
8.2158
18.99
44.624
61.666
57.543
12.958
-85.67
-43.69
