-60.39
21.176
14.682
29.133
-25.233
-37.76
17.399
-8.6066
-13.902
32.735
31.572
-27.199
3.4625
7.9425
-14.551
-3.3461
-19.556
16.037
10.395
-10.144
-6.947
-3.8725
-2.9034
29.121
26.604
-4.719
-13.053
-47.266
-39.645
22.888
28.844
-3.1619
-2.2059
-17.837
2.6957
-20.006
0.4946
-11.274
7.2058
11.625
37.59
26.788
-1.8292
-16.384
-2.6957
-22.665
13.727
-2.0722
-0.74673
16.099
16.565
-3.9154
17.407
21.226
10.586
25.184
26.783
1.3006
-64.203
-26.206
-26.894
-11.435
-22.087
-20.732
15.529
22.876
-22.173
-54.849
-32.286
8.4506
36.091
29.292
51.439
7.7812
-1.7898
4.6408
3.4324
9.1293
-7.2472
-27.98
-10.429
6.9073
-14.792
-38.223
40.495
25.132
8.8888
21.855
14.121
-5.5079
-24.512
-17.953
14.724
-2.4626
24.056
24.63
2.1214
0.51372
-45.052
-13.327
-17.356
-14.241
13.073
18.987
20.575
-14.329
1.9465
-25.779
-54.227
-26.127
13.201
52.655
47.309
36.792
-20.473
-33.379
-11.83
-4.6943
3.3354
-39.491
-22.213
-18.038
25.305
60.124
14.857
5.3119
35.134
28.066
22.991
-32.511
-53.692
-14.101
19.214
-39.749
-23.343
21.689
-16.101
6.6453
31.933
31.05
5.531
-2.7349
12.703
-6.3066
-10.614
12.235
-38.586
-55.804
-35.07
10.04
1.0943
-23.312
16.756
47.908
57.673
8.4975
-3.1369
40.435
39.366
15.888
-10.864
-45.008
-40.356
-31.269
-20.667
12.489
2.7262
-25.867
12.513
-7.1815
-51.767
-21.472
-37.951
5.9159
28.929
28.319
-14.476
32.117
29.589
33.987
35.196
59.564
27.563
-6.3156
-2.7835
-5.9163
-33.18
-38.005
26.406
40.183
-11.47
-20.961
-24.335
-47.134
-37.001
-7.8568
19.784
-12.82
-12.296
1.4228
-32.891
-18.394
-8.2855
30.775
3.3952
-5.4428
-3.9247
8.4414
46.528
18.881
-9.6416
-16.401
21.678
12.725
5.4929
4.0825
7.4623
13.328
4.7186
49.225
27.382
-11.382
-32.246
-27.578
-10.692
9.2581
-30.75
-22.346
15.972
24.661
1.7295
-15.763
-11.269
27.413
33.874
19.144
-57.115
-77.192
-23.435
-30.664
-1.1676
8.1237
-6.321
29.246
-18.022
-26.223
15.292
36.651
51.726
36.811
26.955
74.988
48.444
-80.717
-52.719
