-79.192
33.13
17.52
-14.58
-20.355
-62.959
-48.499
-10.383
0.86502
-16.779
-37.382
-9.0973
18.109
-8.9409
-4.267
-19.005
-24.927
-2.8152
-1.8029
-13.917
-0.88454
39.46
27.271
13.888
31.339
26.683
22.577
14.077
20.442
17.65
8.9029
7.7099
NaN
NaN
NaN
NaN
-4.2968
-9.9014
-19.129
4.3019
15.378
-3.6412
-1.1476
4.9024
-6.6369
-34.571
-17.507
13.946
NaN
NaN
NaN
NaN
NaN
NaN
1.5107
-0.64591
6.2694
-6.3943
-22.075
3.7361
4.2358
-5.7577
NaN
NaN
NaN
NaN
NaN
NaN
9.3564
-2.4109
-14.016
13.878
37.162
12.022
20.317
-10.936
13.121
15.902
29.843
20.93
11.93
2.2593
22.561
-5.1981
NaN
NaN
NaN
NaN
NaN
NaN
-1.036
-24.144
-25.831
-26.982
-0.85771
32.904
-28.896
-20.003
NaN
NaN
NaN
NaN
NaN
NaN
NaN
NaN
NaN
NaN
42.235
35.77
15.68
-13.662
17.244
16.877
27.844
-32.788
20.681
3.5288
-3.3544
5.9946
-13.199
-30.897
-11.57
24.091
NaN
NaN
NaN
NaN
-2.6058
9.5794
33.999
11.443
-6.3471
-16.85
21.423
25.089
11.797
19.964
-19.578
-7.538
-28.054
-39.616
-42.359
-2.4209
7.755
28.829
12.044
27.245
13.377
-30.042
-11.794
16.251
30.544
4.9709
13.221
-1.4921
-7.511
-3.9133
0.75485
-25.186
-9.376
-1.7973
-20.398
-12.144
14.697
7.3976
-20.324
6.3698
22.869
10.975
20.664
4.4727
-4.6122
-2.5098
-12.652
-6.9832
-2.582
3.6083
-6.7425
-27.389
7.779
-31.779
-15.656
20.509
5.5069
37.314
22.096
-5.1583
-2.7686
-8.7134
-13.09
-23.099
4.4918
26.146
27.046
14.955
-1.4095
-23.925
5.7088
21.302
14.95
-10.073
-15.022
23.399
20.33
15.18
15.779
2.6856
4.455
-50.207
-41.443
-31.184
NaN
NaN
NaN
NaN
-23.218
-8.4125
-5.982
-21.571
22.07
11.187
13.594
15.889
35.751
17.668
10.68
27.044
9.0766
24.6
-14.884
2.5257
28.246
10.924
12.523
-0.6041
-10.472
-8.4355
23.946
-2.9883
4.7669
-9.1117
-59.164
-27.087
-19.333
-6.9695
-14.449
-6.1586
-5.4819
17.533
-4.5591
-23.634
-45.382
-6.1185
22.35
69.147
36.683
30.404
-4.6983
-11.257
-20.21
28.386
25.921
-9.5914
-0.89111
0.76216
12.671
-16.937
-29.871
-5.3804
5.6995
-30.709
-12.811
-6.754
-0.085203
-22.977
-9.0552
10.866
0.90261
19.013
2.8537
-4.8228
13.028
15.224
-6.1347
13.501
33.794
3.3946
-47.355
-2.874
NaN
NaN
NaN
NaN
NaN
NaN
NaN
NaN
NaN
NaN
NaN
NaN
NaN
NaN
NaN
-39.488
-17.318
-44.13
-91.72
-61.526
-33.693
-39.491
5.4337
-5.9097
1.1303
36.853
7.6067
-6.7505
3.7533
-3.9857
-41.57
-10.585
18.999
10.446
27.53
53.92
44.11
-0.44127
10.277
42.563
55.58
-31.708
-2.9925
4.4668
43.587
13.822
18.022
-14.625
0.21577
27.728
