NaN
NaN
NaN
NaN
NaN
NaN
NaN
NaN
NaN
NaN
NaN
-77.469
-46.711
-44.687
-0.041705
36.837
58.251
48.236
61.442
-2.3036
44.15
19.643
23.824
46.409
59.571
8.7117
32.54
72.893
17.917
-15.708
17.076
-32.85
NaN
NaN
NaN
NaN
-15.513
-47.819
10.831
-10.804
8.0533
-22.252
31.871
14.118
-33.344
15.168
46.288
-50.052
4.4144
-3.4178
-1.1372
-13.114
6.0118
-44.451
-14.663
65.978
37.424
64.594
66.816
92.109
NaN
NaN
NaN
NaN
NaN
NaN
-57.69
-23.011
-15.787
-57.746
4.9939
-30.184
21.901
17.06
19.762
-35.016
-30.141
-7.2042
-21.097
47.197
44.582
-23.915
-3.4098
21.605
27.423
41.757
51.514
24.807
29.628
3.2121
15.932
-1.3582
-9.1096
-33.088
-128.41
0.50227
29.278
39.572
NaN
NaN
NaN
NaN
-77.961
-17.672
6.185
-11.813
29.077
8.2903
48.31
16.477
38.051
21.351
-2.0968
-24.289
-37.58
-3.5957
-13.735
30.933
38.797
21.54
-23.735
-45.114
-7.4273
NaN
NaN
NaN
NaN
25.372
-52.956
-57.578
-47.779
9.5716
21.181
-24.108
-10.546
-10.692
-0.54363
26.102
31.908
4.9988
62.637
2.8433
-53.983
-26.142
-15.36
-45.461
6.5417
9.691
46.706
47.786
27.404
-18.49
-9.2626
-19.771
-21.803
-22.333
-41.288
11.755
-5.0188
-34.436
33.021
6.7325
30.992
26.447
6.0946
20.83
8.1568
-19.832
-7.9748
15.149
9.252
-8.972
-4.3112
3.419
-4.4874
-64.213
9.264
-13.504
12.508
8.1428
-45.96
21.215
37.007
-11.24
40.73
23.846
-1.0289
-2.0372
-4.7886
-4.4669
21.004
-12.848
11.269
3.7451
18.505
-51.772
-35.476
-27.405
-26.256
-19.408
-19.856
-10.571
18.156
26.563
0.78728
16.212
4.713
51.275
-37.274
11.704
67.922
-6.9437
33.739
59.374
-15.288
-11.902
-26.451
-35.243
36.101
-18.792
-46.328
-10.84
13.999
-12.268
-14.577
-26.034
NaN
NaN
NaN
NaN
-31.862
6.8296
24.905
42.962
16.677
61.769
5.533
17.183
-41.9
-40.675
-17.181
13.621
31.218
-13.202
4.7022
-35.985
38.373
36.982
-3.5514
24.105
2.1614
-29.736
-39.092
-29.09
-35.968
-18.558
26.408
19.99
6.8624
16.187
-20.865
13.105
14.024
21.504
39.465
9.0012
15.37
13.155
-2.1228
-26.46
-47.7
-13.91
0.2549
32.898
6.7825
-13.916
27.777
-24.137
-59.676
-66.961
-45.358
2.7741
31.609
27.233
21.698
42.16
8.9964
-8.4836
27.841
-26.633
6.0603
8.7664
15.347
-6.214
-4.0595
-5.6805
28.628
-0.86417
2.6291
7.2364
13.387
-4.7181
3.7674
30.739
23.087
16.873
-49.011
-21.198
20.781
-8.1209
-20.771
-67.415
-14.943
NaN
NaN
NaN
NaN
NaN
NaN
NaN
NaN
46.662
27.689
4.39
10.064
-27.098
18.512
-21.979
51.655
47.477
-34.726
5.2353
25.954
22.884
26.058
-40.58
-19.544
31.959
30.085
3.915
-33.243
-14.612
22.4
-3.5926
38.164
11.396
-19.573
-9.4905
-64.409
-34.463
-45.191
-45.984
-42.191
-30.385
-5.9623
33.53
63.14
40.687
40.759
9.3722
-10.237
25.836
13.744
8.4888
16.008
-11.721
-34.416
-1.8973
-34.012
-11.739
-10.323
7.1448
-10.667
-11.379
19.316
16.234
22.513
-11.566
24.733
16.621
-16.975
