NaN
NaN
NaN
NaN
NaN
NaN
NaN
NaN
NaN
NaN
NaN
69.681
31.726
26.322
-2.2652
28.808
19.96
-2.728
-20.69
-0.22252
-16.038
34.382
-2.8958
0.20425
-25.625
-17.882
-26.479
-4.8419
-10.447
-12.629
14.736
40.514
NaN
NaN
NaN
NaN
-31.812
-18.325
21.532
7.5671
-9.0983
-13.461
10.988
-8.9731
-18.832
-59.239
-11.396
-26.563
22.538
35.646
17.64
5.8177
22.114
45.743
6.0583
-19.605
-10.962
-25.101
-8.71
-2.9152
NaN
NaN
NaN
NaN
NaN
NaN
-19.712
-22.043
-26.407
33.712
1.5981
-23.575
-15.619
22.121
12.668
22.756
9.0012
-10.245
25.623
35.39
-25.226
-7.5151
-21.76
-23.94
-14.149
-33.756
-4.5638
-5.4525
-36.49
-24.626
-6.3961
-5.5758
16.375
-22.477
21.542
14.091
24.332
9.5931
NaN
NaN
NaN
NaN
-13.206
19.154
31.112
-1.7698
-15.456
4.7204
16.736
-9.3326
-11.816
3.4289
25.728
9.5194
-14.192
3.7619
-14.99
-8.3202
8.8121
30.67
50.854
41.004
-18.602
NaN
NaN
NaN
NaN
-0.27504
24.928
-2.3119
-18.593
-11.652
-20.065
-37.332
-20.999
-6.5
-11.887
-27.087
-18.519
-6.6003
-2.0493
24.553
28.89
27.133
16.972
-22.501
-5.2673
0.88749
-14.658
16.947
53.23
40.178
22.609
-16.137
14.551
-3.5342
-4.6441
-32.228
-11.488
12.753
-1.2178
9.7991
8.5122
2.4423
-16.827
-18.97
12.875
27.619
1.8041
-15.895
-1.3295
-10.643
7.1885
-2.993
-30.207
-12.06
14.484
2.0206
4.5249
25.264
17.533
-51.463
-17.74
-3.3666
4.0428
-26.932
15.189
2.5624
-0.62153
-11.905
-17.169
1.0241
4.9072
-2.26
4.061
-15.733
3.5296
-10.532
-2.1857
0.041909
50.853
49.31
21.086
-5.5015
13.324
3.9572
-0.11508
16.294
6.1056
23.55
-3.4369
-21.718
-18.081
-20.683
-23.936
-25.894
-19.93
-2.3733
-6.4544
4.3367
-4.6182
4.6395
26.12
23.644
23.61
27.114
NaN
NaN
NaN
NaN
-28.1
3.5012
-43.714
-22.201
-7.7495
-12.467
30.058
30.876
15.701
21.647
-34.159
-18.655
-26.6
-0.73357
14.214
14.617
3.7793
-15.479
22.15
20.796
5.5093
17.783
22.246
30.422
-10.172
-47.555
-13.1
5.5661
12.348
0.012557
21.73
6.8573
-18.985
-7.6139
-17.013
13.685
10.24
-4.9797
-9.511
-2.9177
14.504
5.2952
5.7803
25.406
27.657
-10.442
-18.089
-4.5929
14.773
-30.78
-30.618
-13.372
-20.045
-13.865
-21.742
-20.121
-3.2359
-30.401
11.752
7.6166
-0.83133
-9.5537
12.569
22.353
12.864
5.5659
29.708
8.9961
-3.9432
5.3
8.4695
14.703
23.669
19.666
3.5223
8.9905
20.255
14.73
-28.142
6.842
32.013
2.0293
-22.602
NaN
NaN
NaN
NaN
NaN
NaN
NaN
NaN
-40.136
-14.258
-8.0966
-27.023
-13.488
-9.0906
42.78
27.515
9.1942
-23.751
-23.016
6.1169
-9.1581
-18.483
34.635
35.006
-24.606
-19.866
-20.026
-2.0097
32.244
25.573
26.008
19.398
-1.815
1.6658
33.018
-9.0546
-37.352
7.1649
38.108
0.93655
16.365
22.17
-9.087
-7.9877
1.211
-2.1297
-20.495
-20.142
-28.886
-13.634
-6.2067
-2.2627
2.1521
-0.75671
12.206
10.062
-6.5049
16.685
-16.971
-4.745
2.7149
-18.087
4.6362
6.3167
33.588
4.934
-34.105
8.7185
