-43.402
-4.2854
40.704
95.475
60.765
-15.278
-19.829
11.91
25.03
27.141
41.3
-28.164
-51.337
-37.88
-44.618
0.95837
-12.155
8.6425
-0.1678
-11.834
-42.252
10.69
13.355
26.776
-9.7664
-25.514
7.9568
-23.325
8.3035
-12.071
22.859
16.992
-11.167
-0.47542
44.313
27.329
2.4844
7.5481
15.393
34.341
-1.2654
-27.34
-45.949
-9.9495
6.4678
-29.605
-16.592
-26.603
0.81939
5.4812
-10.161
14.264
-38.423
3.193
1.9704
-19.829
-7.2394
81.243
72.381
-4.2488
22.784
35.508
3.1299
-6.9717
3.7941
-27.645
-30.306
30.772
-30.054
-41.022
-46.842
-27.238
22.653
5.2932
45.085
4.5342
-20.443
10.827
-27.007
-22.63
-13.574
-13.61
-15.705
51.52
10.242
33.934
6.4222
-60.505
-34.863
30.133
62.746
-1.68
-9.797
57.176
21.489
2.6748
-22.28
-3.6505
3.458
12.335
-19.916
-19.063
2.6984
-2.7444
12.442
0.33408
-71.08
-5.0816
17.542
7.7245
-14.625
-35.772
-17.42
39.403
40.357
-32.951
-4.0527
18.503
10.661
29.764
11.135
-10.316
-28.168
-36.28
-17.955
-0.27826
8.5503
16.433
-13.885
33.904
55.585
14.562
-9.1699
-34.458
13.335
19.825
9.7072
19.261
-2.8788
-19.302
-13.202
-23.105
-27.49
-40.383
-59.321
-14.63
20.986
53.971
39.415
51.294
3.5084
2.7853
17.938
-21.442
-28.575
32.329
5.0001
-55.24
6.7737
-62.841
8.4992
34.878
3.0048
-36.541
-1.8216
0.12882
1.0397
8.3759
16.551
38.296
-16.822
3.1367
33.54
11.066
-19.106
15.932
30.281
0.4024
-6.0559
-32.465
-18.558
-31.055
-2.8666
7.0559
-4.3164
-12.106
-37.326
21.886
17.996
-56.361
10.988
6.8404
32.163
50.358
56.433
-25.067
-14.798
-41.811
26.716
62.751
-6.1837
-48.12
-11.488
3.4462
12.488
-4.4186
-9.5417
-19.802
-7.9599
-29.039
-7.8871
-28.253
-18.324
42.166
6.4071
-7.3206
32.646
21.266
16.206
34.46
-4.6863
-28.158
-11.666
-1.7458
-34.11
2.8266
30.485
6.1718
-20.714
-30.669
-7.7162
21.645
7.0893
-0.81914
32.032
1.7244
26.704
-2.0171
50.54
6.568
-21.5
31.532
-1.865
-31.71
9.6136
-32.061
-51.178
-57.931
-34.05
-13.529
-46.787
-38.233
7.3815
57.974
66.719
