NaN
NaN
NaN
NaN
NaN
NaN
NaN
NaN
NaN
NaN
NaN
59.182
-0.58816
-48.694
-28.767
13.077
20.075
-5.0947
-40.977
-53.416
-19.306
48.031
37.791
-20.445
-33.866
14.25
-45.864
5.8949
15.964
26.674
22.246
37.527
NaN
NaN
NaN
NaN
4.8879
-60.418
17.676
-9.7049
27.312
24.208
39.021
-29.903
-35.112
-1.1879
47.395
-32.488
-35.413
26.309
-16.046
-9.3835
19.42
3.1268
-1.9002
-19.292
10.522
13.331
-46.247
-28.888
NaN
NaN
NaN
NaN
NaN
NaN
-5.32
-27.335
-0.92336
20.967
15.544
-9.9089
-4.7477
11.22
26.425
41.517
-5.1591
20.791
12.081
-26.738
-4.7373
2.8104
-35.065
7.5256
36.525
13.914
4.859
-56.028
-25.276
-34.907
-70.087
-46.226
17.082
55.526
4.4916
-54.581
-10.44
31.411
NaN
NaN
NaN
NaN
17.081
12.862
42.147
12.457
2.4291
10.927
-16.843
-2.3868
-7.2711
-1.9687
-5.3617
-36.856
-24.581
-19.543
-9.8697
7.3319
30.873
16.563
33.435
-23.285
-5.1761
NaN
NaN
NaN
NaN
14.189
-25.86
-49.435
-17.544
-32.579
-4.9764
-1.224
32.998
42.144
-47.839
-33.796
-9.2752
-43.382
2.1157
22.965
32.753
22.011
-9.7832
-17.64
-32.069
25.968
-15.586
-12.449
30.9
53.016
52.83
42.684
0.21018
6.6904
4.4842
-14.104
-25.15
-3.7708
11.807
15.492
-3.272
-32.337
-42.567
18.88
38.592
53.534
-39.944
-46.1
-4.3574
-18.799
4.199
-50.587
-37.69
-33.268
7.2345
9.0275
-10.061
28.709
18.345
-11.205
4.97
5.2201
-44.229
-37.833
-15.081
5.2728
34.159
53.541
17.998
-8.2839
48.705
42.132
39.348
9.3687
38.733
1.8127
-2.2171
-20.623
19.976
8.5697
-1.7947
18.862
-15.902
-21.762
-5.7397
-34.1
-39.957
-25.704
-42.598
-58.342
-40.635
10.021
13.601
-52.46
-20.104
-2.9362
39.168
53.594
37.782
19.902
23.897
-6.3969
54.739
57.652
NaN
NaN
NaN
NaN
-39.905
-70.075
-53.216
21.872
0.46977
-47.673
32.937
24.049
15.839
21.463
-1.2166
33.719
21.219
22.898
14.547
-42.022
5.4966
-2.061
4.8143
20.239
33.842
19.098
-27.103
-50.751
-61.344
-16.409
14.838
26.832
14.547
-16.571
-20.86
13.87
-14.467
-30.219
11.38
-2.5134
58.174
0.93774
-23.74
-23.463
-6.1345
-16.367
-36.715
-16.964
7.5592
-10.291
24.059
28.061
87.925
40.496
9.7552
-20.497
-3.0535
-3.7552
-41.742
-29.942
-11.688
23.513
40.694
3.8323
-35.608
2.6163
22.199
27.521
8.5295
-35.239
-3.7675
8.473
0.63178
6.5035
4.5814
-4.3642
0.50394
-15.775
-33.547
-15.306
1.0414
-13.204
-25.095
0.65927
38.741
0.3064
-36.395
NaN
NaN
NaN
NaN
NaN
NaN
NaN
NaN
-7.1341
39.728
19.071
-46.868
-58.078
4.3045
40.056
23.062
38.194
21.389
-38.445
-52.732
-59.495
11.517
81.287
52.854
-70.479
-38.201
-55.341
-41.71
-22.153
-2.5432
41.741
26.613
65.277
46.293
20.966
12.122
-36.411
16.921
58.408
-0.3765
6.6112
3.7932
-9.3322
-41.78
-12.99
-16.277
-49.138
-35.735
-24.573
-1.0872
2.4421
-3.7847
13.673
-22.798
6.8099
6.114
-20.513
-14.127
-21.223
14.422
13.095
4.5983
31.353
66.401
71.352
38.766
-7.6786
8.3815
