-59.546
35.852
-13.768
16.487
-20.689
-22.856
-24.565
-34.144
-32.688
0.89818
10.449
-8.6023
7.8172
3.4081
-12.624
-16.286
-11.896
-6.325
19.904
11.437
19.354
15.877
7.6419
30.068
14.44
-17.878
4.7512
-24.69
-43.199
-9.5477
42.359
39.18
-18.315
-34.207
-6.9716
-14.138
-5.2574
21.997
21.308
24.013
22.787
-1.6053
-20.648
-28.44
-4.1784
-11.819
18.977
-11.225
-12.952
7.6059
10.173
-13.644
8.4018
30.534
28.367
25.926
30.24
-19.232
-23.444
-21.046
-8.076
-27.361
-41.719
-36.352
-0.050712
35.709
15.06
-38.364
-4.4466
-2.7614
38.993
9.9302
11.062
9.9374
3.421
18.243
-1.2817
22.279
-12.309
-22.294
-6.3774
-24.658
-38.023
-8.8696
31.961
30.188
34.822
30.393
1.6699
-18.403
-20.978
-14.141
-3.345
4.2127
-0.87369
20.118
30.122
-19.918
-38.912
-16.353
-30.479
-7.3419
37.593
27.239
33.334
0.079793
-8.879
-24.095
-48.695
-42.324
13.111
48.988
56.938
41.352
-10.533
-50.296
-22.583
-12.447
-5.4443
-49.947
-4.2519
-20.779
15.958
46.549
27.953
14.338
26.266
-8.2013
29.064
47.433
-23.964
-14.648
-7.3962
-67.421
-33.319
-12.537
-34.597
10.155
49.191
26.506
5.6566
20.426
20.702
9.5333
9.2676
31.116
-20.688
-22.48
-20.325
5.0286
-14.29
-67.624
-30.749
12.124
23.702
-6.99
27.447
17.626
30.724
23.23
29.909
-2.4674
-26.712
-44.603
-41.567
22.269
-14.099
-23.479
9.8617
3.3078
-46.596
-11.806
-27.619
-11.752
35.59
39.907
-0.014762
20.234
39.822
39.84
64.186
62.549
27.341
-1.4456
-15.055
-23.448
-36.127
-21.807
8.5399
-2.0612
-41.806
-70.933
-34.607
-14.419
2.7614
-2.9156
8.208
-19.931
-15.852
-28.83
-36.912
-7.644
12.38
29.029
32.631
11.871
15.258
27.5
40.595
23.927
-10.508
-8.5201
39.977
43.471
21.944
-4.3146
1.3109
-15.616
-33.173
-16.225
-1.9109
-9.4911
-43.032
-1.6796
10.908
29.733
-17.254
3.5895
23.112
9.1951
3.7497
-38.477
-22.538
26.451
31.408
-27.567
-64.43
-27.263
-8.8796
-34.608
-10.188
-2.8645
-34.563
-32.333
-13.781
21.383
70.089
78.147
59.968
51.204
39.33
48.645
39.273
-59.317
-28.754
