NaN
NaN
NaN
NaN
NaN
NaN
NaN
NaN
NaN
NaN
NaN
105.16
63.551
9.2106
0.029896
22.814
36.832
-22.987
-28.842
7.9109
-39.721
22.425
25.59
26.506
-63.937
-62.926
-80.62
-47.842
-23.191
-32.807
-15.106
19.74
NaN
NaN
NaN
NaN
-51.671
-21.7
8.788
23.647
23.866
14.379
48.271
36.983
13.757
-42.558
-8.3487
-7.1047
5.3022
9.6727
17.903
15.492
49.399
56.295
22.873
-17.269
-45.055
-45.054
-32.378
-6.6782
NaN
NaN
NaN
NaN
NaN
NaN
39.361
-12.575
-25.727
28.767
-42.056
-38.911
15.003
40.069
30.476
38.655
11.238
-9.1153
36.969
18.836
-48.842
-14.67
-56.074
-19.018
-11.67
-24.699
-26.833
-7.0185
-67.371
-17.738
-23.3
-24.116
2.2725
17.013
17.004
-7.2858
-19.954
0.80661
NaN
NaN
NaN
NaN
47.298
82.407
18.668
3.4216
0.73031
-16.417
-0.9135
-38.995
-10.211
3.0826
2.9481
-23.106
4.482
50.289
33.691
-48.106
-27.84
31.638
70.73
44.575
-10.366
NaN
NaN
NaN
NaN
-26.506
13.351
-11.078
-31.079
-24.982
-20.034
-38.321
-30.816
-15.957
-13.512
-35.584
-0.33248
17.655
12.001
35.026
18.266
41.904
46.206
5.7586
-7.9819
17.914
7.1607
21.017
31.422
40.307
3.4161
-16.521
-25.281
8.5908
-3.453
16.826
-22.749
30.434
21.413
45.754
4.4661
-19.838
-44.014
-38.52
-17.5
20.527
-19.939
-20.466
-10.777
-19.875
-5.6941
-15.28
-24.626
-22.264
6.7583
14.833
9.0813
2.0898
29.34
-14.246
-2.0645
16.081
1.8528
8.5467
18.811
23.404
-12.285
-15.79
-22.06
-4.6213
30.159
21.864
16.743
-37.048
-26.734
-13.019
-34.059
-23.685
3.3785
26.372
16.064
26.555
27.156
0.54357
-5.0977
24.712
20.197
36.244
3.6958
-13.846
-16.231
-15.353
-34.429
-39.612
-17.292
-2.9646
11.801
28.636
32.722
30.644
57.139
27.749
10.694
31.112
NaN
NaN
NaN
NaN
-38.569
-22.3
-76.709
-56.3
-55.719
-24.69
28.483
16.198
-5.7408
10.782
-32.924
-2.351
-15.265
15.86
40.184
4.0778
3.8889
2.9914
33.091
18.667
21.675
37.46
43.878
57.523
-5.002
-61.974
-34.988
-2.5053
9.144
24.901
17.846
37.392
2.6626
-8.2678
-0.94686
50.675
55.062
-8.6183
-17.813
-9.2662
12.018
-2.9079
21.699
-27.383
4.0099
-52.93
-77.134
-54.069
-18.7
-79.516
-69.954
-69.197
-32.759
-6.3952
5.58
-24.75
37.97
15.666
73.785
35.091
36.083
-8.1146
23.748
40.462
37.897
33.829
28.087
19.381
20.863
-6.315
-5.1513
0.76021
24.422
27.817
-1.8757
14.047
47.863
24.712
-14.895
2.2559
37.635
6.4541
-10.605
NaN
NaN
NaN
NaN
NaN
NaN
NaN
NaN
-44.437
-41.158
30.403
-9.5727
-62.887
-4.7432
26.858
13.631
43.376
3.8371
-34.4
27.885
1.7641
10.071
59.881
46.929
-19.687
-21.361
-5.5715
-17.918
28.516
33.848
37.197
46.892
35.497
29.324
24.637
-1.1604
-38.788
-14.381
24.422
-20.266
11.876
8.3713
-13.703
-3.7806
-14.987
-14.309
-23.35
-22.771
-19.05
11.794
12.701
-4.2693
28.994
-50.21
-29.953
-5.6149
7.4489
-14.033
-17.685
-13.902
-17.479
-45.75
-0.34781
24.874
51.333
17.387
-38.289
-34.735
