NaN
NaN
NaN
NaN
NaN
NaN
NaN
NaN
NaN
NaN
NaN
60.441
34.194
72.446
47.611
40.642
21.896
-18.762
27.479
-11.267
-18.567
21.206
4.2553
40.217
-18.582
-0.65225
-43.799
5.1886
-3.6522
-1.4522
19.641
39.068
NaN
NaN
NaN
NaN
-37.155
-15.376
4.3015
31.862
-5.1711
-89.751
-2.5251
1.0241
-8.1497
-15.309
17.39
-7.8401
-25.525
6.0506
11.754
-5.9323
13.073
-2.1926
21.727
1.8945
-21.863
-15.926
11.775
2.167
NaN
NaN
NaN
NaN
NaN
NaN
2.6801
-16.37
16.111
30.213
16.875
-51.912
-69.024
1.3939
35.388
-27.09
37.759
54.978
-7.3939
22.801
-15.667
-30.737
-31.007
-9.8241
-13.044
3.9658
-22.667
-40.027
-16.738
3.0484
-3.5078
-31.597
-36.716
-40.142
1.4774
26.816
39.425
23.419
NaN
NaN
NaN
NaN
39.263
8.6698
17.803
18.671
41.752
-1.0518
-8.0803
-23.428
3.5102
28.476
33.451
4.5601
-15.345
-11.257
-14.535
8.1066
29.225
7.1645
29.459
28.045
43.485
NaN
NaN
NaN
NaN
-14.578
9.2647
15.409
14.26
-15.364
-3.8112
-34.967
-4.6669
-33.062
-22.006
-13.247
-19.7
-60.283
-6.7554
12.451
28.425
-8.7821
8.3049
-2.9088
0.8669
34.654
-6.6122
35.362
16.67
46.848
27.579
17.352
-17.116
-10.212
-42.677
12.61
-21.997
20.142
-19.809
36.253
15.787
2.6679
-16.51
22.61
5.3623
-1.396
-39.164
34.376
27.503
-7.0352
2.7039
-31.994
24.536
-8.0407
13.646
-47.405
14.163
11.206
12.898
-38.276
-19.47
-22.817
-17.709
-11.404
10.514
13.463
55.886
-45.384
-21.073
32.912
-4.5554
-38.097
-27.444
-29.831
-34.796
-8.0654
-7.4876
22.074
-3.9914
5.3949
22.273
30.843
60.309
14.466
2.4651
47.929
23.913
20.217
15.422
32.367
21.943
-24.424
-33.058
-25.267
13.043
5.0459
-33.724
-12.68
23.347
2.8273
25.725
-41.85
11.903
-22.439
NaN
NaN
NaN
NaN
-17.525
5.0609
-79.576
19.389
-5.1722
-16.667
51.02
34.994
-14.312
47.758
-36.554
50.335
-27.89
27.591
16.888
-71.75
-11.303
-9.384
3.7281
21.744
29.733
34.87
-33.518
-22.212
-20.365
-16.011
42.676
-1.8177
37.989
26.483
6.9896
31.25
-24.645
-3.9795
21.323
-21.755
22.265
-6.6765
52.441
-49.446
4.5273
42.813
51.356
-9.2766
23.549
-29.499
-34.393
-25.66
7.5627
-99.907
-104.13
-64.78
8.1975
-4.631
18.817
-1.8645
30.367
10.101
40.26
-29.479
3.1163
-37.626
10.801
24.25
32.467
-25.764
32.102
33.023
38.627
-18.017
-7.8329
24.266
41.731
41.954
-16.507
33.813
41.193
9.6757
-34.378
25.877
13.731
-18.299
-3.5113
NaN
NaN
NaN
NaN
NaN
NaN
NaN
NaN
-48.557
-5.9641
5.5373
-10.25
4.4732
28.002
32.147
7.836
19.907
35.175
-5.7982
-9.9238
-32.867
-0.1599
-10.076
-11.759
-17.526
28.605
-27.884
-24.897
-29.523
-41.074
-19.899
16.717
0.68694
22.451
72.019
21.209
40.36
2.0211
81.124
29.999
12.761
-9.0533
-13.619
-4.6982
-43.503
-15.514
-14.166
17.893
-28.719
17.751
8.0945
-25.796
32.597
6.18
12.841
-24.218
8.4766
-39.611
-17.864
-3.1045
-54.239
-36.211
31.409
28.18
39.945
52.993
3.4333
47.614
