-33.115
14.846
-21.007
1.3213
-27.596
13.378
-7.6564
-41.225
-38.381
31.536
19.175
-16.945
30.583
-6.5532
17.373
18.758
-4.2401
22.549
-1.4271
-11.473
-36.398
-68.89
3.9051
41.699
-20.403
11.47
-8.7875
-28.088
5.1601
-11.733
7.4409
40.586
7.7914
20.513
40.047
-10.158
-9.8651
-8.3341
-21.086
24.914
46.055
-16.213
-41.635
17.339
22.671
-14.202
22.022
-31.768
-20.865
23.74
-16.067
-12.649
-17.803
26.257
30.812
-3.6036
-27.069
-14.388
11.948
-10.113
8.8732
-15.084
-80.966
0.075566
42.274
1.9319
3.5548
24.65
-1.7627
-0.37744
-3.2898
-5.411
55.402
-37.273
49.49
39.004
-20.018
17.608
-32.311
-42.198
-22.431
-19.827
10.992
-0.72945
47.784
28.765
4.6358
-2.7871
-24.101
27.101
5.1654
-2.3276
-2.1858
-1.3816
-34.702
3.6778
12.563
-48.034
-19.359
-26.784
-5.7008
11.889
-2.2365
-13.844
28.155
14.012
-17.652
28.471
19.546
-19.161
33.891
-9.3617
-32.923
7.7708
42.169
19.495
2.8608
-5.5021
40.204
4.1754
3.1602
-7.1249
-42.114
5.9574
-25.805
-12.819
24.368
-12.7
-1.1362
-20.932
-42.064
-4.7754
9.8777
-26.603
-12.684
31.003
16.995
32.339
31.008
-4.3973
-16.196
43.182
0.18056
-43.058
-39.834
-9.0246
-19.717
14.809
7.1664
49.501
18.032
-30.245
19.388
14.372
-0.99071
0.6929
57.913
-19.991
-1.5711
-18.017
-30.662
16.235
35.831
-15.973
-20.531
-17.042
-76.314
-17.995
21.385
-20.151
-35.42
-9.9209
5.5418
42.339
24.035
40.598
22.444
-5.9699
-6.742
19.576
15.573
3.2929
4.8462
28.567
3.6772
13.948
-3.8381
-44.259
-5.1072
-19.127
-6.6611
-7.668
10.148
-38.161
30.502
-7.7048
29.645
-2.615
-12.133
-3.4522
-15.738
-39.702
-28.092
6.4458
-13.475
8.2436
20.71
-31.444
16.398
20.741
54.983
0.50547
-20.843
0.43053
40.904
3.9174
1.8837
2.0855
1.0837
37.703
2.3115
-45.156
-12.327
51.651
-20.238
-18.542
7.0922
1.7378
-3.4422
-55.77
-16.398
45.398
-7.068
9.6907
-18.815
9.4265
-11.676
-84.343
12.365
33.778
21.846
-32.836
-12.017
10.814
-8.2457
-23.227
20.574
-10.253
43.725
67.454
16.344
29.515
31.061
-26.947
-3.7325
