-49.078
-0.03556
42.396
39.846
20.081
-1.6892
37.021
-4.4984
5.7479
1.741
2.6175
6.2488
0.10365
11.375
-2.7213
-7.1941
-34.289
8.7917
23.543
13.012
18.57
-22.68
-4.9691
10.054
-1.2732
-21.694
-13.538
-3.0179
-17.693
-5.3903
-4.6148
-12.86
-8.1765
-9.4114
-8.6639
2.7246
-0.057748
-11.744
5.0678
17.365
11.51
25.711
6.0948
-3.7077
-3.7963
-8.5182
6.6267
10.708
-2.9914
9.5446
16.784
-1.8244
1.8414
22.404
13.952
26.463
10.197
-10.027
-34.238
-5.2194
-7.3262
-24.664
-42.87
-23.481
24.395
7.5993
-17.124
-12.836
-9.3331
-6.6211
34.821
30.433
14.527
-5.1408
13.075
0.71316
-13.719
15.466
-12.854
-17.749
-10.607
-3.5598
-14.658
-41.762
22.478
19.567
24.182
17.665
16.808
-0.23277
-11.338
0.34753
14.739
13.255
-11.268
12.449
19.604
-22.853
-29.01
-5.2552
-6.916
-8.4795
-8.0918
-2.2869
11.639
-4.5499
10.624
-6.8407
-16.869
-14.24
5.4542
36.615
38.709
10.419
-20.551
-18.749
-5.062
-37.925
9.0587
-9.6644
12.114
-4.695
10.764
27.019
9.1819
14.878
9.3004
-5.3596
-4.4568
-2.4745
-20.377
-9.0774
-4.0276
-25.668
3.8077
-8.874
-23.311
-4.585
25.115
24.128
8.612
12.537
3.8458
-5.6346
-3.2562
1.1192
-11.786
-22.192
11.004
-1.4929
-9.5096
-2.091
-0.92998
28.205
30.392
11.854
6.8773
16.164
19.833
5.2018
-27.002
-31.551
4.2185
-3.4591
4.5178
-14.544
-13.735
-0.3393
-10.4
-8.7022
-38.623
-11.528
-22.019
-13.926
1.721
-3.2546
-16.684
2.0236
32.656
28.779
31.63
36.493
34.958
-2.0068
23.354
-1.7837
0.48794
-10.901
4.7908
28.628
-3.8276
-22.378
-27.521
-22.944
-19.998
25.166
-2.1444
-0.83164
-7.4053
6.1577
-20.054
-10.489
-22.752
5.3346
13.475
-19.016
-28.286
16.752
20.565
15.96
0.53292
2.3911
8.4421
1.1362
-20.125
6.7931
-11.004
-27.593
4.8023
8.3973
12.285
-5.8024
26.093
-3.0723
9.2389
23.664
-33.289
11.133
15.045
49.846
2.6494
-9.4704
0.64344
-15.431
12.351
24.771
-35.03
-8.4728
-11.681
-15.609
0.43186
-0.60897
-29.661
-6.8245
-12.812
-26.641
8.9245
9.0106
26.732
1.1566
12.838
19.534
25.861
-62.242
-43.738
