NaN
NaN
NaN
NaN
NaN
NaN
NaN
NaN
NaN
NaN
NaN
74.728
-46.457
-83.166
-17.229
88.01
71.221
16.739
-74.909
28.25
36.552
150.62
72.639
-58.815
-156.79
45.668
-2.8711
59.621
-8.6203
3.3476
9.574
-52.777
NaN
NaN
NaN
NaN
-147.17
28.977
-62.87
-53.529
-18.976
63.078
21.263
84.003
-69.501
20.743
11.516
62.673
13.216
114.88
-23.612
7.68
48.753
7.4852
-138.49
-25.718
67.443
31.866
-38.17
63.876
NaN
NaN
NaN
NaN
NaN
NaN
-133.69
-60.518
-8.3339
-65.159
-78.463
-73.113
49.03
120.66
91.522
33.679
-52.023
-55.059
67.954
63.372
-13.021
36.521
-148.33
69.398
48.954
45.588
15.274
-36.143
-104.02
-63.937
44.441
-1.6444
26.719
24.885
-36.864
-15.603
-71.837
70.414
NaN
NaN
NaN
NaN
-43.711
20.913
5.7189
-13.764
-16.503
64.93
26.715
-68.589
61.053
38.146
35.174
-107.16
31.245
63.661
-8.9237
-106.63
47.544
32.822
6.7964
-107.18
15.71
NaN
NaN
NaN
NaN
14.433
15.25
-69.938
-17.994
45.114
-13.437
-28.304
-33.98
85.388
-30.553
-87.516
-103.95
71.444
71.258
-4.9476
-101.53
-39.262
60.491
40.217
-17.021
-29.241
-53.431
117.39
101.06
45.39
-53.266
32.837
27.198
65.245
-9.2807
-99.985
-25.922
-0.4565
6.2168
-43.022
61.784
68.205
-84.71
-71.889
78.948
57.441
-25.558
-112.21
8.7405
63.051
61.093
-91.058
-123.45
47.409
39.247
38.754
-74.157
63.53
-39.654
-91.733
64.936
37.505
-59.354
54.359
55.772
2.6953
-64.532
72.046
73.713
50.013
-39.259
-124.81
-32.826
17.201
45.554
-22.167
-82.146
-126.62
40.054
93.972
77.548
110.27
-39.273
-115.33
57.119
10.84
39.877
5.9214
-159.57
-75.028
78.265
104.2
85.162
1.5593
-115.77
53.658
41.741
70.201
-26.198
18.122
91.552
-120.3
-69.989
78.557
NaN
NaN
NaN
NaN
-177.98
-43.181
0.30696
9.3828
29.205
66.466
54.888
-31.974
62.061
62.663
-6.451
-13.783
27.689
-38.305
-15.374
66.194
52.285
-92.645
-3.8584
71.46
57.86
12.598
33.787
-32.745
-141.04
5.9077
87.846
52.048
8.6657
-78.644
0.050522
89.1
-40.753
-103.53
-95.425
57.04
65.17
-23.435
-104.81
79.17
80.812
-10.794
-51.908
79.624
29.143
-64.713
-119.66
92.304
82.373
-110.35
-71.585
30.83
94.96
-76.534
-73.132
92.494
21.768
-98.321
58.309
3.3793
-125.09
14.973
97.312
43.853
-86.563
56.009
30.212
24.436
-39.407
90.835
8.0779
43.608
-71.317
-43.776
87.468
64.853
52.046
-145.05
8.8796
53.512
39.014
-93.903
-151.62
NaN
NaN
NaN
NaN
NaN
NaN
NaN
NaN
-37.156
-13.573
42.931
-18.135
-104.47
-46.996
114.89
28.058
17.092
-25.871
-63.266
-12.654
25.704
56.699
69.075
80.482
-49.073
-48.104
-84.121
31.486
12.667
105.73
47.318
-24.709
11.344
4.1883
-13.952
-2.5207
-95.112
61.233
11.683
-26.58
6.2267
42.124
-74.785
-97.553
40.674
80.405
35.477
-47.637
1.0573
52.77
42.818
-28.077
-33.616
-11.367
42.32
-69.382
-104.02
37.653
-25.608
-13.136
-100.35
11.02
63.22
128.5
27.802
-63.698
2.8959
-6.6221
