NaN
NaN
NaN
NaN
NaN
NaN
NaN
NaN
NaN
NaN
NaN
-19.758
-25.81
-16.62
37.737
56.513
29.183
23.326
48.915
53.489
3.1164
60.153
27.608
40.321
-35.842
7.3362
-40.327
-9.3981
-51.402
-26.612
-28.807
19.231
NaN
NaN
NaN
NaN
-21.32
-14.276
-37.939
-33.92
22.37
-16.368
-4.6175
-22.311
-45.086
-41.293
47.508
19.491
-56.779
8.2137
20.977
28.168
41.821
33.831
8.7173
-9.7038
34.834
-8.9326
40.481
3.2988
NaN
NaN
NaN
NaN
NaN
NaN
27.365
-27.187
-19.688
20.189
-55.886
-56.515
-58.361
-15.955
-11.164
-28.737
29.111
58.413
46.168
75.026
-11.183
11.215
-10.481
21.974
5.2793
-1.2008
1.8053
7.1872
-36.605
-6.1438
28.056
-25.001
-48.556
-86.072
-25.031
-14.958
-0.097408
1.5025
NaN
NaN
NaN
NaN
41.45
50.676
34.196
-33.609
26.073
-11.115
18.607
2.1657
32.533
59.769
32.252
-15.078
-13.464
-3.1732
-25.632
-7.3046
35.05
29.871
47.364
16.508
-17.265
NaN
NaN
NaN
NaN
35.582
20.567
3.3457
21.127
-25.752
-47.408
-51.755
8.7134
6.5389
-36.028
-24.305
8.999
-39.786
-40.917
-8.5381
72.64
39.768
2.8515
-38.688
-21.954
26.227
4.9676
67.205
65.369
64.998
16.118
18.291
-57.857
-21.674
-33.582
-25.897
-43.054
17.683
-27.147
56.566
16.629
6.9056
-19.917
2.4894
5.5915
9.3591
-36.745
-6.7856
37.665
43.804
30.901
-23.09
3.1868
-19.58
2.7506
-5.3509
-10.524
9.4294
-32.073
-49.382
6.902
-2.6373
-13.071
-0.20267
2.0643
-20.624
3.6124
-26.38
-51.184
-25.672
8.5389
32.709
7.9308
10.604
-12.486
8.8305
9.0254
64.666
48.883
37.947
6.1218
-1.7539
8.6188
-8.6338
13.717
35.466
-28.188
-19.727
-19.351
-12.112
15.317
-16.636
-42.338
-34.381
13.212
7.4537
0.3009
1.1642
32.137
28.492
34.085
-9.005
44.863
25.442
NaN
NaN
NaN
NaN
-16.148
-4.6091
-56.899
-20.305
-7.3072
5.3805
33.867
16.87
-32.983
22.663
-16.303
27.966
-43.881
2.0077
42.917
7.0674
-1.0181
-1.8712
25.484
25.219
26.045
41.073
-2.6058
-9.1401
-64.347
-48.475
-7.9473
20.691
30.275
17.705
12.871
38.073
-11.681
-8.4727
42.008
45.259
11.83
-53.386
-12.385
-59.984
-22.424
-15.88
19.206
-19.31
31.361
5.103
-3.3556
-0.63937
31.898
-50.957
-22.778
-1.8908
-0.54751
-34.231
-0.75556
-20.081
-13.065
-26.678
8.5928
1.7925
20.998
-18.5
19.188
20.74
27.259
-41.575
4.2583
20.596
19.419
23.738
34.125
50.764
32.625
32.573
6.6099
2.8158
15.863
-12.075
-23.328
6.9874
11.49
-26.925
-5.8746
NaN
NaN
NaN
NaN
NaN
NaN
NaN
NaN
-39.399
-7.3839
-5.2494
-42.2
-49.731
-6.4979
40.293
60.866
25.08
-13.386
13.521
19.029
-27.498
32.854
62.299
23.722
-8.3237
8.553
13.311
-19.453
-59.446
-80.003
-47.122
7.53
4.9896
32.909
73.275
18.576
-17.116
-10.568
38.628
23.617
24.957
25.673
-2.9916
-9.873
-44.529
-21.994
-36.416
11.363
-2.3525
24.88
20.737
-2.1509
2.584
-24.604
5.4471
-14.253
12.273
-1.6015
-40.757
-28.537
-19.204
-29.91
14.938
31.465
39.686
52.464
7.2327
-5.5787
