-10.747
37.318
25.853
-4.5229
50.965
-11.286
-34.574
-27.393
-33.408
36.213
1.8763
23.802
71.211
14.894
33.162
7.8005
-49.763
-19.011
-39.854
-71.781
-41.636
16.339
63.959
66.294
-49.756
-2.9321
19.602
-23.528
3.8036
-59.708
-44.258
-24.548
7.7161
-0.053474
-3.4334
15.59
22.166
48.863
-0.34781
2.2489
6.0069
-10.307
30.479
45.678
16.65
-2.4668
2.0203
38.116
-27.645
-89.103
-44.831
-6.6728
23.279
-10.654
17.506
72.983
8.8361
-62.788
-2.6101
-16.208
2.4835
-9.1339
46.605
68.103
-20.646
-6.7209
17.788
-16.445
-18.361
-34.406
2.6168
-32.018
46.542
27.183
20.645
14.927
37.513
-70.812
-47.906
-17.435
-42.045
-89.315
-44.307
38.497
15.007
67.5
62.611
-4.4076
-13.874
-16.276
-22.737
-27.483
-5.6354
1.1635
10.269
66.895
68.524
103.53
23.699
-53.966
6.2007
35.589
10.888
-31.985
-50.857
-56.525
37.361
-11.799
-23.002
-48.409
13.585
31.512
-29.284
-66.293
-7.1013
12.985
28.181
-35.286
15.772
25.912
3.345
-11.921
-22.32
-59.286
-11.184
23.782
-27.851
3.572
57.884
45.345
-3.6592
27.714
33.412
-13.81
63.47
78.95
-3.8727
-58.139
-45.326
-27.505
-12.268
-33.176
11.61
57.888
11.86
0.12143
-56.401
25.212
22.591
-60.934
-44.081
-43.126
-23.243
17.251
-17.249
22.541
37.434
64.977
15.324
25.712
39.789
53.226
70.225
-8.3217
-121.4
-55.228
-45.5
33.744
-27.104
-58.527
-75.786
-9.745
-10.646
10.428
23.102
25.694
11.397
12.343
35.239
19.851
42.368
23.07
-49.045
36.75
51.396
-7.2894
-40.961
18.398
14.663
26.432
41.034
-11.606
6.9001
-11.862
-49.506
-55.296
-24.078
-25.437
2.1358
NaN
NaN
NaN
NaN
-8.4958
-27.54
29.682
-2.4634
-25.762
-121.63
-9.4838
-14.775
13.467
-6.6326
36.47
-35.774
27.99
81.426
128.34
45.55
-51.348
-38.499
26.696
12.432
20.432
9.0962
-74.964
-46.39
-15.603
NaN
NaN
NaN
NaN
-13.867
2.2661
44.753
35.971
3.6214
27.799
27.707
-12.157
-37.01
-43.974
-62.505
-79.568
-35.197
56.976
21.597
-0.33458
47.309
60.339
40.695
32.396
-35.915
-52.721
10.12
49.223
-32.302
-2.0951
35.353
13.096
50.243
-83.882
-55.613
-41.72
-33.833
-66.473
-19.492
29.877
51.141
31.077
28.294
-15.082
54.057
24.428
-1.1541
41.71
37.255
-3.7125
-83.724
34.374
19.406
-38.861
-63.69
-25.563
14.173
41.044
0.14071
1.0488
-3.3781
4.6581
40.08
34.287
-19.179
-43.203
-10.404
-2.4008
18.335
-0.75372
-35.197
-36.922
9.0658
8.4217
13.818
3.5094
-16.093
18.236
48.265
69.606
1.7319
-69.259
-51.533
-86.945
-37.57
-13.943
8.7392
19.745
53.821
13.297
-26.72
22.12
43.128
34.98
38.178
1.4819
32.158
15.154
7.1215
12.126
38.261
-26.376
-61.712
-38.07
42.534
55.448
-23.013
-1.0414
-46.926
-67.776
-78.319
-20.529
25.686
7.3569
-34.549
-36.56
-13.304
7.8795
0.063591
5.4228
NaN
NaN
NaN
NaN
-42.299
-24.852
62.981
26.78
-25.213
-31.218
33.815
74.078
39.357
-11.396
-74.784
-27.626
-3.3403
-43.804
-38.583
-47.175
1.8667
-33.788
-10.692
21.337
13.252
-1.2443
8.4573
37.95
29.187
32.169
27.184
56.247
65.448
11.379
-65.964
-41.342
-21.777
-22.838
-1.0297
-28.701
-26.658
-7.677
12.727
50.028
15.995
-8.5885
15.64
-45.334
-68.645
-10.315
3.5967
-11.663
-0.17536
-4.751
10.808
-15.933
56.619
4.9213
