-16.826
51.753
2.7447
-35.478
5.3193
18.98
-20.67
-2.0512
42.283
46.721
72.555
60.057
78.885
39.271
-25.998
-42.479
-21.617
-14.148
-65.776
-33.317
-58.303
-51.824
-12.771
14.141
-1.225
21.899
18.298
27.691
21.802
-23.833
-43.518
-5.1684
-37.711
-56.26
-17.562
11.96
17.49
29.801
23.483
61.456
77.568
64.875
33.364
34.631
3.7867
0.41554
-2.4538
-49.068
-62.328
-45.983
-12.851
-25.229
-32.391
-36.144
-36.958
5.1016
14.19
46.813
-12.891
-13.995
2.2917
-11.219
35.189
-9.2352
16.83
7.6321
49.275
37.151
25.444
23.504
2.4233
-0.64802
-17.557
-89.963
-79.71
-14.905
56.091
39.281
17.557
-39.938
-75.012
-28.209
29.061
40.038
44.103
30.868
16.996
2.4601
12
35.879
-17.237
-33.835
-24.795
11.503
26.048
24.306
1.2283
-27.979
-25.416
5.7497
-2.6168
-33.011
-9.4983
-7.6385
23.205
25.026
27.201
-0.92176
-71.927
-54.335
1.4711
13.136
27.996
-1.9714
-32.13
6.2618
2.1447
-8.8073
-8.9727
15.201
29.155
22.215
29.179
-8.8418
0.41958
1.3029
15.251
25.879
-47.662
-78.932
2.1561
55.895
69.063
28.907
12.238
-20.439
-32.491
-2.3667
24.589
38.096
29.473
17.016
6.4187
28.937
-15.152
-7.6012
-26.213
-61.424
-111.61
-97.797
-54.245
-38.782
-6.1764
40.218
11.649
2.5003
24.526
38.782
18.663
-8.8585
2.377
16.091
25.536
43.062
43.316
53.53
27.657
34.431
-48.507
-61.512
14.718
31.834
51.439
43.718
-3.6925
-45.072
-28.591
0.93832
8.463
18.096
5.2139
-18.11
-35.101
-43.203
-77.818
-35.891
-6.7946
26.662
25.04
12.889
49.74
-62.653
-55.328
-28.148
-40.706
-44.186
-12.172
14.263
-1.8804
58.625
31.606
77.656
77.777
80.147
77.934
34.153
-21.026
-32.318
-3.1503
-19.474
-15.792
-27.771
-45.837
-28.492
-28.353
-37.297
-66.509
-21.199
-20.604
-15.254
-0.93206
21.301
27.643
48.238
60.524
42.712
13.092
43.413
66.543
35.532
0.1398
-69.925
-57.299
-67.393
-61.034
7.5338
-3.9408
-0.72783
15.536
5.4203
-40.314
8.2218
-19.442
0.6007
-9.2933
0.076524
9.6435
50.318
34.819
47.344
26.16
11.068
7.0116
-38.063
-25.708
-53.791
-33.026
-21.93
-16.445
13.088
46.135
10.375
-26.234
-14.259
36.513
53.394
18.964
22.325
-12.495
13.243
39.486
35.214
12.229
12.707
-34.395
-64.177
-58.528
-77.489
-32.564
3.1118
29
-0.20603
-17.811
4.1037
7.714
16.159
24.115
12.19
7.8254
29.826
13.697
3.5739
-18.825
16.096
-16.594
-33.494
-42.386
1.8525
10.665
24.94
-2.9751
-13.248
15.299
21.285
31.169
8.258
0.21662
-30.027
-41.224
-2.9742
26.2
38.712
70.513
43.948
0.71642
-18.467
-29.685
-37.452
-81.793
-66.258
-24.241
-7.2145
27.952
52.137
32.496
-23.191
-19.895
24.45
30.645
53.319
17.583
-32.134
38.535
22.303
-20.629
-28.321
-7.4812
8.3331
15.615
-16.687
-80.279
-85.356
-24.455
-8.1035
26.751
11.325
3.8527
-43.072
-1.0007
35.156
8.9095
21.106
39.277
58.45
62.403
46.99
32.29
-5.487
-16.249
-18.794
-14.664
8.0637
57.638
20.72
-47.694
-38.261
1.8588
-56.986
-75.305
-59.009
-45.611
-13.3
5.3572
24.891
50.867
19.53
-0.74942
-55.535
