46.735
65.922
2.6403
-13.986
-16.169
19.95
18.566
13.083
41.034
-4.411
4.4457
14.851
54.832
32.86
18.766
43.688
-13.486
-26.219
-19.312
7.7404
-19.52
-49.896
-9.3753
28.95
-22.797
-28.103
-10.299
24.202
17.441
-21.39
-10.555
-3.8947
-51.281
0.85015
42.151
21.176
1.3428
8.6996
-8.3124
-35.098
-18.014
15.898
-17.606
18.724
-21.642
-26.002
1.2217
39.644
-5.6483
-34.856
26.18
22.943
40.693
14.592
16.411
49.477
-11.841
1.3708
-45.873
2.0025
7.1217
18.495
23.098
5.6899
48.878
-15.601
-1.1804
-12.868
-11.575
-50.119
-51.154
-35.971
-43.553
-52.005
19.081
4.3223
9.2463
-44.393
-8.1764
17.948
8.4279
24.305
-0.41126
15.129
55.585
81.63
69.393
-19.034
-34.949
5.8316
20.645
35.656
-35.836
-64.469
-9.154
36.396
59.832
-2.0545
-44.266
-24.492
-2.4036
-6.3322
-0.51353
-15.865
-55.916
-19.432
4.0027
-9.9632
-1.921
14.442
35.753
37.682
10.583
-54.083
-27.144
2.3095
-31.474
-6.846
14.896
0.90597
-0.054577
11.892
34.791
44.104
47.691
36.057
-28.146
-47.349
-49.105
-18.097
64.975
70.028
47.139
-34.046
-54.207
-63.589
-52.595
-52.039
-3.0278
32.091
27.85
56.484
103.55
103.72
21.709
-19.613
-44.008
-84.347
-56.623
-45.813
-35.822
-28.258
-17.86
17.996
-14.834
-52.435
-31.493
-21.739
9.3875
54.961
48.762
30.218
-4.075
15.048
45.908
34.184
49.627
58.232
-8.3829
-52.255
-30.758
13.924
66.991
63.628
14.722
-43.069
0.75841
-4.2427
-23.137
-54.965
-87.886
-24.797
-3.2877
20.812
-15.795
-54.104
-75.355
-61.123
-6.5266
24.536
97.317
38.016
24.825
13.397
-35.798
-33.079
-9.5257
45.882
8.4782
31.564
16.673
54.613
62.468
55.065
62.61
7.1681
-4.7773
-61.682
-22.664
8.5047
-35.384
-78.31
-59.325
-53.506
-39.808
-10.211
18.722
-17.766
-37.497
-22.857
5.3942
61.888
40.492
2.8829
43.888
37.774
-3.2331
-1.5574
60.858
41.578
-21.628
-17.786
6.1019
8.5305
10.607
23.684
-14.094
3.3966
-8.8685
-32.328
-72.692
-31.291
-51.395
20.437
-21.819
-5.1589
-11.787
12.589
4.3235
19.635
20.19
27.126
-7.1599
4.6045
44.431
0.81073
-38.39
-8.5569
-9.0949
12.63
51.967
54.788
25.976
-22.29
-11.563
-28.762
-7.4416
-8.514
-7.5622
-7.4864
8.1632
24.512
2.2307
-20.604
-52.77
-9.4148
19.099
-14.89
-7.7703
-0.016511
18.757
1.5848
6.4632
20.2
3.4331
6.0905
6.7391
-15.802
-19.036
12.999
0.21725
-26.342
-40.78
-36.193
-21.804
14.905
16.172
21.079
17.805
53.807
20.431
-6.1854
13.917
23.405
2.9141
-8.2789
10.62
-12.061
16.115
13.867
24.451
-14.848
28.243
-16.885
-19.862
-41.053
-45.265
-1.5131
-44.51
-57.025
-15.924
-3.0363
36.468
36.015
6.5058
7.2021
18.244
34.061
4.2905
8.8661
-9.4975
-52.63
28.145
6.9274
-1.4431
-8.2844
11.899
2.9707
35.933
13.968
-27.019
8.2048
34.421
72.397
-39.977
-100.52
-19.624
-21.118
3.0873
22.358
-23.932
-30.359
-4.6949
18.496
-9.2512
-52.743
7.4561
39.567
55.551
8.0567
-8.5681
70.837
98.61
76.442
28.681
-64.57
-61.637
-90.489
-43.757
23.218
-19.062
-25.344
-0.88769
45.66
20.37
-67.108
-87.302
-85.223
