-29.35
-28.44
-17.601
-13.653
-9.3728
29.549
-0.71713
-51.376
-66.565
32.685
37.631
15.267
33.267
4.2283
1.255
1.3692
-3.2874
2.8271
-46.302
36.291
21.671
12.714
-14.341
-24.216
-32.3
-34.372
57.366
27.719
-8.4777
-7.3604
31.293
-31.218
-8.0603
-15.139
-39.179
-30.398
-27.273
13.996
-11.797
75.085
28.771
-8.72
24.106
20.934
-70.703
-9.6684
0.87752
-19.6
-20.536
11.941
53.125
50.985
-8.3071
-54.642
-61.589
3.4127
56.492
42.931
8.9936
-28.241
11.006
36.026
6.9645
6.861
-17.283
-19.291
-3.8215
8.7889
3.2632
26.223
30.084
11.161
-2.4294
-40.681
-57.83
-45.098
11.189
18.649
-44.612
7.212
6.6705
0.97456
-27.692
-18.582
4.1081
4.6804
36.005
4.3807
-23.904
-11.331
14.648
33.975
22.283
5.0112
-27.485
21.041
30.653
4.1745
-18.69
6.005
-0.89656
-11.035
44.501
59.642
-7.71
-55.689
-14.054
31.648
21.077
7.3545
-5.4844
-5.5611
-21
-38.996
-14.346
-58.047
-19.008
56.711
28.753
-40.46
-25.115
-62.863
3.6289
62.016
21.409
-33.502
-19.699
21.993
-10.685
-18.594
-30.015
40.842
18.348
60.25
40.939
4.1545
23.495
-5.6241
-37.757
15.497
7.877
38.053
-2.9292
26.663
-45.037
-0.21465
-30.094
-31.185
34.181
27.104
-12.859
-63.81
-85.679
-66.354
9.2659
37.484
80.13
48.121
-33.587
-0.64926
44.925
47.923
35.624
-24.752
-8.9368
-48.242
-31.249
-36.498
-8.4308
24.177
43.426
-8.4449
-15.337
-41.489
-19.808
3.8675
12.78
-40.648
9.5723
44.252
28.604
-2.7665
-31.07
-6.9143
12.795
33.769
45.519
55.284
-1.6784
-42.766
-16.305
9.6493
-1.3662
-17.107
17.302
19.972
41.061
3.4251
-43.137
-75.16
-31.772
34.306
29.37
-17.568
-8.113
4.3577
-25.904
17.694
25.758
-51.499
-38.47
-41.655
-20.729
-1.8514
13.571
36.704
36.07
12.615
-5.2663
30.303
-1.9947
12.848
-0.48746
-24.802
39.215
48.956
42.69
14.894
-77.913
-52.879
-6.9248
28.809
4.1571
51.616
17.014
11.637
-1.7429
0.11712
-30.44
-1.1957
-1.8389
49.154
-39.968
-66.965
-33.804
-38.64
-61.498
-51.031
-5.1258
-18.263
15.764
68.822
86.403
85.039
48.749
