-83.073
-17.716
-7.6289
51.405
30.604
-1.1257
-40.752
38.651
59.248
44.464
44.487
37.683
20.703
5.5974
3.4797
-14.54
26.596
49.767
10.451
-13.155
-3.5076
2.371
-13.03
-24.512
-21.947
-30.544
-38.321
-82.178
-45.266
4.6483
11.261
28.873
13.923
3.0233
-31.653
5.1918
29.1
13.068
-27.183
0.43872
37.582
25.074
-4.8169
-4.0342
-28.719
18.235
6.7953
-8.8352
-12.197
-16.771
3.5311
5.0927
15.016
45.652
26.448
27.388
-12.451
0.24653
-32.251
-64.915
-27.622
25.185
38.721
18.195
5.3637
-55.292
19.93
54.915
67.781
34.654
-16.748
36.945
8.0788
-50.139
-48.521
-73.735
-11.184
-19.369
30.666
-46.454
-87.88
-54.386
-22.763
-8.5825
23.335
61.11
15.367
3.0041
33.043
23.913
4.4134
-25.053
18.13
38.617
29.614
48.935
32.121
-1.0655
26.674
56.759
24.345
-19.223
-15.69
-46.798
-30.945
5.8231
-1.5565
-23.141
-17.964
2.3271
-27.793
-57.592
6.6335
-11.291
-56.401
-43.876
-17.253
5.1429
7.3143
21.846
40.183
43.23
-42.246
-47.918
19.997
-1.7295
39.27
87.066
64.543
-9.203
34.451
-3.2795
-37.199
-28.925
19.944
16.157
20.8
13.202
14.666
-36.389
-9.8071
-8.1592
-17.772
-29.479
-57.596
2.5621
27.932
26.09
-30.112
-59.271
-15.598
-6.3458
34.814
-22.254
-16.232
14.155
23.719
63.953
33.231
-26.153
-43.658
-37.23
25.166
27.602
1.7805
-1.3922
16.926
33.057
-11.702
-19.044
27.028
58.731
63.602
-24.238
-40.26
-56.691
-6.1661
0.69434
-5.0108
-21.652
-38.995
6.2132
-14.162
-18.116
-30.719
14.824
37.209
47.772
24.123
49.302
19.1
-46.035
-45.377
-1.6972
24.566
-6.1695
-42.742
-14.003
-40.072
2.3144
-22.471
6.8966
4.9394
18.721
44.598
16.988
-10.845
-23.473
27.207
37.65
12.525
48.645
28.713
-8.7774
0.35417
-29.884
-37.817
-23.117
-11.79
-21.843
-4.9581
-38.55
-31.4
37.56
15.062
10.436
34.266
8.5435
11.622
-2.67
2.3097
7.0561
-12.259
14.47
27.646
7.8006
48.837
-54.485
-48.282
-48.618
11.111
-91.053
-7.5321
-12.328
-4.9474
15.125
-5.531
28.339
51.498
68.208
-16.543
12.827
20.025
5.9577
10.562
-26.543
-34.854
-21.107
-18.517
21.819
30.264
43.235
18.588
17.539
16.245
-9.5197
10.158
25.221
20.311
-5.8077
-28.525
-28.75
-32.477
-53.202
-11.861
5.8733
-71.77
-47.067
-19.417
-25.879
33.784
23.139
-6.6631
-20.409
-17.835
53.3
35.204
49.131
51.207
39.717
6.4139
-35.789
-50.691
-32.482
-16.464
38.479
27.977
50.792
31.287
42.608
31.229
-0.6491
-16.894
-40.955
-29.152
-12.654
-5.1274
-21.757
-12.001
-25.678
-26.546
-29.335
-10.588
-50.741
27.366
28.649
65.931
-57.225
-63.963
40.09
47.884
37.264
-3.3102
35.167
4.0585
-61.2
-57.054
-8.6498
28.546
45.808
-2.4739
-8.823
81.366
65.134
-31.429
-51.604
-0.51585
-7.1157
-0.57041
-5.358
-18.799
13.963
-2.9136
-58.008
25.721
-13.333
-4.6192
6.6393
9.3076
-8.1686
-14.33
24.295
-12.634
-30.142
-16.031
17.389
0.36329
30.194
25.309
24.192
-3.6967
11.868
30.094
8.4712
-17.635
6.754
59.925
12.4
-23.861
-27.085
-37.177
32.765
19.833
-59.239
-46.455
-50.688
-49.021
8.5046
