-21.742
38.73
-0.3042
20.38
25.447
-49.668
-10.685
14.312
12.824
15.51
45.991
-60.862
-64.911
-39.835
7.9136
35.042
24.123
42.151
55.12
2.5344
23.621
-22.215
-43.039
-36.964
21.867
60.638
-4.1326
-15.03
38.625
-24.539
-59.455
-35.745
-6.8502
29.108
58.863
44.889
13.034
6.9552
-61.742
-27.425
-14.868
-3.9663
14.251
23.992
-57.06
-8.6064
-4.5183
-9.5591
33.602
48.513
-6.274
-52.524
17.026
74.585
-10.944
-46.967
-6.8593
-1.3985
21.36
70.305
5.7451
-11.469
-81.673
-55.55
46.596
42.147
15.304
-37.259
-31.282
-14.273
-6.8169
2.3041
-4.3638
17.837
21.281
25.723
-18.457
-61.969
-15.541
21.41
-12.592
33.771
68.659
18.862
6.0815
10.777
-10.629
-16.298
40.815
-8.476
-7.4301
-27.424
-37.191
63.81
44.779
-30.515
-90.376
-43.726
0.65424
-34.921
-40.567
6.3451
54.414
24.88
19.77
47.151
19.721
49.605
3.0793
-6.9748
-27.647
-39.308
-15.878
11.742
30.811
-48.183
-85.613
-20.046
-4.4062
-1.1901
39.043
28.77
48.369
2.4919
-41.747
33.522
34.983
43.755
25.534
-19.452
-9.4131
-20.612
-32.491
-15.959
13.399
0.016736
-18.626
18.231
-6.303
-33.17
-42.068
6.0821
38.648
45.173
-33.288
-16.626
-2.4016
23.33
-46.577
0.96537
49.454
56.322
80.462
62.74
1.5193
-63.47
-45.876
-11.072
-48.586
-85.303
-112.04
-67.856
-2.7226
-5.9852
25.204
28.66
49.15
62.772
52.505
-0.50871
-3.0989
21.2
45.8
36.838
40.998
32.664
29.178
21.482
-16.978
-24.133
7.9163
17.385
-27.626
-24.108
-13.168
-33.387
-78.674
-81.599
-47.707
-51.011
-6.0003
-27.83
-11.657
42.691
42.172
55.62
38.255
23.125
29.06
24.829
-9.4614
11.17
4.9264
-39.368
-59.073
-41.831
10.604
14.028
-48.716
-12.682
52.965
66.428
75.557
36.211
6.2475
19.027
44.74
82.189
44.192
-43.066
-75.993
-15.686
7.0945
-49.288
-68.324
-59.68
-35.026
-21.954
-10.917
-25.781
-29.51
-56.547
-79.136
-32.874
6.2821
15.439
30.207
67.695
54.99
89.428
22.337
53.683
87.465
67.256
5.2154
13.265
8.2466
-27.12
-43.898
-29.436
25.379
-2.9593
-83.799
-73.709
-36.271
