29.284
66.165
37.76
9.4496
-36.322
-44.941
13.053
0.42435
-7.4746
67.712
64.559
-61.452
-13.595
12.758
-9.1771
39.746
-18.824
-58.643
17.868
-35.918
-42.041
13.361
5.0222
33.624
40.872
-10.724
-24.297
-17.753
-48.998
-70.824
-44.076
35.444
34.629
41.66
108.29
105.12
62.081
-39.449
-74.317
-58.212
-21.139
-41.594
-26.595
46.466
72.828
37.678
-9.9267
15.392
21.239
1.8126
-14.507
-67.699
-14.264
16.404
-10.153
-38.394
-21.791
-24.237
-14.822
56.935
-5.8954
-83.069
-98.008
-9.7196
103.5
60.174
32.201
8.2087
23.945
43.756
14.384
-26.449
-34.769
-9.9359
-27.742
-48.086
-30.107
16.059
45.318
70.178
3.5769
-20.115
42.443
9.3513
5.357
-1.4049
-60.939
35.215
61.379
1.9565
26.295
19.191
-36.289
2.0968
19.216
-67.859
-130.12
-85.027
-28.677
10.015
71.359
42.129
-3.6061
-7.689
16.766
72.532
-25.663
-20.209
-26.378
-27.364
-66.288
-34.684
24.395
33.469
57.395
99.62
86.288
41.068
-90.18
-66.35
7.8971
-3.631
15.177
-32.386
-18.254
31.258
15.559
30.419
69.32
32.844
27.818
-8.427
-78.402
-41.814
33.415
36.656
-31.749
-55.305
-39.142
-20.8
-75.471
-43.429
-65.998
-24.812
-13.818
20.258
-9.1366
11.19
-30.42
45.082
64.599
53.278
100.06
88.818
59.154
5.1635
37.426
57.906
46.488
-0.30761
-59.694
-83.979
-81.492
-55.345
-81.577
-60.33
-39.924
5.4712
17.601
27.508
29.717
31.697
11.995
37.286
42.186
-2.5743
-4.7351
30.711
-21.326
-55.036
-11.744
11.362
37.429
24.284
-43.152
-63.064
-36.532
-43.615
-8.1083
1.4678
26.343
42.595
48.448
41.838
5.5961
23.039
-10.897
-24.799
29.744
72.463
23.079
-23.064
-22.126
-24.571
-47.487
-41.399
-12.98
-11.648
-38.581
-17.343
57.681
44.327
22.389
-15.032
-54.234
-23.041
-5.4008
6.8487
-0.55773
-10.094
27.371
97.229
114.95
35.725
-60.696
-79.352
-53.435
-1.9345
8.2892
63.094
22.173
-92.061
-79.923
-9.695
-16.545
-50.586
23.62
78.85
9.5972
32.004
-57.083
-42.943
12.374
35.933
12.65
66.685
91.903
29.712
-10.387
-4.8417
-45.433
3.7886
-53.215
-98.111
-35.511
