-5.3228
62.244
6.8086
-39.586
-33.644
-18.065
-25.868
5.8109
72.799
79.298
87.38
47.174
89.165
57.451
19.924
-4.3964
16.03
44.727
-36.931
-58.611
-82.462
-63.521
-36.128
-14.988
-81.794
-8.0493
14.334
25.716
39.487
-6.9366
-40.759
-16.937
-61.219
-43.952
-27.926
12.001
37.933
8.1146
16.555
73.212
86.173
76.268
40.206
30.938
-7.3408
4.4195
0.60545
-74.475
-107.18
-56.889
4.1687
4.136
-16.508
-9.8931
-5.0427
37.433
28.983
54.566
-44.673
-22.213
15.197
16.434
16.323
-0.035076
57.44
-4.2851
46.506
36.098
19.025
5.638
-37.885
-26.073
-67.995
-86.014
-25.19
-61.308
9.6608
-2.9224
29.959
-24.97
-61.649
-26.811
17.211
20.929
52.994
89.791
66.174
-20.974
-15.095
62.891
46.67
0.6298
-46.509
-6.7956
21.248
24.195
-3.7418
-51.45
-18.481
56.359
21.541
-46.419
-34.879
1.2958
14.099
24.956
25.627
-57.498
-80.076
-29.082
2.671
27.345
53.091
-22.062
-71.732
-19.115
-12.435
-2.0159
8.216
26.262
21.134
19.054
-5.3885
-20.583
-7.5014
18.563
25.34
40.38
-57.215
-77.022
29.974
71.102
69.411
2.5402
1.9757
-3.5607
-1.55
27.427
32.36
24.551
14.007
54.844
79.736
87.019
-45.981
-30.974
-29.472
-68.626
-114.85
-101.62
-103.06
-76.79
-24.299
-67.373
-80.798
-32.15
53.478
95.364
56.27
0.040484
-21.473
22.446
49.912
86.077
92.271
53.278
42.878
65.371
-34.024
-50.03
-3.0877
56.406
106.23
-28.31
-1.4867
-85.171
-38.32
-5.6196
-17.734
-6.9679
-35.34
7.5218
1.9078
-5.4142
-93.676
-60.855
0.0019565
25.146
59.454
63.194
100.41
-48.359
-69.914
-21.73
-29.11
-64.894
-78.264
-40.587
-64.275
9.4611
4.8734
44.848
60.824
78.411
70.404
43.852
17.376
3.0076
42.177
20.043
19.938
-5.0224
6.3902
-5.318
-11.713
14.509
-67.431
-63.632
-39.871
-26.174
1.5117
27.438
39.877
26.148
36.456
-2.1691
-13.661
14.893
50.693
11.012
-35.335
-60.853
-52.677
-75.485
-26.348
48.413
38.682
26.069
-29.407
9.6168
8.012
-7.2967
-55.116
-8.8961
-56.79
-12.907
19.927
54.768
33.224
68.303
8.9279
7.9195
8.9746
-39.027
-51.063
-24.807
-14.214
-6.5168
-4.0615
28.85
112.02
44.7
13.446
2.5398
40.412
41.358
-16.529
6.7665
0.4287
2.7522
-31.777
3.3046
-25.208
-44.162
-65.23
-41.123
-27.021
-55.439
-13.272
11.11
27.774
-22.395
-66.122
-21.756
-8.7094
60.886
29.516
8.2685
2.8192
53.006
50.259
7.6847
-40.4
-0.6505
-13.11
6.9051
-20.96
17.597
42.296
85.423
17.047
13.015
-12.966
-7.0915
19.256
21.91
29.791
-54.314
-54.129
-9.7227
0.58937
6.0451
20.211
10.492
-61.811
-7.7345
0.3467
-3.3269
-137.95
-91.474
14.53
-1.1896
57.989
67.355
21.796
-30.536
-21.789
17.55
41.501
112.24
12.502
-85.918
65.653
46.86
-9.3987
-34.566
-16.675
31.184
23.453
-12.007
-53.701
-16.181
-7.1875
-41.649
-14.809
-43.475
-10.566
-25.446
2.9397
36.023
-26.246
-5.1449
54.894
59.923
38.982
-8.7916
27.049
14.461
-5.3521
-7.891
5.6389
25.374
78.431
57.718
-30.151
-75.512
-27.034
-29.947
-45.418
-31.423
-30.916
8.5164
14.753
8.5576
-12.739
-49.143
-12.546
-77.51
