-41.904
10.747
-48.068
-13.78
-32.113
6.9344
-20.629
-37.694
-7.4777
-9.1863
1.5789
16.984
-2.8269
-17.588
-20.987
4.7739
28.16
53.937
78.837
81.55
44.896
24.961
30.676
-10.211
-48.076
-37.834
30.187
-14.83
-35.713
-50.214
-46.626
-1.8185
10.914
-42.527
-43.521
-62.458
-41.743
19.034
22.967
38.209
33.866
48.264
-27.729
-49.788
-22.479
7.1134
29.398
55.597
11.088
4.9467
-22.739
32.286
22.859
7.6697
-32.271
1.3266
42.753
51.171
-10.208
-15.542
24.618
37.386
75.119
32.284
-5.1388
-71.708
-42.087
-34.921
-88.826
-41.86
-89.589
-33.77
-36.665
22.872
36.508
44.838
32.02
8.5716
10.309
-18.389
-10.668
-12.894
-2.7691
2.5423
-3.5611
52.531
46.915
6.0534
-3.9116
24.858
75.222
61.695
42.487
10.626
-44.948
-40.045
-50.394
-46.468
-45.056
7.18
-17.151
-39.23
-48.273
11.727
-7.1399
-27.268
-14.129
9.9547
39.558
27.033
62.354
53.252
24.731
41.276
43.016
22.777
-30.448
-34.89
-60.254
-6.1617
-11.492
-14.724
-38.4
-60.032
-14.79
-53.551
-33.111
-5.3552
10.522
9.5673
21.848
48.895
55.579
22.012
34.595
15.94
-5.3247
-21.054
16.717
43.715
-11.033
12.397
5.9512
24.006
32.667
18.789
-10.25
-27.367
-16.708
-40.261
-48.286
-6.9366
12.352
12.063
-20.925
-36.028
-18.795
-13.75
-59.678
-36.505
2.102
-5.6087
14.051
3.2073
37.625
10.284
15.845
22.079
19.002
45.803
18.063
52.667
28.774
2.5448
-34.734
-21.46
-21.125
-22.516
14.667
18.733
24.598
17.741
8.9433
37.305
-4.1209
-40.489
-58.977
11.845
-4.7441
-18.26
-51.45
-37.187
-44.985
-14.042
41.382
31.125
-19.17
-38.073
6.632
53.856
59.564
47.994
-53.198
-79.796
-31.057
17.822
44.291
25.741
39.544
-13.796
-26.708
-20.785
3.3496
32.332
67.387
82.223
12.34
-12.06
19.423
-6.1801
11.032
-19.087
-5.8176
-3.2319
-26.518
-62.607
-82.898
-50.844
-34.946
-8.5457
-13.813
4.2343
6.6093
-54.796
-22.057
-12.361
11.594
101.8
97.335
39.097
-9.0505
-31.521
-15.827
29.149
41.326
42.614
35.537
-9.9025
-34.733
-33.627
-13.896
33.808
55.295
31.118
-36.637
-0.73892
5.2085
-34.264
-8.7064
-37.574
4.7819
-35.488
-3.8606
-19.617
-42.674
-35.142
-14.583
19.213
27.869
-0.83787
-35.928
-23.104
6.7988
-21.1
-1.4797
14.794
-6.6316
4.8571
76.276
85.985
18.123
-56.135
-39.692
3.2202
46.188
74.408
63.83
20.801
-32.374
4.0463
17.558
34.937
-17.943
-33.783
-37.005
-8.6178
10.916
-35.994
-62.264
-50.446
-9.6026
-7.6839
-23.043
-22.944
-25.285
47.069
20.668
-27.592
-10.086
-20.465
-35.273
-21.192
-4.9622
-5.4738
7.2724
62.346
52.129
87.033
42.301
-3.1134
9.1294
20.175
47.253
-7.4478
43.824
41.771
-12.46
-51.705
-29.689
20.524
51.155
14.386
-70.878
-105.04
-43.647
-62.913
-6.0612
-48.506
-34.68
-28.784
21.495
11.102
31.973
62.126
49.695
-23.646
-42.581
-15.334
-14.465
11.073
34.991
34.978
37.938
56.409
39.431
50.137
10.281
-60.075
-40.029
3.3693
58.949
-7.0844
-34.665
-59.709
5.4305
-45.899
-43.576
-3.5883
21.248
5.3688
14.674
26.174
36.918
-10.357
-40.499
1.8009
-9.7885
-13.131
-32.853
-34.287
-12.738
25.647
49.087
34.815
-6.686
10.782
59.279
14.48
-22.542
69.48
-39.453
-50.077
-46.982
-21.744
6.9155
3.4121
28.325
17.742
-16.769
29.792
8.4403
43.646
0.56846
