-17.978
79.821
22.384
59.417
5.6559
-5.9825
6.5957
-4.0148
11.495
31.287
52.933
-7.7659
-31.646
-59.954
-12.075
-18.994
-4.3558
-57.513
-15.351
9.3192
-33.702
-2.2878
-0.43648
-10.096
20.935
-17.654
7.1401
9.9586
-58.681
-15.321
41.269
24.728
3.0069
-16.148
49.421
-42.982
-45.166
43.845
17.344
40.444
40.176
10.892
-27.389
-34.765
-18.786
54.752
21.627
51.514
12.225
-57.45
-59.605
-8.0679
-0.68694
14.396
15.694
0.1816
-0.81988
-21.064
-34.103
1.8007
27.215
67.84
31.217
-16.868
33.913
-55.483
-21.83
-41.155
-50.436
18.504
-55.67
16.521
-36.25
-37.054
-48.083
-1.4126
102.81
150.69
142.25
28.267
-51.872
-0.47283
-27.012
-87.265
-73.69
12.645
-21.171
3.823
-36.978
10.338
49.817
-16.452
-29.916
-41.945
-10.54
-11.633
-40.595
12.8
49.079
74.482
64.019
12.27
48.569
40.831
-26.052
-91.615
-54.722
-3.9919
57.142
6.4673
8.1698
-19.303
24.948
-25.604
26.26
70.785
-18.62
10.426
-34.565
-16.528
-31.704
-7.5513
-1.1323
-16.629
-27.398
-59.152
-38.26
26.08
-5.2716
-117.54
-56.985
-17.111
34.904
16.103
91.804
61.159
39.152
77.249
92.24
107.09
-4.8513
-43.621
27.494
51.393
-22.835
-80.448
-78.706
-20.574
6.5834
27.188
-20.014
-40.474
-33.653
-32.527
-67.274
-52.919
25.51
37.442
-35.037
-44.513
30.408
-2.5311
40.124
1.4446
69.602
54.763
-0.40367
28.022
-9.6774
58.165
4.1953
-5.8016
-54.323
20.025
5.6608
-38.681
1.9765
0.85577
-15.756
-17.604
-2.2394
0.83997
10.53
5.6059
38.756
36.3
-17.249
-2.4875
-80.56
-60.486
-38.845
-34.557
-1.7419
-42.815
-45.781
28.79
18.153
128.71
90.747
24.983
11.297
24.746
26.414
20.373
49.425
15.435
-35.907
-59.074
-26.019
25.552
-7.4382
-22.245
-45.127
-43.229
-14.809
22.109
-12.948
2.811
24.485
-13.737
-40.281
-77.491
-19.32
14.076
7.586
22.972
-49.293
-37.861
35.158
62.822
49.634
43.247
26.989
-37.236
40.077
17.239
-79.894
-30.351
-10.501
40.784
12.313
10.182
28.66
50.233
18.861
91.66
57.896
-54.523
-82.536
-10.396
6.7456
2.6937
34.48
24.789
-46.562
-20.251
-24.695
-72.149
-22.123
-43.903
-26.088
-27.69
-14.059
-74.492
-46.358
-9.9676
42.967
19.121
5.7604
-18.283
-8.14
11.241
44.145
84.232
89.65
103.5
51.413
-61.339
-13.289
-23.196
25.725
56.843
61.655
100.12
-16.012
-53.18
-67.53
8.2919
-69.621
-14.814
-8.5405
-27.674
-80.92
-46.523
-9.3671
-23.135
-38.274
-11.974
20.593
10.588
4.4801
-20.842
0.55122
58.254
12.36
47.48
52.872
4.6512
-32.932
-39.326
-18.682
-13.933
-44.681
-23.592
14.847
22.613
40.781
95.902
21.561
-17.794
-47.109
41.096
77.314
13.062
-18.013
-23.244
-70.717
-21.622
12.795
37.829
64.263
20.037
-23.317
-5.6739
-10.187
-95.804
24.821
-31.852
18.316
-2.5689
16.076
27.604
19.248
0.76211
-60.795
-119.28
-60.885
7.178
-41.45
-17.938
39.695
12.627
53.611
51.75
60.564
54.147
-20.222
3.4851
-15.795
-11.966
-10.294
25.412
22.462
49.377
-19.366
-33.3
-33.832
-24.522
24.779
-6.4825
7.1589
-4.8809
55.105
43.128
10.651
4.6939
-0.64053
34.592
-11.579
-27.916
-77.822
-65.191
-1.2404
-6.634
-43.179
13.777
-19.852
70.318
34.511
0.27327
21.544
26.777
-107.86
-15.83
-46.86
-52.425
-0.81308
1.7613
-17.05
30.817
11.433
65.408
14.904
