-30.068
55.779
-22.422
-5.8247
-28.123
-59.669
-3.5916
8.7808
-8.7685
-39.665
66.654
33.924
4.7909
-31.932
3.4623
34.231
25.634
11.968
-17.818
-6.6974
-2.8659
-6.9886
-7.8676
46.402
54.059
32.582
-0.85107
-41.315
-63.525
-8.3716
37.855
-52.944
-16.057
-24.518
46.335
18.775
-64.709
2.1316
-26.114
0.18754
-22.772
21.056
68.412
-14.304
-17.119
21.894
21.71
21.159
35.147
-17.006
0.13655
-39.544
6.2038
24.423
-25.107
-40.978
-17.407
8.9585
-11.276
36.291
-21.361
30.991
46.59
28.651
-17.032
-39.468
9.8363
-7.9628
-21.11
18.258
-26.674
27.626
-21.965
-12.892
-11.777
-28.236
17.454
47.265
-0.14881
-10.845
-23.964
9.7174
26.769
-11.972
-31.747
0.42755
32.511
9.8489
1.8588
38.635
-39.581
41.272
0.22517
-28.27
-36.415
-2.472
29.142
23.824
-50.865
-0.52576
45.912
-4.1298
-38.827
-47.065
9.4056
24.904
12.599
-48.638
0.16292
-38.849
28.122
72.239
42.94
-7.7585
-12.986
-10.67
-4.2826
54.271
-7.7537
10.011
10.156
16.107
-31.39
0.51498
1.2478
-31.86
-21.399
10.228
-21.282
-42.539
-30.369
-16.714
40.391
-29.914
-26.98
6.1104
34.102
33.683
23.874
7.6794
-12.865
-1.1872
-12.804
1.5841
21.178
28.997
45.435
2.168
24.215
-12.923
-18.449
18.486
6.7148
-22.957
22.67
-52.22
-19.537
-5.3711
-21.021
-80.41
7.0539
28.412
32.729
13.229
4.7955
-6.9859
1.3579
-19.224
-35.269
0.65989
9.8461
8.9862
-5.6709
-11.391
-0.84369
14.502
43.066
15.819
45.175
16.616
4.6623
20.73
-17.328
32.855
-2.8289
-27.056
-61.128
-50.113
21.204
-0.079455
-56.896
51.673
95.101
4.8598
-36.996
-63.953
-30.803
-20.113
11.961
22.761
-42.29
-39.495
-30.308
-5.5313
56.208
55.003
-3.3047
9.6968
-3.7872
-2.3308
84.559
-6.2982
-1.4389
33.532
5.9089
47.873
-44.342
25.415
16.149
4.2245
11.925
-27.341
-48.753
-20.603
-23.095
0.45898
-58.987
-35.019
-42.285
-13.718
-21.498
40.515
69.706
-17.872
-34.709
-0.3912
-8.2673
21.879
-11.336
14.586
33.198
30.899
5.1617
22.953
46.344
37.053
-2.1374
-29.866
-28.303
37.698
11.444
-11.257
-10.345
10.252
10.033
-4.4867
17.576
-57.317
-14.081
-40.61
-10.633
1.9964
-3.4026
-68.703
-17.503
49.329
48.291
31.045
30.582
-17.523
-86.123
-47.927
-47.573
17.02
82.722
-10.435
55.105
-8.8763
-58.284
-3.9407
8.4674
33.343
25.397
43.531
3.5801
-10.744
71.678
1.2199
12.503
-31.161
31.224
25.419
2.5559
-59.38
3.257
-50.195
-9.6898
1.7422
-12.584
-63.673
-31.597
-8.6574
16.786
33.448
-24.675
27.951
6.38
-26.4
-20.527
23.993
-11.778
24.399
-17.004
21.304
1.4322
14.422
18.642
-0.48574
54.582
-10.481
-50.252
-5.0024
11.917
29.289
7.066
-5.0329
-37.889
31.551
15.338
58.351
-11.151
28.048
28.169
-94.726
-17.302
-31.343
-15.612
-44.36
-33.094
10.865
66.648
50.782
30.828
-26.871
-22.871
-44.439
-49.319
-8.7961
2.7581
-3.5271
31.492
-12.279
12.713
27.333
8.6562
12.926
41.545
-51.117
-2.7205
28.751
32.956
14.576
-28.343
47.862
3.7469
11.583
-33.837
-19.234
34.18
14.697
-52.564
-42.576
4.0281
-3.4016
-18.857
3.9524
-40.781
3.0616
57.347
-3.7575
-48.925
-70.226
34.983
-18.028
75.034
35.751
0.12146
-5.5891
-28.956
46.677
33.378
24.883
-7.173
-14.985
-42.771
-9.3069
26.676
9.7014
12.454
25.963
-18.554
-16.167
-21.817
