-24.885
15.692
41.912
21.957
17.799
16.967
13.99
10.668
-18.021
-16.055
-16.745
-32.007
-30.916
-29.631
-37.493
-24.602
-40.077
-38.443
-15.204
1.1691
-18.679
-16.584
-9.8971
35.124
28.152
16.55
-7.9234
-11.439
NaN
NaN
NaN
NaN
NaN
NaN
NaN
NaN
NaN
NaN
NaN
NaN
NaN
NaN
NaN
NaN
NaN
NaN
NaN
NaN
-36.462
-26.465
-10.665
-6.7046
-9.0324
-21.476
-16.679
-16.238
-27.217
-41.778
-48.395
-51.787
-35.549
-4.7045
0.87181
-3.3112
30.626
14.008
4.1257
6.3165
-5.9726
-14.938
NaN
NaN
NaN
NaN
NaN
NaN
NaN
NaN
NaN
NaN
NaN
NaN
NaN
NaN
NaN
NaN
NaN
NaN
NaN
-26.076
-29.748
-36.369
-41.164
-31.432
-41.133
-44.53
-33.126
-20.138
-19.503
-12.203
6.8616
-13.618
-9.0785
14.501
15.977
17.781
21.891
1.9413
12.494
41.545
31.616
28.382
-3.035
NaN
NaN
NaN
NaN
NaN
NaN
NaN
NaN
NaN
NaN
NaN
NaN
NaN
NaN
NaN
NaN
NaN
NaN
-15.148
-26.939
-32.105
-14.095
-28.688
-16.809
-43.113
-18.909
20.918
-2.429
NaN
NaN
NaN
NaN
-21.08
-3.0232
-6.3106
-13.463
-3.2844
24.981
21.77
NaN
NaN
NaN
NaN
NaN
NaN
NaN
NaN
NaN
NaN
NaN
NaN
NaN
NaN
NaN
NaN
NaN
NaN
NaN
NaN
NaN
-20.015
-2.9535
3.9518
12.153
-9.8939
-19.427
4.4618
8.1253
-2.7573
8.7172
-12.294
-29.809
-27.527
0.017125
-1.3218
-27.844
11.758
9.5873
8.896
14.425
24.153
3.376
-4.1752
NaN
NaN
NaN
NaN
NaN
NaN
NaN
NaN
NaN
NaN
NaN
NaN
NaN
NaN
NaN
NaN
NaN
NaN
9.4231
-7.0194
-34.231
-47.707
-16.758
-14.78
-10.158
-17.708
-11.843
-2.5099
-25.706
15.876
-11.813
8.6453
5.133
-23.076
-16.874
5.6176
15.845
-0.89128
16.914
-10.626
9.6786
NaN
NaN
NaN
NaN
NaN
NaN
NaN
NaN
NaN
NaN
NaN
NaN
NaN
NaN
NaN
NaN
