-9.8451
19.339
-24.815
-57.756
-13.103
-5.8683
3.6224
13.842
11.959
30.29
35.304
16.883
-9.4814
2.0602
0.90255
-29.536
-12.253
-17.601
-13.988
4.9483
27.381
49.921
25.665
28.862
NaN
NaN
NaN
NaN
NaN
NaN
NaN
NaN
NaN
NaN
NaN
NaN
NaN
NaN
NaN
NaN
NaN
NaN
21.655
5.7036
7.0071
-14.062
-8.6977
38.913
16.977
22.831
16.978
-1.3885
-32.975
2.14
11.145
4.6173
20.827
-50.029
3.2037
33.173
38.352
50.704
15.906
-7.3363
-7.7112
-14.981
-38.434
-63.082
NaN
NaN
NaN
NaN
NaN
NaN
NaN
NaN
NaN
NaN
NaN
NaN
NaN
NaN
NaN
NaN
NaN
NaN
1.8727
15.895
-11.215
24.198
58.574
30.815
44.623
39.753
21.492
24.991
-46.875
-7.4908
22.982
-26.177
-31.576
-18.869
-19.398
-22.592
-7.6792
14.76
29.383
2.2739
-8.6213
NaN
NaN
NaN
NaN
NaN
NaN
NaN
NaN
NaN
NaN
NaN
NaN
NaN
NaN
NaN
NaN
NaN
NaN
NaN
NaN
NaN
NaN
32.746
19.714
48.767
38.843
33.436
19.279
78.566
14.036
-37.298
-56.184
-30.401
-45.228
-14.952
-35.396
-64.213
-20.29
-13.31
-20.648
-32.238
2.3573
-5.8233
39.791
NaN
NaN
NaN
NaN
NaN
NaN
NaN
NaN
NaN
NaN
NaN
NaN
NaN
NaN
NaN
NaN
-17.397
-29.579
7.2693
20.301
15.833
18.558
32.208
33.776
59.425
34.822
44.274
15.997
4.5727
8.1962
37.165
50.779
21.586
6.2842
15.801
-56.107
-80.955
-25.194
31.07
-22.94
NaN
NaN
NaN
NaN
NaN
NaN
NaN
NaN
NaN
NaN
NaN
NaN
NaN
NaN
NaN
NaN
NaN
NaN
NaN
4.9231
21.524
2.185
23.888
18.891
59.86
40.277
43.952
41.96
52.392
17.539
-1.7482
34.862
-17.93
-27.866
26.178
6.0398
8.2288
-21.832
-8.4529
-18.031
-68.373
NaN
NaN
NaN
NaN
NaN
NaN
NaN
NaN
NaN
NaN
NaN
NaN
NaN
NaN
NaN
NaN
