-9.5013
20.279
22.778
29.821
31.148
9.7901
5.1259
24.578
10.267
-14.109
-25.918
-21.69
-32.035
-21.136
-6.7466
-7.5338
-5.4598
5.6294
-1.2178
-10.673
-18.516
-18.514
-18.212
31.763
-3.3194
-5.2086
9.9472
-4.4354
-46.19
NaN
NaN
NaN
NaN
NaN
NaN
NaN
NaN
NaN
NaN
NaN
NaN
NaN
NaN
NaN
NaN
NaN
NaN
7.0931
0.75612
-10.537
-32.593
-18.059
-23.511
-12.882
-25.937
-2.7668
11.617
20.897
23.637
5.6809
17.345
20.27
-24.234
-36.928
-9.343
-14.31
0.31788
4.3795
-5.5782
-15.177
-20.371
-35.854
-46.808
-31.797
NaN
NaN
NaN
NaN
NaN
NaN
NaN
NaN
NaN
NaN
NaN
NaN
NaN
NaN
NaN
NaN
NaN
NaN
-18.698
9.3932
20.298
27.494
24.058
34.193
14.487
12.91
17.92
-11.542
-44.048
-0.96273
-13.984
-59.585
-65.373
-63.641
-54.564
-49.865
-24.579
7.4701
15.744
42.595
33.814
37.886
NaN
NaN
NaN
NaN
NaN
NaN
NaN
NaN
NaN
NaN
NaN
NaN
NaN
NaN
NaN
NaN
NaN
NaN
-38.308
13.245
18.487
20.31
45.964
25.623
17.473
36.259
27.198
0.097834
13.105
22.573
-2.8269
-7.1187
-20.495
-12.614
-21.409
-5.1801
-15.375
-19.694
-14.791
4.7133
37.922
-0.17359
-6.7655
-12.692
8.4953
-19.052
NaN
NaN
NaN
NaN
NaN
NaN
NaN
NaN
NaN
NaN
NaN
NaN
NaN
NaN
NaN
NaN
NaN
NaN
NaN
NaN
37.105
55.388
59.284
34.448
28.656
17.221
16.647
-41.808
-77.261
-59.034
-47.775
-50.903
-29.067
-57.751
-39.949
-3.0396
-13.922
2.4686
29.28
20.71
31.885
28.863
6.2254
-7.8625
38.136
-1.3083
NaN
NaN
NaN
NaN
NaN
NaN
NaN
NaN
NaN
NaN
NaN
NaN
NaN
NaN
NaN
NaN
NaN
NaN
NaN
NaN
NaN
NaN
-24.232
-9.4969
29.208
38.873
21.278
28.465
27.048
36.593
33.092
29.094
16.689
-11.054
15.626
0.3283
-17.574
-13.152
-12.286
-56.015
-60.379
-14.347
-2.5766
12.169
3.8525
-22.188
-18.027
-0.25491
NaN
NaN
NaN
NaN
NaN
NaN
NaN
NaN
NaN
NaN
NaN
NaN
NaN
NaN
NaN
NaN
NaN
