-39.42
3.2272
8.2321
-6.3345
23.44
42.736
35.763
55.56
29.922
4.314
-28.537
-44.041
-26.497
-32.733
-15.036
4.1043
-9.7639
-18.79
-21.685
-25.291
-26.619
-22.297
-13.342
10.202
-8.9874
-16.464
-19.264
-21.769
NaN
NaN
NaN
NaN
NaN
NaN
NaN
NaN
NaN
NaN
NaN
NaN
NaN
NaN
NaN
NaN
NaN
NaN
NaN
NaN
10.023
14.014
0.53812
14.077
40.219
12.085
3.4097
5.4707
-9.3621
-53.275
-63.522
-56.016
-37.099
6.2069
0.63043
-19.457
-7.1884
23.066
27.51
2.7485
-12.999
-48.852
NaN
NaN
NaN
NaN
NaN
NaN
NaN
NaN
NaN
NaN
NaN
NaN
NaN
NaN
NaN
NaN
NaN
NaN
NaN
8.0789
-4.8839
-4.9551
-6.2242
-9.7377
-25.088
-23.895
1.6557
-2.9317
-14.167
-26.902
-26.039
-37.151
0.91153
14.039
-15.415
-16.919
9.3611
2.458
13.235
25.799
33.649
21.367
-10.503
NaN
NaN
NaN
NaN
NaN
NaN
NaN
NaN
NaN
NaN
NaN
NaN
NaN
NaN
NaN
NaN
NaN
NaN
-9.5833
-21.206
-7.6684
-2.7298
-15.124
6.6187
-15.258
-20.805
-2.0499
-20.304
NaN
NaN
NaN
NaN
-13.426
-18.539
-9.4849
-12.433
-6.6757
17.458
20.359
NaN
NaN
NaN
NaN
NaN
NaN
NaN
NaN
NaN
NaN
NaN
NaN
NaN
NaN
NaN
NaN
NaN
NaN
NaN
NaN
NaN
-10.014
-20.696
-11.041
14.446
-10.154
-1.5813
24.916
26.135
26.761
26.641
0.53212
-23.864
-22.735
-8.3112
2.9526
-7.8371
16.63
11.57
3.6245
-9.1391
-25.376
-39.816
-35.51
NaN
NaN
NaN
NaN
NaN
NaN
NaN
NaN
NaN
NaN
NaN
NaN
NaN
NaN
NaN
NaN
NaN
NaN
-17.108
-8.2723
-14.287
-22.112
19.402
16.706
4.3829
-8.5157
-12.011
-13.422
-4.121
-1.5642
-23.725
13.123
9.4028
-3.9081
-8.8348
-17.15
-0.58154
-16.447
15.495
5.4192
1.1515
NaN
NaN
NaN
NaN
NaN
NaN
NaN
NaN
NaN
NaN
NaN
NaN
NaN
NaN
NaN
NaN
