2.4911
24.377
37.03
18.292
-14.118
-9.1142
-6.6264
-14.707
-29.035
-5.0779
21.756
33.865
25.729
12.41
-38.727
-33.429
-47.765
-27.461
-30.877
-0.58791
-3.253
-2.0707
1.0145
-1.812
1.3822
1.1584
-7.5108
-8.6543
NaN
NaN
NaN
NaN
NaN
NaN
NaN
NaN
NaN
NaN
NaN
NaN
NaN
NaN
NaN
NaN
NaN
NaN
NaN
NaN
-35.415
-35.601
-33.591
-44.933
-58.937
-57.996
-37.581
-27.548
-21.241
10.219
10.697
-1.4931
12.408
4.4348
-0.7339
17.2
21.731
-7.0834
-36.731
-18.539
2.3774
32.827
NaN
NaN
NaN
NaN
NaN
NaN
NaN
NaN
NaN
NaN
NaN
NaN
NaN
NaN
NaN
NaN
NaN
NaN
NaN
-30.703
-20.971
-30.307
-35.61
-29.977
-30.073
-32.154
-29.647
-22.635
-18.684
6.331
13.61
23.077
12.467
0.42242
16.629
46.02
46.766
-11.46
-13.223
25.294
19.439
1.9732
-9.5068
NaN
NaN
NaN
NaN
NaN
NaN
NaN
NaN
NaN
NaN
NaN
NaN
NaN
NaN
NaN
NaN
NaN
NaN
24.16
-2.901
-41.238
-45.674
-16.839
-26.496
-29.815
-9.5883
-15.542
10.086
NaN
NaN
NaN
NaN
-11.174
3.4927
14.672
-9.134
8.9552
21.768
16.772
NaN
NaN
NaN
NaN
NaN
NaN
NaN
NaN
NaN
NaN
NaN
NaN
NaN
NaN
NaN
NaN
NaN
NaN
NaN
NaN
NaN
7.6234
20.868
25.154
6.7637
-17.478
-31.082
-8.3325
-3.7975
-7.9466
-6.532
-27.889
-9.8201
-7.2347
-8.2695
-15.772
2.2077
14.779
1.9591
7.9226
5.9319
35.58
41
15.145
NaN
NaN
NaN
NaN
NaN
NaN
NaN
NaN
NaN
NaN
NaN
NaN
NaN
NaN
NaN
NaN
NaN
NaN
36.975
22.282
-9.4583
-19.401
-26.226
-51.747
-18.439
-24.013
1.2561
0.11632
-13.929
18.347
33.059
1.5096
-18.032
-35.473
-7.2197
19.008
48.477
33.998
-1.5896
-22.627
-16.176
NaN
NaN
NaN
NaN
NaN
NaN
NaN
NaN
NaN
NaN
NaN
NaN
NaN
NaN
NaN
NaN
