-27.116
-0.75078
30.84
23.389
-12.397
-3.9721
-2.6859
-16.579
-10.994
-7.5526
-17.651
-24.915
-23.368
-3.1586
-11.14
-6.3422
-0.099717
3.7988
-10.072
-11.524
12.535
8.6652
-2.288
-3.864
-4.8899
-2.0439
-12.774
-7.374
-5.6141
-11.791
-22.811
10.998
11.503
3.9744
2.5205
20.835
22.049
26.056
23.786
13.052
24.56
23.138
27.805
27.039
6.5739
1.2123
11.704
2.4206
-2.5599
3.3218
-4.8205
0.73587
0.84371
-11.113
-1.9373
-23.15
-16.194
-14.255
-33.317
-51.025
-32.104
-17.614
-19.254
-13.266
-11.447
-10.437
-17.595
-4.5533
7.8375
-2.0643
-13.257
14.027
21.086
3.6334
-6.3994
1.6993
22.997
11.009
-8.392
23.124
16.332
4.7046
29.06
46.049
20.031
1.1278
1.9407
2.4702
4.5159
31.057
16.428
9.6298
30.872
12.94
0.3698
25.464
47.681
-30.532
-94.427
-31.065
-30.272
-29.054
-32.15
1.3182
-7.4578
-7.593
-19.391
-17.585
-2.2296
5.7225
-5.7451
-19.268
-13.909
-2.463
-21.941
1.2248
24.242
16.785
-6.1519
-21.244
0.96163
0.80013
21.824
14.469
16.124
19.013
25.753
1.2241
7.8681
-1.7959
0.39838
0.61386
7.3267
5.8462
-7.801
26.861
31.602
22.147
17.913
6.4455
-4.9771
-1.433
-3.3215
30.184
NaN
NaN
NaN
NaN
-27.223
-11.23
3.3844
-28.556
-45.868
-18.913
-10.863
-16.3
6.435
13.462
12.387
5.8069
7.8414
-23.508
-4.9901
9.735
15.729
11.221
-20.487
-20.849
-18.626
-2.5426
6.8397
3.2037
-8.8981
-11.266
0.79368
6.1804
2.7902
11.53
12.821
32.764
25.008
-19.921
3.9186
17.658
2.9053
19.233
20.055
52.909
26.271
9.5522
8.216
24.474
7.7153
33.885
3.2701
-27.501
-35.153
-11.143
-26.944
-17.315
-23.322
-24.905
-0.74982
-22.86
-32.051
-22.933
-45.564
-38.042
-26.022
-35.268
-40.893
-11.16
9.7124
32.629
10.793
14.417
9.6436
22.328
42.574
38.695
21.947
35.283
41.253
-9.3307
-10.496
1.1253
-16.667
2.3092
3.8677
15.991
16.315
19.966
22.871
12.344
12.4
10.472
8.8059
6.2364
7.5216
11.513
11.47
-5.6171
-4.1036
-51.843
-67.375
-36.554
-23.115
-22.448
-18.428
-11.959
-17.166
-42.083
-15.65
14.934
14.515
8.7089
16.983
15.764
7.2961
25.571
25.315
-18.2
-20.716
-2.2001
-5.8724
9.3585
-1.1144
-2.479
11.374
11.797
5.9132
33.6
18.225
-1.7205
2.2707
-14.837
-9.0646
8.1337
5.235
8.4087
21.261
1.8063
15.18
-0.99201
0.81188
4.1096
4.0687
-3.9008
