23.832
-0.6873
-6.4619
-7.6881
-0.7201
-43.539
-19.718
-24.453
-16.001
-12.859
-12.018
-23.318
-46.413
-24.687
4.2181
29.3
42.609
8.4222
-18.298
-35.279
-6.0668
2.0775
7.5834
19.501
17.831
8.3373
34.151
30.729
0.48515
4.7887
10.185
28.802
6.7212
-17.311
-26.125
-24.231
-8.2906
-22.438
-40.11
-14.675
5.5329
-9.8294
10.783
10.542
14.512
13.958
25.688
11.337
14.042
9.8332
-1.4041
21.915
7.6554
-5.372
-10.073
4.6472
1.2151
-2.1197
-12.297
-10.659
-7.3552
-0.58573
-5.2233
-16.089
-5.3107
6.7698
-8.246
0.51695
-10.074
10.85
-10.081
-7.508
-32.2
-41.058
-13.719
-0.23186
-2.0935
0.24466
12.963
13.019
7.0616
3.586
28.901
33.964
7.311
14.623
29.765
5.4192
-1.0817
10.029
8.4869
6.897
4.0247
-5.9416
14.625
17.609
-12.151
-23.853
-28.15
-19.485
8.0031
6.8327
-8.5275
-1.8223
-3.2569
4.7285
-2.6332
-1.4733
12.029
-4.3129
-28.054
-27.938
-5.5056
-6.4052
-13.936
-21.907
-5.1458
-19.053
-7.5768
1.5089
9.4636
4.9564
16.715
-10.192
-19.435
-15.359
-9.8386
44.645
57.265
36.498
31.216
9.7627
15.671
31.445
4.2436
13.967
19.075
12.361
2.5323
-26.394
-22.48
4.2699
-15.447
-22.786
-0.19903
1.9054
-13.87
4.4369
-14.895
-15.47
-10.603
-46.606
-71.89
-41.221
-1.204
10.467
18.093
14.221
-5.9486
11.133
11.778
-7.9565
8.3816
-12.019
10.89
7.5529
15.869
7.3059
18.568
36.916
26.151
28.078
11.53
14.692
4.1207
-16.059
-2.1572
-7.2516
24.406
22.359
29.693
6.0607
-17.892
-15.208
-17.889
-31.24
-38.01
-35.702
-25.409
-29.815
-29.16
7.1811
14.319
8.5093
-13.538
-7.2411
22.004
6.6084
-10.895
21.117
27.177
-7.281
9.1099
19.348
0.41784
8.0247
26.412
38.406
27.541
-13.743
-32.069
-24.01
-18.296
-23.496
-8.3931
-3.6482
-22.372
-4.1692
-0.078686
-10.999
-8.8847
-3.1248
14.165
26.069
0.57887
-24.806
-8.2898
6.6901
36.57
39.388
42.117
64.657
39.194
-1.731
-16.599
-15.48
-19.594
-18.867
-19.104
-14.174
-16.831
-41.751
-24.074
-6.0077
-15.606
3.4129
16.664
2.7915
-5.1337
-15.347
-29.11
-41.738
4.1631
14.729
-4.1098
1.418
8.2694
-1.1095
1.7972
-1.4782
19.907
16.211
28.682
35.618
21.073
17.203
10.311
-3.1132
21.287
27.778
-2.9685
3.3772
