-10.8
-5.8077
-1.4525
-8.2989
-4.0962
6.7485
4.9392
0.25667
3.5074
11.902
6.5487
14.286
20.182
-4.6801
-4.3397
-10.63
5.6274
14.739
10.119
-1.4906
5.4958
-18.36
-5.8956
-5.1639
22.85
4.5384
-22.905
-13.312
-1.4099
15.461
-4.0777
-11.037
-14.876
-15.699
-4.943
-6.6667
-8.2928
9.2778
7.7787
8.2131
-4.309
-1.2356
10.603
21.292
11.478
29.917
25.098
2.7762
6.6429
10.467
-36.361
-15.953
-21.944
0.24201
22.272
11.046
15.493
6.7466
-15.16
-13.591
-28.287
-28.96
-27.748
-21.678
1.4124
-7.6244
-20.686
6.884
-2.6606
8.6291
7.5976
17.857
20.662
22.945
18.925
30.744
20.986
-1.6392
-15.218
-0.20372
1.1036
-0.40953
9.6003
8.3668
-10.622
1.1118
-14.576
-5.5043
-9.9266
-9.6874
-10.107
-19.265
-12.498
0.42715
-2.445
3.3509
3.7493
29.68
62.654
43.939
-14.169
-27.068
-25.204
-23.305
-11.981
-9.4607
-25.256
-44.485
-30.325
9.1026
27.196
11.218
-0.29092
-9.5519
-6.0809
20.779
35.492
31.644
14.781
-1.8256
2.2699
-15.44
-12.996
-8.1739
4.4198
1.0063
18.212
21.288
10.702
-3.8862
-3.1301
11.245
2.4044
-2.0012
-3.5817
2.7022
-1.0929
-1.2117
-10.229
-20.719
-25.679
-8.8857
0.054088
10.077
-18.708
-33.864
-23.789
0.64044
-6.959
-13.323
13.896
23.697
29.524
10.293
20.321
-5.1484
0.25425
6.4772
20.599
24.9
10.92
14.651
10.804
-14.265
-0.16098
-24.178
-31.611
-10.763
-14.3
-2.8539
1.3364
5.5642
-3.5567
-5.3532
-4.0558
-6.2989
6.1986
16.542
21.432
7.0421
-23.583
-12.202
-24.111
-13.246
-9.0848
9.8923
25.887
24.804
40.388
25.358
35.235
9.934
-7.1801
-11.004
-6.2028
-19.762
-16.287
-22.811
-34.701
-27.817
-15.43
-26.459
-5.7764
-2.7542
-10.616
2.8005
2.4567
1.2006
-5.0336
0.95436
15.827
25.317
27.492
26.304
30.383
16.105
2.5041
16.947
-0.79547
-12.374
14.043
12.105
7.6662
15.67
-16.91
-1.6391
26.717
-5.108
-27.361
-51.343
-52.919
-48.038
-13.716
0.78612
18.956
18.32
31.545
-2.9704
-5.1272
-4.9695
-5.1215
9.8456
-10.183
-11.452
-11.466
-15.404
-10.115
-0.5413
2.1213
33.125
40.812
30.278
33.2
18.321
-2.1044
-4.4636
-4.7266
-29.26
-3.0422
13.07
2.1605
2.7877
17.449
1.2199
-12.443
-11.287
-17.877
-21.505
-22.72
-14.098
11.681
4.3661
