-6.0137
7.336
35.635
27.898
18.394
0.024828
-19.281
-3.46
-7.8422
-18.975
-24.801
-17.984
-21.859
-49.225
-15.536
16.157
26.001
9.9554
2.26
20.269
19.206
1.2678
16.118
20.491
-0.57597
5.1912
-3.3515
-13.197
-2.3916
-4.0489
4.3678
5.6663
4.0172
-8.3183
-1.9078
8.9523
16.803
-4.395
-9.3981
-14.336
-10.734
-27.586
-28.991
-10.259
7.2536
-4.5486
14.387
19.865
3.8944
8.796
17.165
15.025
-5.7193
-11.615
-11.006
-20.014
-17.166
-12.744
1.7144
16.315
13.497
27.863
43.325
24.276
9.2624
-13.449
-7.4863
16.588
15.296
-0.11416
-7.0714
-19.603
-19.324
-24.824
-27.551
-22.749
-7.7572
-8.1759
-15.349
-2.1806
-0.88874
4.4453
-9.2535
-7.7452
5.5738
26.161
31.676
-4.2438
-2.9722
12.352
14.4
11.645
8.3803
14.153
18.699
2.1364
-5.0857
-8.0901
-14.119
-8.925
-9.8121
-3.5367
-14.499
-5.2298
7.2879
7.5008
2.882
6.9826
2.8899
2.0831
0.91273
-8.6995
-7.0562
-6.6989
-6.0459
-4.9248
3.4203
8.994
14.801
1.6216
-7.8584
-5.3316
-8.3436
-16.089
-12.312
-8.0524
-10.151
-0.056657
-11.994
0.47226
10.839
10.913
18.633
27.022
21.776
24.335
21.897
-5.27
-13.364
-18.836
-1.1127
10.658
5.1164
-7.2123
-9.8182
-12.948
-5.3288
-9.7568
-11.831
-7.6622
-11.718
10.844
10.955
-1.7694
-9.0522
-16.125
-0.043526
12.098
1.8389
7.7015
3.7068
2.4388
6.7011
0.32606
-6.0536
-25.664
1.0186
2.3295
2.1952
16.289
12.859
1.7926
27.532
19.411
-10.947
-23.823
6.5628
1.532
17.996
-4.4834
-3.0954
4.3894
-9.7081
-17.895
-16.586
-23.949
-19.122
-15.442
-17.168
-12.73
-9.1268
19.104
26.404
19.983
34.492
28.072
9.5678
12.448
11.303
8.5157
-9.2363
-13.552
8.6156
-5.1003
-5.9352
-4.4735
-14.277
-2.445
0.48668
-14.029
-9.5752
-27.366
-27.073
-7.8071
12.736
20.044
-3.7817
-5.3236
-6.6559
1.3114
4.5745
-7.9596
13.51
26.574
13.595
16.652
3.837
-2.8784
-18.232
1.6206
-5.3195
7.0537
9.1043
3.5645
-0.96035
5.7488
16.971
18.158
-17.999
-22.179
-17.181
-0.69843
3.7189
1.7017
3.8001
8.3324
8.4923
-10.344
-26.149
-23.243
-20.813
2.5508
7.6346
-0.99718
3.4187
-4.2819
7.0352
1.2812
-9.5247
23.167
32.65
35.226
9.243
-11.528
-20.795
-25.62
0.62599
-1.0335
-8.2329
-27.283
-3.8463
11.344
11.602
32.709
10.315
-10.611
19.438
21.612
-0.14886
-4.223
-3.266
-0.17778
2.3936
-16.979
-21.179
-31.236
-17.171
-11.291
-5.8387
7.2001
16.173
12.03
3.8223
-6.9336
-4.6051
1.116
3.5837
-0.14269
6.6184
7.4959
12.346
-2.2983
-11.962
0.57037
5.3601
