9.5998
7.5957
17.321
4.3819
-13.848
-12.94
0.95933
-3.3955
-2.7421
11.827
22.091
22.048
-19.975
-21.52
-35.181
-31.897
-40.323
-29.155
-23.233
-10.831
4.8353
16.051
10.893
-0.87769
12.834
30.997
41.997
29.944
26.206
30.456
32.997
27.254
-8.0364
-8.631
3.49
-6.7045
-15.547
-19.61
-17.37
-10.839
-21.906
-32.801
-18.102
4.4751
-7.21
-4.1619
12.706
-1.1954
-3.5223
-8.6271
21.773
11.002
-13.092
-21.217
-20.835
-38.621
-31.337
-15.139
4.5298
18.698
21.546
25.894
35.898
28.201
28.624
28.779
15.866
-4.07
4.5792
4.738
6.0314
0.07922
-10.009
-0.74286
21.291
11.166
-7.0051
-19.894
-16.764
-7.1966
-35.128
-4.9242
3.0808
-13.378
-5.9272
-2.6455
2.0668
-25.625
-24.786
-15.171
-15.858
-2.1315
7.1356
11.5
10.722
17.834
18.477
3.617
10.52
20.004
23.702
-7.4996
-23.022
-3.3683
-1.9217
-2.3485
-3.055
-9.1965
-13.939
9.1076
26.663
25.637
11.467
-0.46803
-9.3592
-22.936
-8.6648
1.7281
6.2004
-12.482
-0.43145
-7.1686
-9.887
-11.187
7.589
22.612
26.171
25.131
29.25
36.053
5.705
8.1139
-11.064
-20.779
-38.95
-26.613
-21.55
-14.322
-19.948
-18.23
-12.41
-10.581
-1.1564
-15.989
NaN
NaN
NaN
NaN
17.395
16.218
48.31
51.761
29.001
13.205
0.90198
5.0073
3.6725
2.7313
26.305
7.2857
4.0602
-8.6544
-16.887
5.0495
0.71096
11.395
4.074
9.5744
-1.3416
-16.238
-11.745
2.1205
-5.3364
-9.1589
-4.6102
-7.9269
-25.022
-28.365
-18.303
-15.207
14.571
14.381
11.589
19.804
-7.1901
-20.743
-23.993
-5.4094
-4.3132
10.382
20.407
13.5
0.84076
9.3272
12.692
19.656
-3.3352
-15.761
-20.245
-16.966
-33.529
-34.77
-29.24
7.1073
25.372
52.699
58.364
48.829
43.402
38.372
12.807
9.029
8.2425
-17.85
-3.6477
-18.893
-33.008
-37.141
-32.511
-22.943
-26.186
-27.5
-22.077
-18.821
7.6773
22.105
14.737
10.813
4.3027
-10.75
-7.4448
-10.834
-6.007
-1.5933
-6.5772
10.619
-3.1388
7.9663
14.963
-5.8651
7.8596
6.6592
14.526
24.924
26.969
23.253
0.69255
-10.352
2.4092
28.749
17.638
-0.1233
14.763
-7.7824
-29.526
-35.178
-21.052
3.6698
-5.3982
-30.678
-20.289
-0.33544
-5.6529
1.1915
12.17
7.028
4.2379
-8.6352
-10.887
13.266
-1.3621
-5.9542
-3.2755
-0.57609
5.9599
15.195
8.2999
17.473
2.2186
-3.2387
-7.845
-12.18
-20.804
3.6013
5.2687
26.405
7.5906
3.4035
