-28.885
8.2597
1.9047
10.541
10.345
-6.7562
-4.6482
20.421
10.103
-13.682
-12.676
22.18
28.09
29.124
22.711
-3.4971
-2.4595
6.3873
-6.0525
-18.854
-3.5304
13.198
0.37041
-21.099
-15.79
-1.8338
3.1108
-5.0337
-0.33791
-15.025
-4.8895
-4.4935
12.937
33.133
27.248
-2.5985
-16.387
-4.5425
-25.224
-9.6967
-16.314
-9.4562
-6.6071
-17.772
-2.3671
-3.9694
-17.477
-10.831
2.0101
9.863
5.0447
6.5825
18.344
27.082
11.812
5.3395
-14.209
-7.7843
18.013
30.543
-22.85
9.8257
7.9867
16.472
12.261
-7.009
-12.228
-17.438
-7.0903
10.988
13.31
7.8062
24.176
19.358
4.8608
-7.0397
-12.592
-16.147
-25.283
-10.215
15.579
-14.198
-4.1699
-20.341
-1.1288
6.5472
-18.372
-22.44
5.0593
-8.9079
-18.038
-0.7597
-6.1872
5.2354
-16.99
-10.747
-14.714
10.251
-0.70445
12.85
12.331
7.9309
45.308
28.854
21.125
8.9215
-7.1776
13.49
16.257
-5.6487
-14.158
11.497
3.9596
-15.96
-3.5214
0.14108
-1.4822
9.5897
14.819
19.671
13.472
-3.7668
17.951
17.416
-1.1479
-1.9559
-25.027
-31.972
-37.977
-44.051
-56.041
-20.506
11.614
-18.582
-27.155
-15.26
-17.828
-26.636
-5.8337
14.98
29.503
30.57
6.5663
29.837
23.345
39.319
45.027
5.281
-5.1481
-6.7865
12.855
33.637
46.891
-6.3474
16.347
3.7078
-21.018
-8.7957
-6.23
11.489
-12.105
2.7532
-0.78816
-1.2276
-26.44
-5.6113
-1.2684
3.8378
2.0974
-30.138
-24.379
-28.873
-28.481
-13.106
-21.92
-13.669
-18.343
-10.609
-10.5
-12.206
-7.2647
-1.3986
26.894
0.041595
18.014
33.56
36.596
21.414
12.974
2.4322
23.999
26.321
30.168
28.503
-3.1764
-13.406
-3.8148
-9.6347
16.801
5.6912
-8.1323
-11.666
-15.07
-1.0706
-16.672
-6.2961
-10.032
3.0047
9.3363
24.01
-1.5294
-27.841
-34.932
-1.9145
-18.787
-26.762
6.0302
-1.731
-13.296
-5.1409
-10.37
0.72221
-7.2795
-14.646
7.2842
19.842
5.6282
7.2107
9.0221
32.718
33.871
-5.0637
-9.7937
-19.456
-21.561
-27.246
-13.154
10.411
40.438
32.497
30.61
19.262
15.774
26.955
35.087
-6.7716
-26.674
-10.779
-7.71
-25.82
-28.718
-7.3537
-19.079
-26.315
19.586
-4.2895
0.6117
17.939
-0.20315
-8.5787
-14.778
-1.8645
-2.0849
-14.92
6.0835
-1.9442
0.12128
1.3097
-23.487
-13.696
20.949
9.8694
