0.65943
22.692
-14.998
-21.62
11.466
-1.6262
2.0553
-18.596
-15.302
-16.452
-18.263
6.705
17.204
8.1874
11.273
23.584
25.631
22.281
17.632
13.098
-22.903
-13.739
3.4038
23.04
31.034
12.79
0.32856
-20.324
-2.7453
4.4855
-6.0696
-21.154
11.16
14.928
16.303
-4.4032
-13.561
-15.143
-25.232
-27.832
-2.1494
0.24243
-16.317
-27.406
-15.94
7.3902
-13.757
-13.072
13.202
17.955
-12.333
-19.305
-11.501
-4.3468
-7.5319
14.889
33.237
32.867
35.369
18.549
13.295
0.35017
-16.321
-8.11
8.7794
-18.969
12.759
3.7946
9.1351
28.671
35.78
9.1367
-9.0214
-17.009
-15.325
-18.399
-28.926
3.2067
8.2928
-5.8379
6.0928
8.4932
2.9604
-11.625
-6.3148
-15.004
-5.9429
6.4925
-6.2556
-9.355
1.4706
-1.8388
-23.565
-21.444
-23.525
-11.259
-4.3742
2.4425
19.007
27.751
-3.3043
-3.4075
25.578
-3.3924
-5.8001
11.895
7.7613
5.1177
-12.386
8.858
-20.147
4.3328
19.507
27.766
57.294
24.012
-7.3115
-14.746
-10.075
-1.0762
-7.0809
10.81
8.8771
27.221
-9.4366
-24.201
-43.196
-12.881
-14.326
-33.603
-4.0498
12.372
7.4375
15.185
5.531
-23.02
-5.8964
-3.3633
-7.2929
3.1115
-4.81
7.8494
3.0943
-0.34442
NaN
NaN
NaN
NaN
12.002
-9.8613
-11.729
7.2274
39.597
18.067
14.999
27.384
21.181
3.1204
-12.317
-5.5437
4.067
22.714
23.456
-13.119
-23.639
-9.4394
-25.243
1.3474
16.999
13.604
-7.3491
-16.151
-13.331
2.2061
12.066
12.459
10.42
0.88649
-13.617
-18.722
-15.91
-15.788
0.004369
-18.033
-15.44
18.128
8.8086
-8.6341
-6.6171
-4.5369
-5.8068
17.257
-8.6594
-5.0831
-20.691
12.291
5.7598
18.78
22.616
23.552
32.524
16.748
-24.1
-8.1744
-7.0672
-10.815
-8.1317
1.0148
10.182
1.7319
-2.317
5.8438
-9.5546
-16.438
-2.6414
-5.2844
4.0212
1.7844
7.8503
2.0056
3.1262
5.3056
3.2059
6.6168
-3.8839
6.8917
9.4352
-6.9812
-1.3682
16.599
-8.0147
1.457
-6.9361
-22.246
-7.6879
4.4455
3.9613
-4.6188
-11.42
-12.96
-30.823
-9.4383
13.899
13.517
8.1817
-6.824
-14.179
-2.1412
-0.94697
-0.31849
-9.6496
2.7081
29.695
12.763
3.9436
11.215
20.664
-14.078
2.8161
17.153
-7.5806
9.9863
9.9351
-4.3168
-5.372
10.397
-7.5246
-1.0768
3.6849
1.1263
8.8925
27.589
-8.3891
-11.672
-8.8225
-14.254
-13.586
-7.674
-25.199
2.4714
3.3301
-5.4162
15.778
2.0045
-4.3473
-17.613
-6.597
2.519
