-12.537
14.234
-0.60593
-19.934
-8.1966
-23.171
-5.9426
0.57028
1.5191
-10.448
-3.0348
3.0134
-25.391
-32.255
-2.7772
22.751
35.838
27.243
14.715
19.892
13.565
2.6586
-3.5479
-2.903
-0.40102
14.595
9.8768
-4.5498
-1.7356
-1.8705
-7.7751
-1.4223
-4.2099
-15.462
-14.272
-13.917
-0.23445
-17.872
-18.026
-10.864
-7.5306
-8.7811
-7.2674
14.12
5.3449
9.0903
13.983
8.8817
21.481
15.988
12.23
15.448
-2.6183
-4.9449
-0.84935
-1.7722
-2.3383
-6.8673
-23.851
-15.533
-6.3521
-1.6843
11.742
3.6493
-2.8487
-6.4607
3.4623
13.404
18.841
-0.5609
-1.5065
-5.3679
1.1485
7.132
12.531
16.277
-1.6812
-4.8765
-27.811
-12.341
-16.052
6.8414
-5.6126
-5.9983
-7.0301
2.1355
15.344
0.12268
-3.975
6.2467
10.368
-1.6932
-1.1232
0.34555
16.888
-4.0079
-9.2253
-13.179
-16.299
-1.3124
-8.8424
-1.3396
0.041169
7.2005
13.078
6.5291
15.334
12.834
0.11187
-1.862
-5.0794
9.678
3.201
14.63
-1.8808
1.3706
13.242
2.2106
-18.673
-27.104
-3.1789
18.306
10.905
-8.6486
-18.93
-19.767
-28.426
-21.514
-19.251
18.059
16.159
6.6787
16.106
16.648
30.705
26.426
21.683
-6.42
-21.095
-24.637
-18.372
-21.201
-13.615
-19.192
-1.6116
13.62
6.2087
14.034
-0.37938
-6.5893
9.5577
23.105
24.545
4.8488
-5.6884
-8.487
18.891
10.831
-11.735
-10.295
-1.6684
-2.003
9.9135
11.525
0.97203
-12.668
-15.413
-14.213
-15.141
7.2712
7.6378
-10.409
2.0149
1.5502
-16.492
-21.17
-2.2033
16.284
4.2237
-7.486
-0.6899
2.1763
3.8279
-2.5252
-4.1453
3.705
17.447
17.665
5.3271
2.3443
-30.39
0.28223
8.8287
8.0233
12.317
16.425
7.3145
5.8169
-4.7674
-4.3346
-10.815
-1.7174
16.99
7.6269
-2.0651
-13.149
-2.0899
19.791
2.0782
-14.827
-19.983
-21.599
-18.415
-7.8553
0.86023
4.2885
-15.797
-11.162
-13.751
15.569
6.1302
-19.771
1.5428
10.554
15.16
23.061
17.169
-0.82233
10.122
0.38345
-4.5039
8.7618
23.893
19.231
4.6831
15.665
6.9577
-3.0556
-19.469
-27.345
-38.162
-20.174
-4.2251
-4.4931
3.7909
5.1766
1.2048
7.5515
-3.3221
-11.418
4.3806
15.467
5.078
3.3303
13.851
7.8855
-0.68179
-12.894
-11.736
13.344
21.194
11.943
-14.864
-30.873
-19.753
-14.154
0.054164
1.5974
6.1701
-14.819
-20.253
13.55
7.0159
24.408
23.37
14.899
32.329
15.226
0.011999
-5.878
-16.664
-9.4231
-3.882
-14.848
-19.091
-15.927
-4.8488
-4.4599
5.259
12.715
7.4715
3.6403
-4.8483
-10.146
0.5289
1.1202
2.2632
-0.31873
0.63605
17.405
27.799
4.929
-10.957
-3.5919
6.8376
