10.925
11.122
-23.797
3.6718
45.094
21.869
-27.693
-20.821
-16.175
-13.387
-14.926
-5.9882
2.0592
14.663
5.8752
-24.328
-26.791
-22.592
-16.202
-10.812
-12.499
-11.666
-9.2312
-4.1948
11.267
6.8102
11.48
4.6159
19.151
24.989
17.319
1.4399
14.377
18.25
26.834
17.559
20.327
14.214
-6.0246
-12.188
-14.949
0.57032
1.6476
-15.224
-8.0201
-7.1025
7.9211
-11.729
-10.131
-12.868
-9.3671
-23.372
-25.022
-6.9248
9.1213
10
14.073
10.965
0.19328
-6.3786
-13.908
-5.5481
0.91569
10.22
5.805
-21.531
-11.157
-0.37851
-9.6398
-5.173
6.502
8.0658
-2.8148
12.415
4.2327
10.889
18.822
13.19
30.697
17.623
17.68
2.9889
3.9064
-2.6715
3.1254
3.0781
10.771
-18.219
-7.7428
-2.3993
-1.0779
-20.771
-22.687
-9.8701
-17.49
-22.381
-10.338
0.056937
-11.024
0.076247
3.6658
2.9724
-13.327
-13.08
-2.3876
-15.02
0.067788
23.334
15.568
-8.0815
13.545
20.75
25.721
-4.4572
6.5645
5.1221
7.8739
7.4532
21.551
2.525
-4.8362
-9.1851
-18.012
6.7054
9.3785
13.225
-3.4103
4.1797
1.802
5.4185
-6.1067
-13.219
-7.5039
-1.4647
-5.3829
-18.988
-18.935
-16.797
4.1758
5.4006
9.1482
9.8446
11.807
-18.663
-27.071
1.0341
-13.113
-14.229
9.7632
-1.1395
8.6968
4.8552
6.784
13.169
13.655
4.4596
-5.4653
10.07
1.6277
-2.3223
-14.824
-7.3594
23.249
18.321
3.8683
2.5021
2.2091
7.1619
28.796
1.0682
-10.428
-7.0418
3.6828
-14.378
-3.7729
3.0649
-6.8974
-1.5612
0.31587
-6.6941
-2.1813
-8.9973
-20.636
-2.2143
-6.3311
-12.735
-17.86
-13.564
-14.986
16.537
11.567
-3.8374
8.6319
-3.0541
4.5892
9.8021
9.7108
6.1727
9.5791
22.475
0.7658
5.5667
-15.526
-3.8471
17.633
2.4129
-3.6475
1.6222
-8.5497
17.922
14.576
-16.48
17.213
28.782
11.336
-22.519
-11.63
-13.859
-20.144
-2.1418
-21.777
0.058225
2.1643
-11.814
-13.275
0.99817
-0.15556
-23.192
-20.611
14.181
10.738
33.027
-0.024529
-4.5248
2.9063
1.286
7.2212
10.42
-1.7093
15.022
7.4141
3.5409
10.666
-0.68233
-19.663
-14.293
-4.007
-2.9008
11.076
6.3759
-4.7183
-3.3409
-4.1244
10.814
-3.5318
-25.007
-13.901
4.7412
13.488
5.1088
3.8204
-12.452
10.086
25.806
12.059
-1.8516
9.9876
-15.408
-12.432
-5.1772
12.862
12.316
3.5064
-13.756
-9.6684
2.8398
10.9
5.1014
-13.978
-12.112
-7.5229
-5.6221
-26.137
-22.327
-13.926
8.443
16.41
13.864
7.2593
-6.7498
-0.86257
3.9905
9.6859
6.8027
5.5112
-1.2957
-4.2672
16.004
-2.6535
-6.2614
4.5059
-1.516
9.3735
10.69
20.765
