-51.829
-15.616
7.2265
-15.098
49.4
30.565
8.2081
44.921
41.18
28.795
-7.1845
-12.536
16.039
76.848
0.94533
-8.2679
-20.618
-65.666
15.282
23.205
-29.23
21.347
18.937
3.883
28.241
-52.023
-58.765
-18.172
-13.863
93.3
6.9087
-49.484
-66.73
-53.92
28.639
2.0872
28.508
-7.3941
42.137
51.857
-18.69
-4.3598
-43.856
-21.786
4.4516
-22.736
20.318
29.699
73.717
23.401
-23.774
-32.072
10.871
17.608
12.285
56.283
-40.696
25.582
-2.5311
-9.2476
-7.9087
8.9378
37.271
5.3533
-17.383
-2.6807
-2.9907
-29.64
-41.316
-22.658
-4.3129
-5.5967
-34.641
-53.818
-47.909
-37.914
25.253
-3.7428
0.37603
16.437
7.2355
-4.7975
29.695
36.577
38.877
111.18
36.117
-6.0811
-78.245
-68.906
18.974
43.052
-17.5
-13.663
70.15
22.401
47.687
1.395
-47.253
-50.403
42.24
48.775
-13.393
-45.354
-20.563
19.189
-28.413
-8.9404
7.3105
40.701
-41.916
-48.046
-31.427
1.5945
-34.81
-26.358
-6.519
-18.635
-16.441
19.88
-36.257
-10.96
70.78
129.73
81.185
32.467
63.552
-14.175
-102.93
-58.464
-9.8779
8.341
-56.077
6.4938
-43.836
23.745
3.4147
1.5064
11.957
-28.433
-44.159
55.764
4.1111
-4.934
38.83
27.316
19.538
-21.411
-11.116
-4.0411
77.034
9.6996
18.146
-31.035
14.274
-16.47
-5.0739
-28.924
37.728
-49.899
-32.552
-14.813
-56.346
-25.08
55.339
15.58
-29.657
37.372
27.987
19.387
-18.799
3.7455
13.575
-1.7749
-16.656
-4.3485
-56.37
0.50088
-0.65253
46.326
30.854
18.812
-25.421
-62.781
6.5291
-36.191
-9.369
-16.012
-43.322
-14.842
6.8801
90.955
127.29
87.607
16.157
-15.608
-20.623
-33.116
-84.371
-18.06
-27.354
31.274
25.614
4.4986
-12.417
-33.005
32.032
23.014
-20.353
113.41
-5.1318
-21.038
30.052
-11.672
-26.778
-51.339
-47.47
-56.099
-45.275
-8.8828
NaN
NaN
NaN
NaN
26.123
4.1534
-7.1962
44.137
31.376
-37.248
44.74
39.669
39.4
9.582
-16.394
20.152
56.797
92.764
89.164
52.989
-48.614
-49.05
-69.699
-60.651
-65.871
-10.603
-58.931
-55.373
