11.979
14.118
-32.849
6.7064
-20.036
-20.724
21.576
28.712
27.151
-31.888
-41.743
-35.16
-23.329
-4.2383
46.275
25.433
33.044
15.163
24.248
21.077
31.493
-3.2051
1.8678
-12.196
-109.14
-50.961
-10.332
-29.074
-18.089
-34.188
4.8942
-54.218
-6.4223
24.116
4.7494
20.813
14.529
55.638
85.375
66.633
77.365
29.126
4.2672
-12.154
-19.994
-15.884
-44.913
-26.94
-51.345
-106.41
-1.1436
30.011
34.67
32.713
33.835
31.95
42.305
35.826
-26.816
-37.351
-0.082386
1.3552
-6.4511
-0.51946
6.0565
10.376
-41.951
3.9613
11.09
-16.596
-82.885
-40.149
-7.8218
-102.65
-12.714
17.626
32.374
-10.892
-5.5601
-4.5958
-15.774
25.124
44.885
28.173
-1.2826
-8.1724
13.214
15.981
53.077
54.85
13.074
27.933
65.381
66.038
32.562
-7.6776
1.7576
-1.6531
-7.2582
-45.713
-39.691
-3.5482
38.731
10.083
-30.201
-89.882
-68.79
-40.378
-42.635
-34.191
23.306
-4.4988
-93.508
-1.903
16.101
14.473
20.434
4.9547
37.624
-1.6521
4.4833
9.7094
5.7262
7.6002
-16.875
-2.532
28.114
13.663
17.8
39.273
6.1781
31.516
53.62
52.925
38.695
-35.963
-18.948
-37.693
-35.387
-3.957
50.116
-18.401
-19.19
-19.234
NaN
NaN
NaN
NaN
-22.388
3.2133
14.908
-5.4645
-2.9373
21.178
-2.088
9.173
-24.038
-30.606
-29.163
-23.537
-39.461
-2.6214
42.248
65.744
8.3032
17.929
5.573
-26.464
-35.156
1.6259
-31.733
-11.903
-37.419
-16.082
-13.241
-23.023
22.046
54.175
11.802
47.225
48.039
-7.2397
38.292
30.705
19.109
18.07
42.797
-13.672
-13.282
-27.084
-20.581
-13.572
-42.798
-31.522
6.4226
NaN
NaN
NaN
NaN
5.907
-82.459
16.378
41.247
11.464
25.164
-12.15
-22.004
-12.567
12.913
2.0485
-3.911
0.17101
25.166
14.134
7.3157
-53.265
-61.196
-25.395
-1.8129
-42.327
-1.8756
-9.0527
24.849
6.3618
38.988
21.676
-8.5962
37.159
26.458
33.684
24.476
11.398
-10.31
-11.357
13.127
2.0746
70.316
-6.7687
-49.614
-24.611
35.598
-29.718
-10.254
11.589
24.494
2.6019
-25.272
-22.707
1.0031
-12.897
-15.243
-4.2227
-12.433
41.643
-5.6149
3.8379
-1.1912
-38.023
-49.213
-43.191
-31.399
-35.308
45.082
-1.1999
3.5445
10.681
3.8812
19.994
18.423
25.78
11.964
33.383
-0.93997
15.61
-13.553
32.75
28.782
-26.702
-7.8323
9.3668
-0.94464
2.6568
48.27
-17.31
4.2988
6.038
-64.626
