29.835
42.381
18.591
25.229
41.338
9.6462
-36.305
-23.009
-17.445
-1.6569
-12.339
-7.6319
66.684
86.963
62.541
45.753
8.9903
-31.514
-104.78
-58.116
69.212
108.9
118.57
109.88
26.642
-83.995
-91.108
-128.69
-67.69
-55.149
-86.851
-70.873
-16.338
-24.628
-35.967
4.4015
-2.5379
9.2035
16.318
42.918
74.714
12.302
27.302
26.927
11.007
35.043
-17.002
-30.862
-29.937
-11.921
-7.0875
-2.7223
17.24
21.769
28.839
28.622
10.318
53.259
73.042
55.224
21.682
15.234
-27.869
10.509
-2.5089
33.34
10.294
-46.519
-48.473
-99.076
-133.13
-58.422
-28.896
14.96
34.391
-41.987
-6.7183
-16.626
-56.771
-91.977
-28.274
53.067
48.258
16.305
40.4
69.906
70.574
66.514
87.469
67.906
5.0966
-16.831
10.553
43.284
-14.876
-19.486
-30.251
-69.514
-45.664
-3.0254
-35.381
56.736
19.375
11.13
NaN
NaN
NaN
NaN
NaN
-59.87
-62.189
33.397
86.712
41.828
106.24
37.41
-39.645
-37.212
-43.789
-8.7889
89.043
119.26
-13.898
-72.631
-45.002
-29.509
-15.087
-31.585
-51.406
-72.376
-12.526
-14.712
34.041
48.075
74.05
74.372
30.835
-33.87
-51.762
11.967
55.002
9.5199
59.149
75.486
9.8663
-95.936
-127.14
-64.057
8.6052
62.362
57.547
-48.112
72.164
79.817
29.242
33.14
-44.889
NaN
NaN
NaN
NaN
-16.939
10.266
39.324
56.561
15.635
74.392
5.777
9.5773
-20.091
25.443
9.5562
29.181
69.1
66.279
2.0479
-70.057
-81.495
-63.314
27.077
-5.7755
39.02
38.099
-10.751
-22.674
-20.874
-24.144
29.788
27.991
22.635
-6.9264
-52.412
-60.596
-23.678
-4.4858
30.97
-34.707
84.545
79.275
65.209
-17.883
-0.50926
-2.8487
14.69
-18.798
-23.04
47.245
45.742
-9.8132
-57.962
-73.508
-88.426
-40.765
-93.739
-96.464
-32.092
-47.863
-1.025
103.64
164.12
109.34
28.711
6.7242
-12.458
15.833
22.614
26.084
41.585
33.401
2.8352
-45.552
-45.859
-95.47
-20.828
16.003
101.68
79.981
-32.674
-55.533
-9.4324
-14.101
21.737
79.739
34.18
-25.611
-58.745
-74.909
-52.034
-62.037
NaN
NaN
NaN
NaN
-28.754
-30.351
44.465
32.637
23.994
101.54
87.061
61.462
-29.339
-27.476
-83.601
-135.89
-44.997
47.143
33.086
59.705
75.848
49.093
3.8153
-43.608
-31.563
5.6593
6.7261
59.461
79.153
79.95
48.236
4.3941
-49.862
-2.3214
-14.689
-24.703
-46.071
-63.942
-27.204
-36.496
-57.021
-81.795
-112.13
-64.623
-52.257
17.933
52.461
56.793
61.938
