-10.153
44.738
28.654
51.812
65.517
45.075
-16.924
-5.1908
18.853
-47.744
-0.58633
5.3384
63.634
52.359
-18.673
-75.788
-74.208
-26.738
-73.987
-13.127
8.5696
27.657
89.498
76.807
-28.962
-27.655
7.8893
7.8794
13.511
0.75721
-59.511
0.44821
20.22
-43.454
-65.515
-17.748
-10.364
-15.718
-6.2524
26.869
53.32
8.503
42.41
61.365
22.948
34.203
-31.228
-60.456
-33.67
-43.59
18.549
11.125
-4.6956
5.6176
20.7
-6.4859
-7.7151
8.5267
29.526
-2.52
-4.0086
13.393
-10.632
60.342
51.651
22.314
-35.585
-20.291
-52.571
-101.99
-92.084
-7.1649
24.705
122.6
53.988
-14.634
-27.538
-51.07
-17.257
-43.236
-22.354
2.5474
-12.233
-7.8785
13.329
67.373
78.502
51.425
41.946
36.431
-18.02
-17.684
24.957
68.232
-9.3833
-1.8986
-37.55
-64.172
-50.592
-57.983
-20.382
5.4792
-28.198
-36.207
NaN
NaN
NaN
NaN
NaN
-54.275
2.637
40.83
45.999
3.0552
26.291
-6.1359
-83.977
-12.303
-64.077
51.156
91.339
95.982
8.4311
-5.235
-31.857
-13.109
-6.0649
-40.936
-79.834
-47.131
29.147
9.4231
34.319
24.468
11.245
23.162
8.9609
9.1796
-15.7
21.83
63.955
21.651
62.808
17.896
-17.882
-99.149
-74.329
-24.346
-40.534
-6.0277
-57.383
-56.774
77.357
50.116
50.766
28.739
20.403
NaN
NaN
NaN
NaN
-38.657
-14.034
0.21739
-11.698
-30.788
68.518
-19.03
16.53
32.213
14.898
12.996
39.205
22.279
26.761
-18.212
13.937
3.245
15.732
17.638
2.3339
2.3732
-17.379
-48.674
20.557
5.2487
-34.292
52.675
39.813
-3.1278
41.805
-51.784
-45.53
-26.377
3.0361
16.121
-52.637
25.754
-9.7575
-14.438
-74.433
-34.856
-32.515
-28.978
-0.48955
-16.547
55.663
48.415
-29.686
-21.167
-5.3133
24.414
57.513
-3.0615
11.015
79.992
-4.0931
-27.39
38.32
64.953
12.786
-0.16642
-14.272
14.427
-14.801
-17.834
-25.902
26.044
41.744
15.945
-27.84
-13.18
-7.1169
11.019
-5.6865
33.568
-40.276
-60.906
-12.697
-10.347
-19.869
-41.244
-36.168
-47.581
-62.37
-5.3987
30.858
65.665
-16.403
NaN
NaN
NaN
NaN
-96.473
9.0711
36.572
-4.1924
55.538
95.796
77.582
48.482
-16.455
-40.061
-66.149
-65.236
-36.017
29.323
7.4998
19.616
62.408
45.031
-64.744
-81.31
-40.231
-1.8355
19.909
66.757
59.84
36.32
14.054
26.545
-8.3169
-25.244
-40.244
-58.303
-50.752
-49.936
16.774
75.265
-25.88
-59.33
-63.362
-50.548
-8.2294
46.298
-16.271
14.108
22.645
