30.802
9.1599
15.525
-14.947
-12.296
-20.24
-29.268
-44.429
-23.603
-64.577
-36.226
1.1812
28.124
-0.66738
-40.707
-9.0516
45.671
31.575
8.9921
-12.713
-2.6206
-12.988
-56.164
-32.012
-14.63
19.415
-0.95934
-8.291
10.917
14.826
8.3875
15.75
-2.5806
9.1383
14.956
15.832
33.496
39.567
8.0982
-21.096
-21.048
-55.576
-21.667
29.643
40.873
31.692
10.834
9.3473
-4.0526
-39.2
-28.404
-16.061
-15.406
-16.005
6.6073
9.6402
-8.8163
-5.993
19.574
50.909
51.72
15.557
-48.456
-21.035
9.2423
-10.744
-27.652
-39.197
-46.988
-42.302
4.6658
44.269
56.823
64.439
28.362
-0.83774
10.139
14.727
51.294
15.86
-42.561
-49.736
-30.035
-30.618
-19.976
19.872
-1.0287
-66.935
-42.301
-28.327
5.7561
2.3125
5.0854
4.5998
18.208
12.755
16.75
19.087
-11.687
-13.001
-5.3309
30.406
16.508
NaN
NaN
NaN
NaN
31.393
7.6334
-15.096
5.7424
-26.658
-29.842
-27.062
-8.0266
-24.298
-8.6873
17.889
13.793
5.9621
-19.65
0.71856
-1.4438
NaN
NaN
NaN
NaN
-31.103
-11.065
-10.614
-5.6579
-27.904
-15.677
13.928
16.884
-13.207
6.6756
25.531
-14.431
-14.297
5.7488
-2.4759
23.432
-8.791
-37.018
-28.732
-27.402
18.449
42.046
34.185
-12.766
11.983
65.833
73.838
40.158
-7.3445
-18.49
11.417
16.538
3.4224
-17.254
NaN
NaN
NaN
NaN
11.724
52.169
51.946
-16.497
-12.034
-2.8971
18.565
42.324
34.53
-7.235
5.8036
-17.365
-32.496
-46.337
-28.418
-27.573
-10.785
-5.8297
-13.214
-3.5063
20.592
44.259
28.822
-36.217
-61.712
-42.238
-18.624
-15.543
14.932
44.015
-3.0701
34.962
48.896
57.529
45.738
19.648
18.798
25.445
37.475
-10.767
-28.618
-3.435
40.381
-8.4261
-75.826
-28.398
9.5512
-14.44
-26.284
-6.9466
1.1456
12.625
-15.066
-38.823
-39.014
-1.1027
-28.259
18.264
55.708
47.594
32.754
28.07
20.812
-10.087
-26.892
-11.122
-23.661
-48.47
-31.263
-49.33
-41.608
-57.574
-1.0631
8.4698
10.828
18.505
-5.9842
-15.568
18.682
-1.2455
9.5384
5.6388
20.749
38.277
69.356
71.971
65.968
61.702
72.881
39.871
-14.856
3.5501
13.054
-10.486
-18.403
-22.117
5.4077
-7.2339
-46.664
-81.48
-84.606
-71.178
-27.369
-8.3023
-41.818
-67.835
-47.003
-33.066
-25.409
6.9213
18.213
37.828
52.081
25.038
19.26
10.88
27.565
8.0284
1.9129
14.974
39.079
19.855
31.488
26.239
3.2179
9.7245
36.971
51.63
