12.009
-6.2265
27.359
-35.671
-1.3528
2.6943
-19.999
-9.8087
-35.997
-6.6756
4.4524
70.082
-14.356
33.196
-28.755
-11.794
-48.853
-22.669
8.0158
-29.847
-14.327
1.562
-0.023891
63.246
69.299
80.247
-40.946
-61.518
-1.4614
-2.2919
-18.829
-59.257
-48.218
26.899
21.556
31.414
45.222
22.471
39.123
-52.265
-42.229
7.4792
10.395
3.9659
53.824
27.289
3.56
0.18879
-2.235
-54.325
-30.75
30.357
15.972
-16.271
-12.874
-52.018
-80.566
-12.716
24.415
55.573
65.013
58.51
77.512
-11.02
-37.243
-40.896
-4.532
1.5429
-41.569
-35.738
-8.4424
6.0765
18.822
-62.925
58.668
44.462
-2.6766
-71.356
-55.893
-57.39
-68.127
-45.595
-18.697
28.266
60.132
76.052
61.51
75.682
109.09
59.721
-7.6755
-46.115
2.4776
16.634
10.807
-56.808
-52.036
-4.9084
-0.51025
31.616
32.118
13.893
-4.9848
-35.559
-4.5014
9.4691
11.094
15.895
-37.48
-53.84
-44.058
-5.4385
-19.994
-89.369
-92.264
-33.829
-11.642
-7.044
19.559
70.778
78.154
24.416
8.4674
12.538
44.057
45.284
3.4332
-32.483
19.503
-21.522
-79.609
23.232
31.453
66.9
89.741
84.644
36.855
-45.105
-0.90403
11.517
-15.782
-52.448
-30.265
-18.13
-14.769
12.428
-5.2646
-13.709
-69.763
-88.015
-19.1
-34.507
-50.05
-28.814
-44.577
16.806
57.156
43.488
39.862
43.487
11.852
-5.1043
7.1341
10.233
48.372
24.579
11.575
50.05
21.852
-3.747
38.875
-3.4708
-85.08
-37.272
27.375
-7.1631
-64.391
-29.523
-37.304
0.42087
6.5325
21.421
-17.882
51.549
50.373
-6.8086
-3.2542
-2.5561
-35.597
15.913
32.038
26.608
-28.46
6.4649
-5.4851
-8.2464
-12.516
23.151
-2.2747
-48.244
-55.415
-59.552
-20.352
21.988
45.085
51.521
48.024
55.171
10.135
-21.657
40.384
3.8183
-29.682
-25.42
-22.105
-1.985
20.871
-5.8078
-74.384
-21.016
NaN
NaN
NaN
NaN
-23.917
4.9064
-1.7443
-28.07
6.6528
16.691
2.3188
25.39
12.323
2.9581
26.627
-1.7621
-5.8768
-19.103
8.9464
-8.2013
11.155
0.979
-2.0376
-7.1967
10.658
62.031
28.89
-70.05
