51.871
0.97023
13.39
37.599
18.779
27.716
80.535
74.398
26.794
24.686
-37.332
-12.048
21.719
-26.641
-48.186
-46.764
-45.291
10.07
33.569
-7.697
-17.192
-41.827
-37.05
-17.864
8.5176
35.353
42.855
-9.3156
0.39058
28.261
-6.4346
-25.722
-2.141
-3.6216
-8.3081
22.569
15.882
-3.3064
-17.36
33.584
15.355
-5.8015
7.2484
18.552
-9.7876
11.846
-8.1372
-25.094
-8.7643
-34.782
-8.3394
-49.203
0.359
-4.2912
-60.515
60.947
36.288
-40.97
-16.271
27.594
-8.7135
33.331
8.812
50.697
44.615
19.884
-0.58419
5.8865
48.468
-19.549
-34.116
-36.835
-33.212
41.601
33.788
11.887
-34.801
-7.4721
-24.521
-21.202
-23.011
-38.426
-4.7221
-0.67886
-35.995
-3.3077
21.826
20.099
12.002
7.6008
8.7361
-3.8345
19.334
18.931
18.365
17.54
13.599
2.9478
9.9058
-9.6881
11.204
-36.375
-51.099
-23.565
NaN
NaN
NaN
NaN
NaN
-0.09748
31.457
-10.378
-12.116
8.446
-7.7738
-22.733
-13.649
-26.698
-67.087
17.771
23.61
61.571
14.491
21.931
-16.942
-1.259
33.616
15.11
6.5547
-18.925
15.384
6.0866
-20.51
12.031
-19.171
-0.52259
25.812
-44.448
-9.8495
7.6385
-4.3016
2.3152
18.632
-9.0131
12.939
11.801
-23.531
-6.4814
-40.692
1.2961
-10.905
4.3826
8.4645
11.809
-12.304
-5.6361
39.563
NaN
NaN
NaN
NaN
-7.2578
-27.77
13.24
9.2175
51.525
-23.911
-55.575
-37.95
-20.339
24.881
45.47
33.162
12.8
50.397
9.08
32.283
58.368
20.563
-29.81
-32.131
1.2706
-26.438
8.2367
27.208
36.821
3.7242
1.7149
-21.224
-17.517
-13.851
-22.513
-63.235
-23.265
24.598
-49.189
-41.652
-27.516
-53.766
-92.742
19.893
12.358
28.451
34.052
-2.0927
-11.409
35.173
60.198
38.428
25.81
45.482
20.363
23.08
6.3172
35.567
19.564
4.2262
6.2621
-26.636
-14.196
11.595
-61.947
-39.382
10.463
-11.676
-11.183
-27.807
-11.821
24.635
69.952
25.406
44.568
11.668
-29.421
-35.766
-9.9596
-34.452
-2.9229
-29.345
-33.425
-8.4396
-35.325
-80.581
-5.6786
15.126
0.19105
13.579
57.161
46.288
NaN
NaN
NaN
NaN
-23.808
1.6501
-12.297
18.75
17.015
36.45
45.245
53.171
9.1459
-65.72
18.126
-18.121
-3.5724
9.8449
4.199
1.8711
9.1852
-3.7536
-21.816
-35.719
-21.895
11.886
15.284
30.38
27.359
-9.985
-1.2683
13.567
-13.406
-24.122
9.3035
43.494
18.117
-47.832
-47.402
-50.228
-36.237
-3.0807
-25.834
-3.1488
-25.798
16.832
-20.674
-18.398
-12.422
