-0.026842
13.244
-33.906
-36.164
-35.799
-28.093
-11.28
-6.7238
17.594
46.772
-9.9232
3.5585
-1.4739
54.078
20.356
17.599
18.076
-7.6054
33.441
43.793
-54.515
-26.951
-13.369
-25.206
-32.513
-18.099
8.2653
-28.898
22.217
8.8589
-28.582
-19.902
-8.1015
-14.228
-7.3051
3.2836
8.023
29.169
39.031
18.224
43.03
10.983
-5.0869
2.0327
-17.892
-8.9919
-20.592
-32.869
6.4231
30.243
13.822
-13.063
-40.113
25.931
-25.42
6.9844
1.3648
15.751
2.3808
15.175
40.369
0.50695
21.916
0.15158
-28.299
-22.229
-1.675
1.5443
-61.22
-38.901
17.035
-20.958
25.312
-38.831
-8.1522
34.515
-2.9197
-15.558
-13.474
2.9391
12.065
10.028
61.595
22.679
29.581
47.227
19.455
-25.264
6.6257
12.971
-25.012
-4.3695
5.4747
13.226
-12.922
-19.242
8.0267
-31.928
-23.486
-19.476
-15.949
-23.046
-37.487
-43.21
14.075
-6.3452
25.887
28.216
35.23
48.283
6.0445
10.701
-40.221
0.263
-12.132
-22.535
-43.625
-4.4238
-19.635
36.425
4.6071
26.1
9.8845
32.13
16.986
15.978
1.0869
11.442
37.711
37.133
-20.359
-4.7333
-17.275
-15.969
-28.973
3.5884
-21.727
-11.884
-9.5039
17.325
-7.4257
-10.082
-28.343
6.8171
11.308
4.6007
-14.798
-6.2518
-18.571
-10.176
-7.4658
-11.875
12.37
15.419
-9.5366
-0.25447
-0.24365
-8.8835
53.846
9.1553
3.183
31.631
-57.147
31.977
41.648
54.226
49.464
-3.9029
-61.127
-17.119
-32.667
-60.948
-44.746
13.324
-9.955
-27.76
-15.588
5.077
4.9658
14.608
86.398
46.881
-16.964
21.725
8.1157
1.3393
23.389
3.7252
22.803
-7.3178
-23.588
9.6325
0.81707
-31.435
-47.894
-47.709
-36.23
-6.5236
-8.7874
-34.657
38.646
-29.531
-15.986
-40.569
58.846
40.048
17.218
16.29
70.523
55.143
11.338
-6.647
-1.0189
-9.2637
-53.717
-61.39
-5.1918
47.17
48.17
-23.851
NaN
NaN
NaN
NaN
-24.008
4.2857
79.613
58.121
50.34
6.8331
-16.319
-10.503
-15.641
-37.367
-0.53361
-6.6259
8.3721
-21.734
-16.344
-53.807
-25.684
-13.396
1.6708
33.176
-9.2924
41.607
44.432
38.091
