NaN
NaN
NaN
NaN
NaN
NaN
NaN
NaN
NaN
NaN
NaN
20.399
-23.444
-26.403
-27.932
33.624
14.176
9.668
-43.364
14.005
39.788
29.81
11.23
-13.103
13.897
-12.936
56.896
22.69
-26.644
-14.078
33.09
7.6222
NaN
NaN
NaN
NaN
-11.214
-18.731
1.0716
-11.218
9.187
0.51957
-10.326
-11.125
-13.941
-71.851
31.197
1.9435
29.048
12.037
6.8204
27.932
66.421
-6.4731
-46.763
-39.806
40.963
-55.581
-29.607
56.64
NaN
NaN
NaN
NaN
NaN
NaN
-14.167
-10.147
-25.187
-12.199
-24.775
17.928
-21.979
13.559
38.372
32.972
-33.186
-38.258
31.928
-37.578
-46.851
24.347
10.972
-30.427
20.816
34.844
-1.7928
35.921
30.279
10.607
21.561
-12.263
6.2237
-24.09
-22.857
28.13
6.3902
5.1181
NaN
NaN
NaN
NaN
4.3532
-26.682
24.95
-30.719
-42.237
24.669
11.922
-61.874
-32.676
27.1
37.213
23.208
40.942
1.6214
16.458
8.5466
9.2436
51.227
14.233
-8.4335
-45.43
NaN
NaN
NaN
NaN
2.0109
25.73
-7.6918
-16.093
27.884
-31.924
-42.965
-8.5488
24.285
-13.287
-12.481
-33.06
31.833
14.704
-12.76
-4.365
30.228
24.545
35.713
11.166
-35.587
-39.285
36.681
44.901
-13.1
3.5222
11.959
5.9353
9.8272
-20.432
-30.727
-4.0296
-7.5919
-24.736
-37.775
40.217
21.767
-15.757
-16.949
25.887
48.593
-3.9215
-32.514
-14.596
28.548
12.987
-22.563
-9.4843
2.6926
12.248
-27.755
-27.526
-38.707
20.586
-20.629
9.985
6.8833
-10.339
-39.506
9.0337
14.566
26.069
62.148
66.558
-32.551
-31.679
10.928
19.256
32.532
44.7
-21.203
2.2117
9.9802
24.807
18.059
-4.2066
-16.051
-42.908
-56.273
-29.881
-31.675
-13.042
-69.039
-34.465
-19.23
22.02
19.996
23.825
11.201
0.57851
-15.129
-8.2319
33.971
7.344
26.807
64.018
53.449
2.6813
65.096
NaN
NaN
NaN
NaN
-11.291
-70.396
-38.037
-13.249
-11.241
-23.012
-17.757
-30.634
-9.0841
38.949
20.326
-36.14
-4.8538
25.596
-3.9529
5.5277
29.531
13.956
-9.6401
-19.345
11.144
8.8162
21.165
-10.524
12.447
-5.0024
6.9081
44.632
-0.44941
-36.054
8.9795
19.222
-3.1318
-11.706
-49.602
-12.259
10.486
10.086
-50.304
9.0109
18.812
-48.03
-20.129
-13.062
-19.088
-12.107
10.488
60.83
48.536
19.831
21.048
90.119
55.128
5.6181
-54.201
-42.667
-17.507
-95.306
17.114
31.855
-37.921
-30.687
6.7095
48.496
8.9757
-20.137
-2.4373
-15.209
5.7594
-3.1303
34.924
1.6828
-22.497
-13.559
1.8517
-22.609
47.366
-4.7249
-35.646
9.5389
37.58
4.2321
-27.129
NaN
NaN
NaN
NaN
NaN
NaN
NaN
NaN
-17.309
18.308
41.234
-34.509
-1.4107
13.769
24.38
16.509
6.3153
-41.425
-25.657
-27.949
-15.275
14.95
53.608
44.714
-1.2208
8.3534
-27.395
19.548
23.852
-6.1406
-11.011
-2.985
-11.13
18.261
-21.554
-48.722
-40.482
-5.7742
32.88
-34.35
15.582
40.568
3.3922
-9.7813
-0.77997
-19.555
20.756
-30.639
-30.638
10.77
18.369
-14.322
-7.9483
9.3783
35.407
-5.3562
-2.3089
44.35
35.99
-1.7943
-3.3806
-27.589
43.173
54.985
0.50916
-26.553
-11.122
6.2566
