-34.576
-11.476
3.684
8.707
-21.109
5.7332
1.2516
-21.854
-7.7382
9.5162
0.30568
-30.777
-7.1914
13.98
-3.9202
6.0214
15.776
2.2829
-0.058255
26.967
24.54
-7.7163
-29.52
9.0075
-19.171
-46.274
-35.896
-11.783
9.2311
-12.149
-31.095
29.608
NaN
NaN
NaN
NaN
15.15
9.3788
-9.1598
5.6548
-7.0523
-1.3808
10.899
-0.53876
-8.846
-4.8312
-9.0758
-14.141
NaN
NaN
NaN
NaN
NaN
NaN
-11.352
-8.9365
-5.5212
-22.366
-26.733
-16.022
-8.6295
-1.9609
NaN
NaN
NaN
NaN
NaN
NaN
-36.416
12.795
63.764
15.477
-4.7465
22.715
20.602
5.8749
14.908
-6.2466
-8.8398
10.735
4.9382
23.977
33.191
2.1094
NaN
NaN
NaN
NaN
NaN
NaN
-45.086
-22.922
-15.499
-17.705
9.7501
21.807
11.17
9.6545
NaN
NaN
NaN
NaN
NaN
NaN
NaN
NaN
NaN
NaN
-6.1762
23.17
16.628
7.3099
3.0379
7.0716
25.231
13.912
28.879
7.3441
-6.7375
3.2976
-12.953
1.0679
10.718
-5.5189
NaN
NaN
NaN
NaN
-61.116
-62.239
-33.909
-7.9475
-1.9187
-8.2178
-38.592
-26.512
-0.14011
9.5835
27.605
52.183
65.447
69.73
67.605
-8.635
-32.833
-2.2807
16.337
27.217
10.968
-27.611
-30.468
-14.007
-28.32
-26.055
2.5236
29.108
-3.5441
-17.318
-9.2999
-0.15767
-0.77139
1.3313
8.0014
-6.3183
-6.1207
-8.1488
-21.154
-15.064
-13.581
-13.974
-15.476
19.037
28.36
18.047
7.7379
-9.1816
7.669
-10.384
-26.131
2.0421
-6.6677
10.486
27.645
32.643
6.4674
0.10811
-9.4164
7.5634
-4.1606
1.1621
22.678
-4.1214
0.17862
43.591
-3.1245
-49.739
3.152
19.661
-11.763
-5.973
6.3439
52.016
30.192
-38.299
-59.658
-1.934
17.713
-13.862
0.029614
-16.537
-37.84
-34.748
NaN
NaN
NaN
NaN
29.697
-2.1864
-9.1854
16.322
28.909
21.108
23.244
5.9104
20.616
3.7696
-9.5953
-6.5848
-10.787
-11.814
8.1111
9.4912
-0.52563
11.752
12.304
10.986
-10.43
-10.975
-1.5483
-10.658
1.9245
32.429
-6.2777
-11.718
-13.07
38.582
28.707
17.811
-4.4893
-32.809
-25.495
-13.939
18.604
1.6723
-34.442
-65.743
-26.569
-8.7445
-16.836
-14.694
5.7182
-8.7405
4.0097
27.621
36.838
35.898
18.348
-9.9796
-10.35
16.266
25.975
0.42989
-2.7082
20.216
28.902
6.582
-13.559
-32.344
-28.422
3.1561
0.027719
-7.36
8.1398
20.479
18.158
8.5928
6.1231
9.1091
9.5207
10.343
NaN
NaN
NaN
NaN
NaN
NaN
NaN
NaN
NaN
NaN
NaN
NaN
NaN
NaN
NaN
21.445
37.436
32.824
11.038
-36.299
-39.912
-13.765
6.8104
25.183
18.571
24.115
0.67248
-2.9942
15.866
33.711
-1.5186
-38.23
-5.5396
-12.205
-22.871
-4.9443
-8.0437
-3.3849
2.4373
-17.214
-5.7699
12.855
9.2325
12.114
40.525
17.915
14.676
2.5325
-5.749
11.361
