NaN
NaN
NaN
NaN
NaN
NaN
NaN
NaN
NaN
NaN
NaN
29.278
-11.953
15.976
11.02
-25.228
-31.065
19.397
16.546
-26.424
-29.508
-3.0406
-29.847
-56.056
-15.529
13.914
-6.8363
12.807
5.5822
6.909
19.041
23.539
NaN
NaN
NaN
NaN
-19.243
9.4383
5.1713
-3.1774
-13.602
-18.611
-3.1806
11.143
9.6704
19.278
31.235
-6.6958
-1.1918
3.7972
-9.8545
-9.3889
3.2683
-14.67
-19.629
33.368
40.284
8.3785
-15.578
13.888
NaN
NaN
NaN
NaN
NaN
NaN
-28.003
13.22
11.788
4.8973
17.838
3.4622
3.6458
11.443
25.122
2.9086
-31.522
-19.943
-20.956
-24.769
0.38416
19.317
-28.081
-28.997
-14.757
-12.824
-7.4332
5.4942
24.649
22.3
19.528
24.401
26.531
57.939
19.388
-5.1638
-6.9639
14.486
NaN
NaN
NaN
NaN
-24.578
-21.793
3.3098
-19.408
-4.7514
-5.8162
-7.1176
-20.487
-12.487
-25.502
-13.683
0.54272
-7.4024
5.1306
3.6173
-16.668
-4.3048
10.673
-19.691
-17.709
9.8322
NaN
NaN
NaN
NaN
8.9549
23.491
4.8361
-7.8394
-11.345
-13.393
-0.77984
-8.246
-34.644
3.6311
14.878
6.4578
4.5116
18.085
20.912
8.9767
6.9387
4.9697
11.338
5.3129
-16.501
-8.2928
-30.333
-20.823
-9.3265
-21.959
-16.498
13.609
48.249
31.046
20.457
11.196
9.7149
-17.47
-25.371
-46.375
-32.01
-2.5604
-3.1375
-7.2197
-2.9679
2.6297
4.9744
-6.8144
-12.943
8.7979
18.926
24.514
9.3089
25.585
7.3752
10.11
22.41
-0.92857
-22.075
12.09
3.06
-35.148
8.8008
22.628
-4.9636
-51.424
-50.687
-1.1945
11.3
-20.033
16
7.1935
-3.6522
51.104
18.949
42.409
21.047
-6.6074
-8.7148
19.058
-10.463
-30.076
-4.5495
-36.23
-15.33
11.165
-16.088
-30.932
-9.9435
-21.318
-2.342
46.775
46.786
22.418
4.4774
2.2437
13.938
-3.6653
-14.68
-4.2908
-17.774
-7.7242
-30.156
NaN
NaN
NaN
NaN
-19.793
0.17365
30.315
27.549
5.8385
6.0167
14.023
-3.5068
10.191
22.907
7.4745
18.093
17.834
9.5102
-17.98
-12.638
2.9586
-18.983
-1.8956
18.307
31.776
25.504
9.1836
-0.19488
-24.504
-3.0632
-20.459
-51.677
-33.389
-15.867
-16.106
-0.73692
2.3982
-14.331
-12.246
12.238
13.262
-1.389
-0.032329
-0.58668
16.879
-1.4889
-14.734
2.5334
-8.6328
8.6836
43.498
20.886
-7.9915
7.5805
13.33
8.1195
24.777
16.067
7.808
9.1975
14.292
-27.553
-9.013
-14.313
-6.4163
-4.4946
-1.9921
-7.4976
-30.238
0.082254
23.057
10.554
-3.878
-9.3714
-27.809
-37.843
-19.181
-7.7372
2.9883
30.678
14.765
-0.38278
-9.0539
4.8885
29.384
-4.37
-11.288
NaN
NaN
NaN
NaN
NaN
NaN
NaN
NaN
-3.2027
4.3296
14.169
32.745
51.413
14.88
-18.727
7.1641
15.882
-27.614
-30.583
-21.527
-17.184
-22.325
-22.465
-0.86001
38.055
29.154
8.4038
35.492
37.839
28.759
9.0028
-21.637
-42.001
-29.098
1.0159
1.1155
-19.886
-23.325
-8.9408
-0.60034
-25.431
-19.078
4.2823
1.9621
-11.614
27.547
47.768
9.7858
-26.565
-17.641
19.342
3.1455
-20.024
3.0951
46.11
16.579
5.7379
10.095
3.9247
32.577
8.6006
-10.234
-27.149
-31.788
-32.282
-15.371
5.5067
25.906
