-22.565
33.387
6.3284
15.099
16.904
18.592
6.5592
14.344
-2.7357
-4.1865
10.009
11.452
-0.21266
-8.5442
-18.339
4.1468
6.3116
18.436
19.412
-21.149
-3.531
8.8823
0.70743
17.492
5.0322
20.674
14.425
-7.7641
-13.564
-16.373
-15.399
-40.158
-20.655
4.0385
0.51403
-1.0262
-9.7821
-14.351
-18.083
-7.4496
4.0405
-16.009
-0.078394
12.316
20.272
13.77
18.083
16.923
27.285
25.427
19.781
-13.08
-12.293
-12.764
-4.9713
-8.283
18.453
17.063
24.813
-22.528
-53.736
-24.482
23.392
13.83
-28.874
-16.92
4.7765
38.575
46.236
26.223
-36.788
-17.724
-15.003
-36.677
-21.506
-24.024
-0.10834
19.225
10.432
13.87
1.3446
6.7446
20.04
33.401
16.378
2.3593
-11.296
8.7994
19.442
3.6516
-27.005
-46.291
-27.634
-10.84
-21.47
-2.7374
-3.8016
-0.46417
-35.891
-6.3252
21.059
14.817
22.272
16.729
7.6105
22.894
40.521
10.227
-4.0579
48.537
25.94
31.664
-27.64
-3.0958
-18.834
-13.462
-0.43551
0.8748
-8.6907
-11
NaN
NaN
NaN
NaN
-44.346
-21.899
-20.248
-22.038
-33.583
0.51993
5.8836
34.22
38.485
39.171
34.041
29.658
28.338
39.956
0.1386
-31.675
-3.6715
6.7354
20.73
30.573
-2.0703
17.024
32.055
-18.792
-21.106
-18.325
-25.704
NaN
NaN
NaN
NaN
-8.1106
3.6115
1.7509
3.1216
1.0476
10.773
-7.9078
-20.069
-6.5369
3.6461
38.329
22.252
13.688
-6.1122
1.9428
0.24053
11.929
10.365
-4.8959
-2.305
0.55295
7.8786
7.7072
-18.399
15.567
-18.909
-31.836
1.3991
20.971
-7.5889
26.343
10.132
-4.1021
0.5877
-15.764
-26.496
-13.923
12.07
27.231
11.954
-8.3908
-15.812
-19.396
-13.986
16.652
24.992
24.706
-7.9704
-2.7438
-7.3439
17.027
12.929
15.233
-13.425
-21.405
-28.186
2.7088
-13.645
-37.734
-8.5471
-1.4977
-13.559
11.258
27.662
24.702
3.7104
7.1256
20.452
14.106
3.176
-12.311
-1.8909
-10.729
-5.4217
-1.9184
17.151
16.194
5.3304
-23.428
9.4684
-1.8454
-1.8067
5.3291
NaN
NaN
NaN
NaN
NaN
NaN
NaN
8.1675
-32.938
-42.291
1.2507
5.8233
17.182
9.6813
-9.6563
0.25729
18.366
-10.611
9.2799
13.442
30.045
4.7659
-8.2991
-0.039521
11.551
4.8265
0.34982
-2.617
-17.102
-11.949
-16.489
-14.015
NaN
NaN
NaN
NaN
-27.255
34.957
5.3817
2.9284
-18.832
17.593
-6.2015
30.925
18.395
-11.467
6.8365
24.011
17.679
-3.7354
8.4714
1.5602
-9.5792
-10.981
-21.506
-3.3355
15.101
15.38
-1.1519
-3.4046
0.4371
-16.654
-4.7204
-18.119
0.38447
4.6553
0.91411
-16.208
-37.324
-19.3
5.174
-16.155
0.30108
28.859
35.172
27.368
-6.3314
-14.774
-4.4754
-3.1994
27.754
31.043
22.452
-3.9914
-3.1354
-9.0339
-24.623
-24.435
-16.977
-7.0683
0.76244
11.156
17.696
9.3061
17.544
-13.33
-4.9125
-33.362
-7.3634
-1.3669
NaN
NaN
NaN
NaN
13.928
-0.9767
-20.414
-8.8491
-11.855
-6.9152
-16.548
-7.1017
4.5841
-17.351
-26.7
-40.612
-3.6382
