-52.704
-18.699
-23.622
-2.0603
5.145
-10.572
-16.212
-5.6087
16.022
7.2259
7.3644
19.486
23.273
28.096
-14.685
-4.8121
-14.732
-9.6497
-8.3913
-19.363
-22.665
-18.259
10.877
-4.2364
-19.808
-4.6541
6.5501
9.8175
-7.5028
0.96127
-2.3575
8.1803
NaN
NaN
NaN
NaN
12.742
-16.066
-16.885
7.0077
3.8903
-3.1492
2.7713
13.459
2.8555
1.8394
15.382
-0.31406
NaN
NaN
NaN
NaN
NaN
NaN
-16.957
9.7106
3.0614
-30.005
-13.285
-2.3251
-0.60408
-15.726
NaN
NaN
NaN
NaN
NaN
NaN
-10.351
7.7901
26.361
22.578
31.914
12.561
18.569
-8.7686
13.56
5.1794
-33.393
-20.921
6.1096
22.552
22.768
32.388
NaN
NaN
NaN
NaN
NaN
NaN
12.013
9.2418
-19.574
-18.159
-11.065
2.6354
-2.6936
1.5918
NaN
NaN
NaN
NaN
NaN
NaN
NaN
NaN
NaN
NaN
-11.977
20.788
19.975
9.854
8.2548
8.4423
4.4524
-6.4961
30.182
4.1729
-14.843
10.637
-1.2724
3.1251
10.869
-1.5748
NaN
NaN
NaN
NaN
5.0639
-19.679
-22.621
12.795
2.2013
-9.3557
0.30975
28.585
37.687
23.607
5.049
10.696
17.933
28.967
2.2457
-29.499
-23.312
-28.155
-40.002
-13.404
7.0465
-32.781
-32.557
-39.024
-8.2287
-13.752
-8.5484
17.48
19.228
15.227
22.352
11.44
-2.4997
10.567
2.4967
1.9838
19.282
7.6521
-7.4104
15.98
1.392
-10.006
4.7801
36.262
21.856
-10.347
9.6383
-13.917
-14.722
-11.718
-24.585
-7.6473
-11.692
16.299
19.978
18.73
-10.873
28.561
-2.9219
-11.55
-24.378
-7.8863
-11.06
-28.613
-18.186
1.3705
-12.763
14.003
9.0849
20.047
15.161
9.5217
5.0332
16.412
4.8395
-1.9974
26.046
13.918
-10.254
-10.801
-9.5858
-31.513
-14.551
-14.663
NaN
NaN
NaN
NaN
2.3369
-1.9003
-16.657
10.99
23.808
15.251
5.8107
1.3526
18.052
12.617
6.6977
-0.79037
-10.693
-12.454
-4.4111
2.6371
-7.2246
-8.0292
3.392
21.19
5.5737
3.8807
26.655
18.439
-3.4255
5.0127
11.451
-14.377
-19.596
-4.2447
-13.363
-7.9309
-3.4664
-28.171
-2.9386
0.92173
-3.2487
-14.01
-12.765
-12.661
-7.1896
1.1578
24.114
9.6237
-5.0511
-5.0411
18.46
-9.3591
-1.9244
-6.5919
-8.1526
-18.642
16.876
15
28.239
15.348
5.8402
-11.681
38.406
2.115
7.7487
-1.5635
-12.506
7.4307
7.9766
-15.217
-7.8881
15.824
-5.8533
-9.9405
-8.9571
9.9616
13.41
5.1571
NaN
NaN
NaN
NaN
NaN
NaN
NaN
NaN
NaN
NaN
NaN
NaN
NaN
NaN
NaN
23.63
28.481
-2.5772
-9.3973
-16.004
13.923
-8.0158
-22.757
-12.286
-29.403
-25.488
5.0318
11.702
23.837
6.6808
8.7334
-24.427
4.0983
-2.5724
-4.1857
5.8273
18.059
-8.5541
4.243
9.3327
3.8849
-11.768
16.987
-0.65284
15.062
4.8857
22.874
11.372
1.5884
15.225
