-18.334
2.6232
18.648
33.809
50.128
20.983
20.477
43.783
26.518
-14.041
-16.692
-16.703
-4.2366
-18.69
-0.92689
-0.39167
-3.414
-12.359
-10.132
-10.67
-8.5523
8.0055
-12.252
-9.5103
0.40424
-3.1777
-6.3836
0.5732
5.441
-19.435
-23.566
0.68409
-3.1036
10.791
15.644
8.6331
4.2767
-6.2259
5.5273
13.162
-2.3696
9.3245
7.5237
7.2256
15.936
12.689
-2.959
-8.9899
9.2649
3.8618
4.9934
-0.53632
-20.725
-16.208
-14.098
-3.7542
-4.8283
16.088
12.922
-9.7362
-0.98589
15.173
20.77
5.9632
-23.028
-23.804
-1.156
8.9529
3.6121
-9.0001
-2.6797
-3.9006
-11.102
-12.604
-4.5898
-14.725
-7.7824
-9.3778
1.1232
8.7672
14.48
6.5243
20.714
17.829
4.7909
-6.3785
6.3321
-3.5433
8.6507
4.2793
7.1811
4.6605
1.3846
10.648
11.328
8.6855
4.6316
3.4569
-15.109
-17.36
-3.2488
-8.4413
-25.395
-20.185
-10.925
-17.653
-3.9517
14.699
-2.1565
11.454
19.197
-12.519
-6.4152
1.5857
-4.2386
7.7306
11.575
17.999
-6.7429
3.4988
5.7453
2.1896
-12.024
-6.6683
4.1465
6.3949
12.575
-0.3252
-17.311
-9.0463
5.4254
-3.7805
10.545
12.521
1.5722
2.9679
16.961
5.8158
-11.674
-24.512
-16.187
-4.763
6.9685
3.8023
-6.432
6.3495
-1.9534
7.2293
12.674
12.451
3.4514
11.745
4.789
-17.254
-12.994
-2.0924
-23.915
-18.851
2.4742
-7.012
-6.3302
-4.6719
1.0823
4.453
12.357
-1.0292
10.261
5.5079
-6.1158
1.3782
2.4627
12.52
23.339
32.082
-1.4153
-2.662
10.022
-7.0129
-16.283
-3.3994
-23.879
-21.576
-8.6475
-14.81
12.965
2.4414
-2.7231
14.027
4.8601
-14.041
7.9325
30.076
18.631
-5.4994
-8.9808
-6.3263
10.022
4.4623
-10.119
-3.8519
14.324
-12.609
-18.112
-14.124
-22.054
-1.54
1.1898
-10.708
-7.8562
6.8716
22.351
5.7223
-8.1753
3.2017
1.9139
9.3019
3.1936
19.495
3.956
10.062
8.7488
-4.3281
-5.1091
9.2613
-2.2911
7.8328
-1.7026
-5.1982
-20.958
-12.219
0.74162
10.573
5.924
-25.713
-0.32629
5.5636
13.291
3.2127
2.0081
-0.68519
-14.979
20.541
31.847
-4.6484
-5.8673
-5.1152
-27.986
-20.157
-16.028
-3.7257
-19.706
-24.094
-20.456
2.7879
13.43
