-45.134
24.511
5.8949
21.28
-13.104
-5.3993
-4.8284
-12.2
-21.178
-14.911
2.1013
1.0331
8.0454
9.0325
-4.4523
-1.6139
-15.976
15.406
19.854
4.92
15.884
2.6467
4.1631
13.338
3.102
-10.531
-2.309
-14.3
-21.159
-14.603
-5.9313
7.8097
0.22026
-8.1446
2.6602
-7.6687
-1.9251
2.8578
3.7402
11.095
14.676
1.2397
6.4851
-3.4483
0.25969
-17.034
9.5684
-13.206
-3.2779
20.943
10.582
-2.9387
1.5934
18.604
12.323
11.129
-3.3248
-24.903
-10.055
4.1136
-1.2371
-21.951
-38.066
-13.058
4.4284
15.662
9.7195
-6.9257
6.834
-2.5577
31.662
6.4025
5.119
-9.7773
24.985
18.32
-15.294
-1.5452
-26.109
-17.863
-0.86079
-10.349
-5.9547
-19.017
18.258
7.7089
14.369
7.6161
11.362
-1.3334
-17.296
-2.1543
22.662
-4.382
0.10365
19.999
15.995
-23.26
-15.603
-8.4611
-10.482
2.0397
-1.7786
9.7422
17.529
-16.463
-9.2637
-4.8461
-6.1397
-15.524
20.325
18.507
21.76
1.3986
-7.2176
3.1242
0.0055908
-10.155
5.2251
-19.742
-7.482
-25.6
-5.395
20.876
6.0113
16.769
22.21
0.89147
11.127
-1.8558
-17.594
-4.7023
-5.1891
-42.022
-13.888
-5.5736
-2.8371
10.407
26.113
23.865
9.5491
22.141
8.2786
-16.208
-10.239
4.9935
-14.736
-10.348
-0.49982
4.5416
-7.487
-14.798
11.149
11.923
11.823
8.2852
24.464
10.775
0.24142
-13.527
-15.393
-6.6649
1.8881
-17.792
-10.809
-4.9266
-24.5
-6.4361
9.5362
-9.7994
-29.469
3.1632
-14.789
-2.3761
17.232
11.688
-11.463
23.69
23.941
39.933
39.648
26.414
8.8292
-3.3455
-2.3151
-10.418
-11.346
-17.088
7.7306
-2.8919
-10.211
-27.774
-14.076
-22.122
-3.4959
14.777
17.476
-0.3547
-18.484
-27.6
-27.484
-18.168
-28.618
12.54
21.488
4.2401
14.55
28.865
39.32
10.446
6.8477
7.0451
24.596
-6.4572
-9.648
2.03
-10.043
-21.292
-5.8305
7.1209
1.3867
-17.814
-11.056
12.012
0.23544
15.016
-18.336
8.4291
19.352
5.4343
-5.6598
-6.2697
-5.6533
0.84781
19.298
-2.3039
-34.685
-22.953
-3.44
-4.9666
4.8765
1.5833
-8.6638
-10.9
-15.149
-5.7574
23.747
15.569
32.882
18.788
4.8796
26.343
27.186
-25.519
-20.493
