-11.608
36.698
11.665
22.102
23.493
12.683
9.6718
11.799
-11.543
-7.2626
3.9899
14.92
-2.3338
-15.682
-17.289
-2.0129
11.832
14.441
19.492
-29.066
-8.5406
6.8735
3.104
18.715
0.51671
16.267
13.599
-8.2948
-8.8429
-4.3504
-19.063
-36.197
-16.769
4.68
4.5981
-2.3077
-5.181
-20.683
-15.765
-0.59172
2.5234
-16.195
7.045
14.294
16.819
8.079
16.135
14.931
29.135
25.669
14.542
-6.7006
-16.164
-15.15
-4.684
-10.992
20.093
18.871
20.59
-25.513
-49.654
-17.112
17.633
8.8209
-25.112
-15.96
1.4496
35.981
46.139
24.909
-36.208
-18.106
-16.226
-42.359
-19.09
-28.248
10.346
20.085
9.4161
21.586
5.4469
0.084005
22.036
31.801
21.735
7.6715
-11.696
9.3821
20.987
5.6746
-35.938
-45.492
-33.038
-9.6244
-19.399
1.3986
-2.4945
-2.1753
-39.904
-6.8805
18.697
15.594
21.862
18.11
10.027
18.96
32.965
2.0731
-3.3416
50.497
25.207
25.872
-31.314
0.1031
-10.842
-11.324
-3.2255
4.1521
-7.1569
-8.9844
NaN
NaN
NaN
NaN
-48.48
-26.327
-22.642
-23.664
-29.192
0.15103
3.1794
29.668
41.403
33.387
25.311
28.891
36.653
28.921
-0.96594
-31.088
-5.0404
7.6768
19.994
27.325
0.081401
26.523
30.093
-14.582
-14.296
-4.9711
-24.592
NaN
NaN
NaN
NaN
-13.352
1.9947
-0.30231
3.4065
5.6924
17.75
-13.556
-32.674
-12.731
4.5849
40.427
17.813
13.885
-2.3675
9.8173
9.0228
11.789
6.2885
-2.6435
0.46695
6.8902
11.072
9.4333
-9.6412
7.1695
-22.495
-32.169
-2.219
19.751
-8.8551
24.91
3.3368
-14.837
-1.1598
-19.554
-24.085
-7.4815
18.579
29.323
5.9872
-12.177
-16.556
-16.324
-11.012
23.703
29.901
26.229
-8.4129
4.2475
-7.0218
13.308
10.705
14.749
-10.559
-22.78
-24.513
-5.6542
-25.949
-36.737
-6.4878
1.3744
-7.1977
2.8305
29.589
20.048
0.70805
3.2426
21.945
15.853
1.6499
-13.344
-1.6497
-9.5027
-1.171
2.9832
18.504
8.1853
5.9541
-19.221
19.716
6.0332
5.5147
12.695
NaN
NaN
NaN
NaN
NaN
NaN
NaN
-2.5557
-40.156
-48.665
-1.4385
3.1046
15.314
10.374
-7.8318
5.0195
18.316
-13.202
10.604
14.03
31.017
12.831
-3.7101
5.2361
12.538
11.557
6.4201
-2.0835
-16.608
-14.669
-15.685
-25.863
NaN
NaN
NaN
NaN
-23.961
31.624
-1.5693
9.8442
-9.6601
16.059
-8.6905
31.48
18.137
-11.822
4.47
23.69
12.893
-10.683
9.9401
0.48649
-11.657
-8.9948
-17.954
-2.1604
11.959
9.5489
-0.66911
3.0004
-3.0198
-11.729
3.1605
-12.925
-0.55166
2.4977
0.49538
-23.934
-35.036
-15.438
-3.1985
-14.055
5.5915
27.772
35.622
21.647
-3.4142
-8.1385
0.37175
-8.802
27.289
28.443
15.766
-8.6998
-0.86537
-9.5511
-18.807
-17.433
-23.75
0.71219
-0.89406
13.37
16.181
15.269
19.959
-10.715
-14.8
-36.206
-0.35291
3.4442
NaN
NaN
NaN
NaN
18.173
-4.1969
-21.947
-3.6848
-12.18
-6.1068
-18.499
-7.8971
3.7839
-8.9223
-21.959
-42.074
4.9646
