29.858
33.284
8.9723
12.64
8.0333
-34.665
-43.21
-24.746
-41.417
-49.268
-33.276
-42.566
-65.796
-44.209
-40.737
-50.594
-33.215
-22.188
-2.849
22.349
57.159
47.872
67.547
42.965
35.967
20.37
20.254
23.521
40.013
34.466
-1.5825
4.0146
12.027
-25.103
-10.158
4.4781
-20.143
-20.903
-10.778
-13.004
9.0209
-0.70342
-8.8716
1.4928
0.44909
-16.567
-33.211
-8.3081
15.674
19.671
-5.7829
-20.488
-38.069
-5.7994
16.478
12.763
8.2746
22.552
-13.98
-14.932
-9.2751
-21.069
-18.568
-6.6742
-5.3933
10.55
11.464
4.0941
5.7724
30.215
16.242
3.6666
13.411
-10.064
-15.616
-21.311
4.4999
13.213
16.233
25.043
26.292
29.521
19.819
2.2494
-23.619
-10.965
-9.9445
-16.517
-15.854
-18.711
-16.337
17.682
31.626
2.2123
-21.424
-11.828
-8.5398
-2.7356
-9.9752
-21.004
-19.627
-17.172
-10.246
-0.88882
12.32
4.9972
-8.8892
9.4162
8.553
16.52
23.102
-1.1825
7.9017
42.636
34.434
10.484
10.227
10.42
18.485
1.9288
-25.505
-30.575
-17.264
-30.042
-20.951
-43.109
-34.92
-22.053
-15.462
-5.9209
20.633
15.857
9.5255
17.405
0.17249
7.8937
16.229
16.362
26.039
25.655
14.519
7.786
21.714
21.037
-1.6896
-9.0606
-23.985
-21.196
10.414
14.867
-16.387
-38.312
6.2325
18.034
11.496
-9.9634
-17.662
-10.942
-18.629
-8.042
-5.4219
9.2599
-1.826
14.354
-3.7535
-26.604
-37
-13.538
-29.008
-8.827
-4.8843
24.075
28.592
21.67
15.319
8.9414
18.14
23.704
19.524
8.4106
9.9654
16.241
1.9872
7.316
-3.3514
-23.83
3.0248
7.2198
17.658
-2.7493
-35.52
-18.606
-17.846
-25.645
-24.802
-6.1379
4.7558
-5.8844
13.141
20.434
24.702
15.456
-13.597
0.10173
-12.274
-4.1502
-7.2783
-18.651
7.9421
11.989
-15.034
-2.5883
33.122
41.068
30.288
4.3831
-7.5404
7.2083
-8.9631
17.816
NaN
NaN
NaN
NaN
-25.578
-20.444
-13.464
14.661
1.2375
19.664
16.923
2.6831
10.14
9.2473
23.152
3.3511
-4.7607
-0.13366
-10.414
-21.24
-15.665
-0.80293
20.474
30.469
26.625
34.628
36.332
59.441
