-2.5653
23.909
11.071
-22.652
-33.099
-4.6484
-17.583
-41.313
-15.988
-12.509
0.60155
-32.363
-40.891
-47.027
-49.12
-64.807
-10.314
7.8058
40.016
36.632
34.561
69.914
16.682
-8.6702
23.851
49.363
11.699
7.1206
-4.3246
-24.23
25.306
14.034
11.871
-2.2932
-8.7572
30.381
18.906
-26.716
-22.687
-30.349
-16.005
-4.9309
8.7413
0.71175
-15.418
18.174
39.319
9.9318
-9.2656
-4.336
-4.27
-20.787
-7.243
-18.731
-27.839
-16.345
-13.874
14.939
15.097
9.3335
-1.6355
-23.36
-9.8
0.33915
-6.3339
1.7044
-23.905
6.5349
11.44
11.149
-7.7331
18.844
23.335
34.12
3.106
-17.117
0.47958
-10.388
-20.949
17.664
24.38
37.942
40.429
0.1255
-31.57
-7.4959
17.4
-6.05
-30.113
-22.514
-15.949
-23.375
-7.1622
-30.302
5.8736
26.05
16.471
5.0856
-14.979
-2.8639
38.578
7.6264
-24.875
-19.375
5.9942
4.098
-11.831
18.666
72.071
77.797
0.7657
-34.873
-7.8108
-10.073
-13.824
-34.209
-31.314
-21.275
-23.788
-43.911
-37.671
-25.865
-34.093
3.2146
40.405
36.377
17.319
-7.6838
12.844
28.728
5.5474
17.703
13.375
3.6946
26.974
6.7856
13.594
1.1655
5.2792
46.956
35.764
3.4834
30.731
-35.677
NaN
NaN
NaN
NaN
-8.6792
-11.367
-6.0949
35.442
21.569
45.767
36.452
18.256
-40.979
-23.598
-39.936
-19.95
-22.479
-14.877
-26.249
-2.2933
-9.6012
2.7234
3.5756
0.29593
-2.2841
-11.955
9.8927
17.309
1.9814
-4.8869
-8.46
-6.607
15.807
6.4868
15.107
48.389
33.526
15.082
14.019
8.3264
2.2966
-10.915
-13.66
2.8311
4.9884
11.365
25.318
31.734
23.118
-21.272
-4.5437
NaN
NaN
NaN
NaN
-33.975
-20.938
12.102
-1.6802
-5.31
-47.623
-39.705
-23.332
35.855
44.402
54.935
20.846
-35.042
-32.563
-30.537
-1.9771
4.5195
-26.031
-11.097
-9.0102
9.1117
21.995
32.11
16.816
40.026
19.407
20.098
-12.044
13.612
7.5259
-18.657
-35.851
-0.37431
1.4877
0.73965
3.2099
18.586
8.8107
15.069
20.055
34.403
56.261
27.762
-5.1816
-35.05
-35.67
-43.414
-0.58905
-0.63436
1.4609
-12.341
3.1163
-17.281
-48.545
-46.259
-53.343
-33.005
-30.016
-36.179
-11.658
11.002
19.634
52.95
62.443
42.808
5.912
-27.476
-5.6204
32.053
47.446
13.015
-10.831
-6.8213
-4.2161
23.123
5.9685
-12.704
-15.512
15.601
19.313
-13.521
0.10435
8.4703
0.60221
25.113
44.192
10.251
-6.0877
