-7.8412
-7.4585
-26.057
8.4432
24.125
-1.4409
7.7328
28.851
26.176
-5.284
16.271
20.189
43.936
13.965
9.675
-15.624
-8.9976
-37.359
-18.438
-6.0586
-16.893
-9.8074
-16.111
-8.7499
-35.41
14.634
18.441
-0.20681
-22.316
-9.6415
29.095
10.243
-0.87578
12.597
-11.896
16.164
27.512
-21.165
-2.9314
12.199
15.16
-2.7197
-5.8914
-2.8003
-1.7489
4.8834
12.146
-19.983
-14.029
-13.006
18.359
25.981
16.122
7.0323
-10.108
-35.815
-3.7376
-19.101
19.863
-0.83125
19.696
6.3112
-0.37783
1.4993
6.0732
26.596
11.072
22.951
-17.61
-44.957
-58.582
-18.559
-7.9685
-57.286
-2.3233
18.292
23.381
-12.098
-7.039
16.501
7.9181
23.764
45.624
33.522
-12.342
-17.012
-10.513
-6.7
16.694
24.836
26.947
15.567
25.998
-7.3742
-13.185
-25.678
-14.707
24.902
10.882
11.67
2.7909
8.2211
-8.1503
-22.122
-24.754
-44.295
-16.613
-31.316
-16.72
-28.77
-7.8856
18.532
-19.212
-0.54216
27.698
-2.8918
-10.702
-16.293
10.645
29.809
43.813
37.812
19.796
17.467
-11.465
-5.5092
6.834
6.8132
-6.8045
30.451
-9.4805
5.2693
4.1002
-6.8257
17.704
-19.308
-14.693
2.4936
-14.175
-18.729
-8.6559
-20.974
4.9973
36.523
NaN
NaN
NaN
NaN
-39.289
-46.458
-28.695
-6.9968
-23.51
11.088
-20.039
-5.7485
29.213
66.87
50.162
65.369
34.906
15.779
-3.9429
11.06
4.8952
-28.925
-1.0824
-28.785
-12.477
-27.569
-49.264
-40.616
-23.339
-9.9651
2.1696
25.944
35.595
41.473
-0.043167
-16.537
-3.8684
-12.927
3.3386
11.734
-2.5383
5.6485
0.10359
-17.299
-2.3892
8.9743
0.39042
-0.81006
-22.596
24.085
30.629
NaN
NaN
NaN
NaN
24.889
-8.1244
-26.45
-31.139
-9.595
-15.155
-37.445
-42.267
-4.5475
13.1
-2.3912
1.1096
27.034
46.762
10.195
-53.265
-68.445
-16.93
-5.1083
6.8101
24.025
37.981
32.743
11.406
-19.011
-0.81041
37.115
-0.66004
14.333
2.32
29.912
24.502
36.139
5.2842
-5.5923
-8.4542
-39.612
-33.315
-24.319
-8.3069
-14.071
-30.893
-34.993
13.631
39.534
11.485
12.149
-0.59071
-33.539
-0.11034
6.7329
-7.7088
-18.239
-2.0648
7.5293
-6.8665
0.96416
-9.2108
17.751
20.99
5.0286
18.093
15.568
-21.07
-26.866
4.8019
6.5367
10.41
29.021
43.01
45.041
11.25
-28.899
-34.421
-14.604
-38.744
-11.395
10.964
-0.27755
11.687
-22.435
-2.6901
2.9766
1.0885
-12.4
-2.9145
3.5774
-26.544
