-84.229
-13.859
-34.704
-6.1993
18.321
13.491
12.798
21.073
27.191
62.73
22.663
7.8733
3.3207
10.976
28.859
27.544
25.68
32.798
36.902
23.247
18.311
-8.14
12.662
-63.72
-11.892
-3.4486
9.4192
13.641
-15.177
-2.7826
-32.092
-25.881
-25.954
-15.842
5.0723
-30.536
-20.962
-19.639
-0.26453
-0.67398
23.212
6.4736
4.5461
26.524
11.312
-8.0877
-19.097
-12.421
11.579
-12.213
-4.2917
-1.2818
6.4032
-15.973
-38.954
-34.172
-0.11886
0.33574
24.435
19.824
1.8788
16.407
-8.1492
-0.81099
31.893
6.0663
43.081
39.011
33.664
34.154
12.237
8.5938
-0.36742
2.4774
-15.537
-4.1388
-9.8922
-23.37
-8.1478
-30.089
-39.144
-17.509
4.3192
10.989
9.4675
24.564
-5.4511
14.581
-30.926
-45.769
-44.353
4.3537
17.92
-5.4876
16.585
7.1253
-25.22
-12.806
-7.3691
-12.69
-14.933
0.090989
-9.4952
NaN
NaN
NaN
NaN
-4.2365
-20.802
-0.97026
12.161
36.595
27.849
37.916
-12.428
-5.3161
0.86517
-9.3967
-11.397
-23.919
-2.416
3.6002
20.981
NaN
NaN
NaN
NaN
-7.1631
29.257
26.645
-3.3083
12.563
14.901
-13.738
-13.293
-10.789
-84.578
-36.847
-24.017
-34.026
-30.892
-6.2846
9.9046
20.568
-7.0089
-9.1386
8.8177
-9.4754
-12.003
-0.56791
17.622
-10.7
3.6229
18.948
34.154
19.104
17.927
-1.6373
-4.8975
8.3311
3.6648
NaN
NaN
NaN
NaN
11.343
-15.949
4.542
-17.409
23.471
3.6303
-12.75
5.119
-3.8636
0.22032
14.18
-3.8152
-19.805
8.0197
-5.6076
-9.0919
7.4685
13.875
21.056
-34.163
-46.487
-31.892
-0.77662
-13.252
28.801
-21.027
-18.386
10.063
7.6326
28.88
15.618
3.8078
-13.558
-24.169
-24.434
-12.824
-16.196
3.5544
-29.936
-5.4075
15.381
-0.4052
12.049
10.685
32.188
1.7295
-4.5549
9.8533
44.989
-17.598
20.678
29.218
16.057
23.228
29.077
4.265
9.5114
29.424
22.057
-12.69
-9.1939
-2.2081
-21.33
-46.061
-66.935
-51.011
-13.163
-9.1832
-4.3206
13.414
23.272
5.4508
-9.9609
-12.274
-4.1283
-5.596
5.6532
33.318
10.521
19.215
22.325
-50.247
-2.1504
16.435
-26.646
-34.068
-11.991
-27.145
-40.487
14.076
24.53
21.754
15.929
-1.3258
-6.5205
18.25
11.492
-11.96
14.248
1.7261
38.742
5.0177
13.503
22.331
18.293
19.777
12.778
39.726
19.136
32.197
15.632
10.114
-43.548
-22.517
-11.141
-41.715
-32.598
-6.0075
-25.485
-11.667
-22.575
-13.64
1.9805
-12.354
-5.0261
-18.176
-37.576
5.5424
