3.8568
20.619
7.0143
-24.908
-30.558
-26.784
-3.1872
-25.214
-29.701
-54.37
-43.135
-24.616
11.897
8.0323
-30.213
-6.1232
29.098
13.512
-19.445
-27.222
-27.791
-14.133
-17.553
1.6111
13.91
7.5073
18.043
-6.3675
21.863
22.759
31.746
4.4695
7.404
9.2579
-17.038
-15.935
13.57
37.308
7.1173
-23.481
-10.306
-28.526
16.794
28.284
6.5544
-1.7083
-14.526
21.538
13.405
3.0475
11.445
22.642
-6.9969
-24.432
16.63
17.309
-8.2577
-33.438
-1.7511
-18.239
-11.129
-10.237
-10.215
-2.0017
7.1738
-9.5598
-25.337
-15.695
-6.494
-16.844
-17.572
25.44
26.952
10.966
-6.132
-8.0578
40.109
18.911
22.028
20.463
-25.892
-13.782
-14.737
-16.731
4.3292
-12.879
-8.2735
-15.244
1.495
-2.1505
15.148
28.556
-2.9631
16.101
-10.94
-14.532
7.7466
13.559
15.832
-4.0413
19.022
17.202
-12.529
NaN
NaN
NaN
NaN
-17.304
-14.11
-5.7944
-31.641
-61.165
-55.049
-60.08
-4.0936
8.9031
49.711
40.422
16.756
49.726
16.139
20.438
8.4273
NaN
NaN
NaN
NaN
-31.416
-20.834
-8.0372
11.286
-9.381
8.2357
16.35
5.3262
-2.0722
9.7161
-2.3301
-7.294
-20.628
-1.3026
-7.764
-17.184
6.2876
2.9324
26.545
20.865
10.852
12.726
53.188
30.667
51.851
30.263
19.089
-6.2563
-24.685
-24.128
-8.4886
-15.815
-37.898
-41.384
NaN
NaN
NaN
NaN
-14.131
23.696
40.054
10.118
-1.7952
-0.20931
46.19
36.69
21.043
9.4066
30.143
-17.714
-54.121
-20.822
21.189
20.403
36.571
-4.6545
-30.859
-26.383
3.5376
15.853
3.9804
-28.392
-17.307
-12.265
-5.1293
3.0539
-14.045
-11.432
-20.896
-5.2095
27.412
48.735
10.995
15.97
36.903
28.115
21.269
10.761
8.4479
13.44
5.7173
-33.481
-26.844
-16.592
6.2247
-5.0316
0.15892
-12.993
10.462
-28.921
-17.115
-8.5108
-47.775
-33.239
-29.883
6.5993
27.047
13.032
12.966
37.017
35.377
28.431
6.295
-21.58
3.925
-15.323
-9.8881
-39.281
-29.225
-24.025
12.368
2.7866
-1.4724
3.9409
-17.743
-16.18
-3.8533
-8.6711
-7.4512
13.411
22.934
14.237
55.007
68.353
59.773
37.71
34.344
23.517
-15.612
-11.526
6.5854
-20.979
-8.7282
11.768
30.662
21.876
-15.474
-50.935
-77.304
-75.302
-39.471
-30.479
-53.393
-67.701
-57.458
-39.508
-3.2732
9.7646
20.346
47.726
54.076
23.789
10.354
39.296
8.2267
-0.82584
-14.909
21.256
40.965
24.245
41.614
15.22
27.981
42.442
24.305
42.067
