7.7578
17.83
14.708
3.5889
-9.6392
-9.1428
-18.255
-37.283
-22.885
-7.783
10.276
5.4095
8.206
3.6261
-16.317
-17.911
6.098
-7.3812
-29.529
-49.463
-24.94
-15.728
-11.505
-9.3022
11.356
11.556
-19.892
-31.691
-0.021402
15.012
24.653
3.9927
17.559
29.277
28.314
30.577
22.78
14.966
3.8318
-4.8366
-7.7868
-33.531
3.73
27.147
29.253
14.929
0.68686
8.8342
-0.23478
-11.489
-19.33
-12.404
-11.809
-30.767
2.7281
15.454
31.35
22.382
0.30711
0.53381
14.701
7.9632
-28.727
-14.198
-29.292
-17.715
-33.983
-23.914
-22.718
-28.124
-8.9673
10.577
28.116
38.849
-1.8485
-33.057
12.634
0.58546
23.544
25.995
-9.0216
-14.796
-22.116
-8.5401
22.262
29.369
-8.8465
-14.42
9.2324
-7.6662
8.9764
7.0449
10.952
30.049
-7.8483
3.4736
12.52
20.148
9.4094
-4.4026
-10.953
-7.1546
27.227
NaN
NaN
NaN
NaN
-1.676
-15.043
-32.775
-33.624
-47.611
-46.623
-20.668
-23.374
-21.805
16.113
-0.073952
2.0907
19.485
7.3558
17.012
13.93
NaN
NaN
NaN
NaN
-30.755
-22.578
-6.7129
-20.975
-31.324
-7.1433
17.061
23.366
21.709
38.404
35.551
-11.887
1.8613
17.836
18.831
-6.6004
-22.095
-8.3181
1.0151
7.9887
16.455
19.12
26.056
-5.1567
-2.3583
13.918
8.6291
10.053
3.5653
-6.144
1.2341
7.7723
-16.031
-27.319
NaN
NaN
NaN
NaN
20.607
39.468
32.53
24.52
3.2168
-14.319
-5.3895
19.885
25.487
2.5621
13.727
6.1204
-41.353
-48.516
-20.278
-7.2255
-5.6561
4.4814
0.67437
19.828
32.884
51.034
33.975
13.737
-9.4462
-16.337
-4.8284
12.895
8.2193
9.0212
-23.158
-18.6
9.8521
26.672
11.781
6.5481
3.7804
3.4355
0.84369
-10.548
-7.894
3.8272
17.724
-39.307
-35.041
8.9336
20.615
-21.057
-25.431
-9.8509
24.062
-4.6276
-13.339
8.9317
-18.271
-14.329
-35.894
-28.479
18.768
9.8696
13.311
13.779
16.953
12.851
24.206
-10.975
-23.01
-6.1777
0.53873
-23.28
-17.532
-16.41
16.103
23.548
5.966
29.622
14.18
-3.3229
9.711
3.2422
1.6065
2.6365
13.405
8.6278
34.392
64.313
43.181
26.945
13.337
3.9434
-17.064
-34.587
-26.311
-45.152
-52.849
-33.673
-21.594
-1.0316
-22.934
-25.404
-17.966
-32.797
-24.192
11.37
-5.7453
-15.648
-3.1975
12.62
17.849
8.7458
11.577
25.718
21.784
8.2834
-2.7506
10.08
17.516
0.75836
-15.626
-10.966
16.948
13.17
36.44
18.5
5.9186
10.561
16.626
20.071
