-16.644
12.057
3.8734
-26.478
-16.178
-19.457
-9.1721
2.8614
1.1478
-1.6107
6.7418
11.74
3.9968
35.834
16.981
7.5942
-10.673
4.0925
9.3112
-17.819
-24.519
-19.997
-5.8179
5.6293
16.201
8.1256
-1.0743
-15.716
1.578
6.0651
-32.34
-24.198
-3.1807
0.65781
-7.2705
-1.9776
17.736
0.024198
11.937
-8.9816
13.877
17.945
14.575
6.3795
24.947
7.5365
3.036
-1.3496
6.8287
-17.168
4.9344
-4.222
5.8416
-4.8202
-12.104
-15.531
-18.325
11.357
22.012
29.084
6.3792
10.509
23.206
-13.95
-32.643
-18.843
-8.279
-3.5555
-50.315
-31.18
-18.138
-9.6622
8.4143
-18.397
18.012
14.129
13.467
-5.7131
1.2602
-0.28082
-0.64194
8.2649
13.113
12.475
22.903
30.799
16.353
4.9058
24.171
20.411
1.6787
6.8162
-5.1003
-3.2096
-5.0915
-20.855
-16.9
-12.82
-17.275
-7.1299
-8.5666
-8.862
-3.7671
-16.934
-8.6267
19.774
17.552
20.672
-7.9459
-0.4965
-9.7556
3.988
-19.358
-10.136
-19.506
-12.117
-17.616
5.1155
-3.48
23.931
19.777
-0.091438
-0.28451
9.5008
9.4349
2.9768
0.78171
1.9565
33.141
13.651
-21.447
12.158
-13.308
-2.392
7.2183
14.006
-6.5512
-31.726
7.9517
9.4431
15.06
-6.1868
-12.417
-4.4371
1.152
15.463
13.076
7.5877
-22.582
-37.876
-13.497
-10.057
-6.8358
-6.6765
-18.166
-6.8768
25.732
25.191
21.015
14.293
7.7862
17.368
-3.2835
-2.1662
19.156
10.461
2.6444
-17.763
-34.672
-20.549
-9.4057
-22.77
-18.883
-6.0426
6.103
-1.5964
2.4553
16.478
1.723
6.4015
17.976
24.585
-8.1698
22.513
30.635
11.276
5.9749
-6.4386
-7.1028
-5.1237
-1.9765
11.999
2.4022
-22.903
-36.246
-40.236
-14.376
2.1177
-5.0913
-5.6297
9.4181
-15.308
-7.4071
-6.056
24.636
22.141
19.908
35.407
43.199
24.224
17.907
-21.959
-15.255
-22.023
-50.477
-26.964
12.158
33.435
10.556
0.1205
NaN
NaN
NaN
NaN
-25.739
8.9393
27.069
14.392
11.904
-8.9981
-11.737
-15.932
-0.87782
11.403
17.188
20.367
21.798
4.0192
3.1408
-8.2286
-28.627
4.3912
-0.4747
7.0201
-2.0801
24.349
6.4896
-3.1621
