-10.288
12.736
6.9166
-19.361
-50.102
-20.174
-25.112
-3.7616
-24.07
-25.807
7.4771
-12.925
-45.82
-26.909
22.042
16.765
3.5096
8.8281
19.097
-5.0936
-28.266
-0.78468
16.513
8.885
13.509
17.989
30.599
23.758
-18.939
-10.442
21.987
23.348
-7.735
10.414
7.9745
-7.6688
5.8724
19.892
13.221
-2.7761
-13.608
-4.1287
5.311
-22.856
-33.013
-8.1507
4.1795
5.1714
0.41265
0.75839
-4.931
12.396
-6.3327
-19.04
-9.5247
-5.1925
-23.82
-17.924
0.32132
-12.748
-2.9388
23.387
-9.9856
-36.146
-24.359
-37.215
-5.4839
33.716
45.885
19.029
17.631
40.919
24.53
8.1071
2.6935
23.905
13.934
8.9742
23.105
31.085
9.7083
-26.75
-6.1524
12.275
-3.7013
-36.787
-17.505
-23.19
-14.719
-18.371
-6.4953
-14.948
-17.86
-17.892
-4.9235
10.459
-3.1732
9.7301
-0.1381
-16.166
-19.116
-8.2994
-6.2036
14.292
NaN
NaN
NaN
NaN
NaN
16.205
-3.1765
-1.3556
-1.0691
-2.2462
2.8581
-9.6043
36.456
51.868
50.779
41.665
-26.356
-58.815
-35.287
-13.651
-10.126
-13.161
-15.684
-10.299
-11.076
-3.9856
-22.5
-4.9033
15.082
4.8324
-4.3511
-27.25
2.6064
43.508
39.615
16.919
8.957
9.2264
6.5287
-9.2261
0.5151
32.648
22.261
9.1525
-1.1287
-19.338
-23.196
-20.604
-44.646
-38.436
-15.432
9.7307
3.9768
NaN
NaN
NaN
NaN
12.569
-5.6679
-8.2141
-10.617
-52.046
-35.631
-23.515
4.0989
21.553
-1.5407
1.2447
29.718
9.4929
28.429
32.858
36.857
43.213
24.986
-11.976
1.1985
-3.6876
-15.357
-22.356
-8.2995
-5.262
-10.482
4.4268
-3.1859
13.58
5.7454
0.10434
25.818
9.8959
8.7032
14.527
-33.494
7.8929
-15.494
-17.15
-28.488
-42.147
-45.682
-41.505
-31.063
-53.347
-18.025
-2.4164
18.653
30.953
28.588
28.533
43.234
39.261
64.832
58.286
43.382
20.371
-40.863
-43.289
-13.531
9.8571
-26.461
-35.123
-23.412
14.036
12.764
-18.114
-0.54714
-7.7678
-13.08
12.163
28.649
18.599
14.408
8.9955
-4.3274
-3.8077
-8.287
-5.13
7.6305
1.8695
-14.974
-14.356
-19.145
11.344
-3.1985
-17.187
-21.188
NaN
NaN
NaN
NaN
-2.9798
-2.7956
-10.28
2.3858
6.2403
-16.37
-32.184
-10.471
31.4
28.999
60.349
88.291
57.105
11.588
8.3343
1.9356
1.6509
18.767
11.391
-23.669
-38.872
-28.646
-39.362
-54.444
-41.221
-22.327
-26.084
-14.886
-2.3187
14.385
-7.1468
-22.776
12.521
21.946
24.529
25.358
12.469
25.931
29.187
35.223
23.58
16.238
-11.222
11.947
24.28
