-40.544
36.543
-77.794
-16.681
43.666
22.845
-4.9737
13.286
10.655
24.428
-15.649
-36.264
-6.8916
6.4057
-23
-28.777
-1.564
-7.794
6.6743
7.1956
27.524
16.388
10.394
-10.321
11.297
0.44823
3.6815
-29.453
-12.278
11.163
-9.3455
-20.576
-24.87
4.219
45.794
40.476
9.2219
10.306
-0.69401
-17.398
9.7545
-4.4982
11.746
-14.951
4.4943
-25.524
-30.225
1.1427
15.739
-12.464
17.556
-3.7527
-2.7606
-14.057
3.0665
-19.874
-15.576
-2.7699
35.649
26.509
21.811
3.4253
-18.362
-51.707
-16.765
10.564
20.832
-5.2509
19.638
39.963
39.936
-8.9584
-20.429
17.834
5.8075
2.3143
13.009
-12.27
-17.844
-12.886
-21.825
0.23033
-22.248
-38.206
-18.33
9.5225
-10.108
-31.72
20.955
-20.217
-24.74
9.7724
21.309
27.263
29.104
4.4177
-0.030901
8.8082
-14.135
32.647
41.484
45.47
30.979
17.697
34.402
16.351
-37.084
-36.718
1.8058
-11.42
-40.623
-79.209
-33.528
-5.6025
-9.6475
1.0219
8.2284
6.1167
6.2234
19.062
-9.5999
-26.204
-17.006
6.1165
-30.347
-4.9301
-13.161
-7.1291
36.838
36.05
29.053
15.424
2.7839
5.9294
30.82
13.797
29.934
-7.3261
55.177
-3.9101
-3.1915
13.632
8.3285
-2.2024
-15.36
-34.624
-10.669
-22.706
-14.855
-37.06
-20.119
-34.433
0.60881
-33.503
27.907
-10.66
15.99
-1.8235
-7.8382
-28.73
-26.109
-31.046
14.06
19.942
28.325
16.607
23.984
40.998
30.448
16.483
45.007
18.424
1.9105
-12.488
25.891
-15.948
-18.387
-44.93
-18.197
10.118
37.381
32.987
-29.255
-49.297
-14.13
-4.5743
-5.4032
-17.681
6.4724
-18.034
-9.9763
-6.0426
-5.656
-14.058
-4.2237
-20.74
-12.309
19.409
-5.3819
39.169
35.519
57.711
20.086
-1.5094
-11.35
18.534
-17.69
-33.026
-8.54
-17.96
-39.482
5.0472
1.3825
-21.916
10.136
21.245
49.631
25.684
8.3667
-8.7086
18.322
46.98
-19.32
-20.582
-10.283
-49.408
-4.583
-28.899
27.788
-8.2733
9.1843
-7.5078
23.015
-10.639
-50.265
-15.864
14.074
-34.36
5.8366
0.37166
5.5219
15.861
42.198
18.807
-3.1913
9.5469
-11.14
-20.357
22.101
-18.172
11.776
24.614
25.513
26.413
-28.077
