-32.951
6.8739
-16.021
-3.4164
-14.07
-2.0836
-5.2888
41.405
21.853
1.9207
-12.968
-9.7475
-17.909
-31.511
-55.976
13.187
17.132
35.019
32.647
-13.391
-21.404
-26.308
8.3339
-33.74
-45.549
29.014
32.617
-12.94
-43.854
4.0774
32.055
-0.59487
-12.353
24.797
46.681
13.383
16.166
-12.716
-2.6084
27.056
18.343
10.942
-30.611
-4.4867
26.481
-13.33
-12.608
-5.276
19.642
1.1831
-37.536
-9.7856
12.552
5.7969
7.2615
13.606
-28.833
-8.997
28.967
-38.083
-18.337
11.56
18.549
-44.109
-10.155
-13.577
-57.301
-30.113
37.275
26.878
4.4765
-7.5635
27.246
34.084
-28.772
-18.752
33.405
28.251
30.094
-6.72
31.08
52.883
2.1261
9.6881
31.55
-22.483
1.0689
-22.157
-54.888
-48.759
-2.3327
-29.57
-61.335
17.577
5.8189
33.566
27.12
1.1768
10.013
18.591
-31.676
38.251
27.345
16.823
33.24
-1.0981
-40.366
9.7468
-21.611
-14.291
-46.382
-64.127
-39.611
-42.961
-21.764
51.527
53.555
5.8918
-35.586
20.131
-6.378
-35.569
-28.579
29.039
58.986
38.887
102.55
75.663
55.043
29.242
-21.132
12.469
-48.734
-39.723
8.7731
-42.488
-21.63
-44.516
4.0947
-4.2014
-6.9903
-18.804
6.9008
-27.951
-48.779
-11.784
-14.868
-35.225
-31.775
-10.922
-7.4759
-10.783
28.543
24.698
7.2793
25.799
8.0038
58.395
46.931
19.704
-26.56
12.826
31.894
31.345
-9.2399
15.935
39.99
-5.7459
-37.485
-38.462
36.368
3.4404
14.814
-34.222
-23.65
1.7686
-19.236
-36.316
3.446
-4.8573
8.6569
10.683
-25.767
-26.05
-6.9871
-7.435
-12.091
0.56979
38.579
-17.674
-42.433
19.959
-4.3647
8.7397
32.03
-16.142
-6.9544
29.608
20.294
6.7482
-16.002
-4.0804
-2.1129
-30.65
41.956
-6.4195
10.748
39.616
-19.973
14.108
49.073
15.378
8.092
25.724
17.79
-37.41
-20.483
-22.866
-66.18
23.176
0.17022
-48.279
-21.301
29.183
-21.6
-48.489
8.6033
14.184
50.628
-17.151
5.5463
2.8454
18.597
-27.085
-32.301
0.95313
24.996
-0.57013
62.482
19.284
1.0358
-23.733
-18.904
-18.048
-3.1151
-57.029
-36.752
47.811
53.809
14.593
10.653
22.71
39.508
28.605
-36.282
