-16.128
-12.074
78.674
107.66
77.489
92.399
88.629
62.945
18.132
-6.646
-80.638
-50.986
-70.841
-51.365
-9.5492
-54.858
10.628
59.507
96.242
39.48
-74.18
-62.545
47.512
13.788
-33.372
-62.113
-78.588
-38.572
-51.34
-16.977
11.54
94.467
87.025
113.08
117.24
58.88
25.885
12.903
46.582
34.199
52.4
44.939
5.3926
-73.101
-143.82
-63.424
-31.999
NaN
NaN
NaN
NaN
NaN
-111.65
-46.378
63.452
14.691
4.7551
40.593
28.656
59.064
-26.922
14.919
51.843
67.642
32.656
30.755
57.107
21.644
-10.729
-86.171
23.999
71.75
65.306
105.43
182.26
113.17
-90.746
-88.334
-96.089
-28.153
42.498
-17.377
-45.764
-18.842
-69.948
-54.593
-124.58
NaN
NaN
NaN
NaN
NaN
-75.469
-84.721
-31.113
87.757
145.47
116.82
73.481
107.18
112.97
100.85
62.839
55.643
20.279
18.102
-9.431
-82.241
-100.72
-55.775
-94.256
-162.11
-84.779
26.004
49.299
56.553
-32.206
-19.593
20.035
-6.8636
-32.205
-25.98
20.713
48.014
85.973
85.311
86.709
-17.427
4.0919
9.3144
63.814
41.111
70.964
14.103
-85.435
-52.808
-141.63
-128.4
-71.655
-73.674
-66.914
-73.99
-27.09
106.44
146.44
29.673
36.602
100.3
83.779
19.653
6.2085
-52.702
-98.692
-61.371
-42.26
-53.032
1.2727
39.03
18.78
35.432
41.738
3.2246
37.144
94.949
40.757
33.398
10.075
45.319
20.725
-7.4619
-76.666
-25.15
3.1208
19.789
49.187
-46.86
-96.115
-117.18
-43.674
-43.393
-76.031
-41.535
-41.801
70.172
-61.117
-43.754
-58.863
2.5438
34.474
27.311
67.539
96.385
158.49
176.43
66.115
-36.637
18.467
31.785
-54.615
24.178
-64.729
-87.754
36.996
84.131
69.5
11.337
15.478
-26.235
-76.043
-42.359
-55.272
-128.04
-124.47
-154.04
-66.586
13.511
102.82
24.845
31.885
50.742
79.588
91.969
53.566
-21.726
-35.031
-8.0227
32.855
NaN
NaN
NaN
NaN
NaN
-129.74
-102.08
-0.93624
39.309
32.071
55.543
51.169
53.916
-5.5339
71.944
27.211
4.4827
30.99
5.5519
38.651
106.58
52.275
-2.5612
14.916
41.744
50.836
35.557
-136.5
-121.89
-47.9
-115.43
-172.12
-75.013
-97.208
-180.04
-163.01
-58.501
7.4628
27.627
30.782
105.15
112.21
78.261
68.922
65.997
79.101
140.89
138.43
69.354
46.335
27.611
72.99
30.688
8.744
-21.827
-44.296
-41.221
NaN
NaN
NaN
NaN
NaN
NaN
-83.615
-81.174
-94.13
-10.022
-20.57
22.879
109.91
170.2
32.359
-148.83
-151.8
14.583
63.864
-126.88
-206.19
-110.56
24.086
123.95
76.449
74.686
160.12
168.42
43.678
-88.922
-55.333
24.548
11.521
98.997
74.334
3.3338
49.413
78.964
8.0057
30.695
17.443
-85.396
-38.907
-34.694
-101.54
-76.754
-110.15
55.306
33.676
-28.166
-57.291
-65.946
-46.32
-81.503
-33.108
