-44.116
27.401
-38.333
-4.6803
58.102
6.7181
-46.422
-19.976
-24.842
-94.995
-71.412
-57.62
-42.029
5.2765
34.113
36.516
39.861
19.038
85.234
57.397
-38.445
16.577
40.691
-5.9803
16.75
14.531
58.021
-20.087
-100.99
-40.139
4.3559
-50.738
-15.546
34.373
57.962
93.667
45.322
-15.789
-24.512
1.1472
63.683
-8.2111
-79.403
-42.564
12.962
-59.049
-42.077
19.247
42.926
6.7566
-46.779
-69.831
-17.233
15.734
10.65
49.542
-36.229
-22.246
70.09
7.042
0.37457
37.965
29.522
-46.543
-94.99
-59.471
-22.132
-5.3287
93.854
111.99
66.468
12.472
-48.27
-0.35411
22.425
17.237
7.5467
25.042
17.937
6.1594
-42.384
17.32
-30.409
-44.862
29.669
18.761
-55.59
-46.9
-31.352
-70.88
-40.104
16.492
-4.8626
6.4602
41.817
31.108
39.453
17.845
-78.365
-13.354
40.21
37.562
9.7828
-22.068
40.48
32.643
1.0646
-16.005
61.969
62.712
-66.228
-67.866
-58.908
-43.542
9.6857
35.076
63.891
29.488
-57.374
-62.077
-59.695
-28.076
-17.667
37.394
54.704
75.876
49.569
96.693
95.013
72.515
-67.745
-66.025
-30.136
-38.316
-48.248
-25.26
-79.765
-24.539
-38.599
-36.11
-7.8995
-10.032
40.435
18.111
58.445
-2.0731
57.699
37.11
3.0476
-37.49
-8.8376
-70.492
-92.74
7.4909
-40.376
3.3533
99.806
61.337
19.537
18.229
-61.929
-8.7425
76.716
57.672
3.6176
12.405
89.71
51.306
1.8796
-16.827
-27.419
-18.509
-54.352
-68.59
-8.0544
-46.995
-2.3199
-17.457
-33.783
-11.231
52.837
45.647
-38.632
-83.797
-21.837
2.6242
-48.283
-46.961
72.701
2.6318
-71.059
0.70158
47.795
-5.5859
28.583
34.372
27.984
60.649
85.633
67.3
37.886
32.646
-43.62
-50.452
-2.9753
-61.999
-41.373
27.926
50.517
52.697
-15.474
18.94
51.193
-7.2094
-27.789
-55.782
-94.349
-24.409
-43.715
-53.872
-16.578
-16.674
-21.787
-4.0743
-1.111
-48.685
-13.005
-5.6473
69.494
83.957
37.631
48.233
37.763
-26.296
-40.888
16.54
33.122
2.9274
44.732
47.556
45.051
-36.934
-63.338
-37.236
-34.856
-18.325
-39.29
6.2466
67.002
17.562
1.4199
32.21
55.707
43.382
-54.918
