-98.606
46.217
5.6469
-61.724
11.843
24.181
17.201
13.148
-2.3075
32.291
49.149
24.019
17.409
6.3327
19.357
34.217
5.0564
25.864
60.859
9.5182
16.509
-3.3644
20.962
45.684
12.447
16.89
19.436
15.15
20.276
-16.539
-64.604
-53.214
-56.073
-32.696
-26.588
-59.966
-28.371
-33.943
-14.926
14.657
NaN
NaN
NaN
NaN
NaN
NaN
NaN
NaN
NaN
NaN
NaN
NaN
NaN
-52.79
-39.937
-29.398
-30.906
0.70184
18.576
37.434
1.9692
27.866
51.003
23.104
24.395
-3.0762
-11.45
-18.484
-16.674
2.0955
41.537
30.313
24.972
36.948
9.3411
37.325
13.877
4.6757
16.649
100.25
43.399
-26.286
-52.287
-48.219
-42.735
-32.684
-34.131
-59.057
-18.589
NaN
NaN
NaN
NaN
NaN
-18.807
11.157
-15.128
-13.549
56.013
-27.355
-36.972
10.494
35.55
-15.124
6.1611
0.049818
27.552
11.721
-14.781
-16.238
23.232
66.321
59.112
47.619
55.21
45.399
40.25
48.335
12.694
-30.44
19.629
16.389
-19.215
-11.47
-18.818
11.495
-31.293
-36.33
-38.062
-28.168
-44.491
-24.455
-61.556
-22.297
-31.132
-2.8786
-5.3616
-46.923
-22.027
-80.471
-33.373
5.6357
4.2164
7.0533
7.5083
9.0795
17.873
43.306
18.49
31.779
65.521
47.121
35.599
26.607
43.496
12.89
22.273
38.489
40.376
30.58
29.4
15.51
13.954
25.113
30.529
6.8445
-80.472
-61.156
-33.557
-34.721
-34.119
-31.113
-42.498
-40.829
-45.922
-46.731
-25.128
-79.719
-39.021
-1.9748
-9.4776
5.1815
23.707
20.998
5.9314
3.4361
-1.9211
-4.1958
46.299
45.534
-20.335
-36.461
42.71
70.665
98.59
42.413
31.686
61.045
57.523
33.25
17.615
19.199
1.2709
-23.931
-50.316
-59.181
-32.872
-60.886
-39.58
-13.003
6.7135
1.5331
-2.403
-27.11
-37.497
10.659
33.088
-27.549
-45.273
-41.03
0.4069
9.1165
2.0862
-5.0236
29.575
3.1886
-26.334
0.56887
7.4752
19.521
-7.3342
11.213
-12.027
NaN
NaN
NaN
NaN
NaN
NaN
57.816
-30.802
-14.29
11.077
62.947
55.442
31.341
32.313
74.803
36.434
27.542
-4.1288
-0.026786
-9.6241
11.237
-25.864
-22.008
11.33
-59.359
-73.818
-59.048
-84.749
-134.51
