-79.512
2.1111
-78.967
-35.017
-92.967
-34.335
2.0703
-64.58
-37.963
29.782
9.9546
41.107
-8.8517
-37.847
6.8547
-4.997
-4.4776
11.279
-15.932
35.518
12.23
14.054
64.782
113.32
38.227
50.164
43.649
75.789
105.81
94.848
83.073
24.556
26.254
-39.574
32.693
-1.6645
-52.99
-86.836
-35.646
-79.15
-43.513
-103.3
-54.292
-32.716
26.846
-4.3038
-21.02
-5.6367
-67.506
-31.978
-1.2882
-9.9137
-9.0924
-38.86
-25.368
3.422
NaN
NaN
NaN
NaN
-27.906
-64.784
34.632
54.229
3.6593
79.105
89.061
58.589
15.592
74.942
75.428
55.912
69.25
72.496
46.9
86.86
127.6
96.382
75.028
15.73
-36.805
-33.705
-19.866
-49.352
-42.647
-31.759
-34.278
-22.638
-26.923
-120.96
-60.618
-80.531
-97.636
-79.909
-87.6
-87.511
-56.514
-97.351
NaN
NaN
NaN
NaN
NaN
NaN
59.119
79.921
35.587
32.585
64.825
88.822
89.236
76.959
56.254
-22.593
16.98
24.282
-0.75239
-11.712
46.686
72.304
56.14
57.392
50.719
65.159
58.667
105.79
75.852
52.157
-73.11
-54.691
-115.34
-128.89
-87.109
-74.762
-38.643
-105.26
-69.485
-49.145
-11.943
-53.112
-29.718
35.311
-18.376
-57.559
-25.985
NaN
NaN
NaN
NaN
20.944
-54.287
-5.8944
-11.846
6.0604
29.96
55.615
33.853
35.363
87.761
84.288
107.03
36.646
-33.479
79.552
-45.802
4.1622
13.933
41.698
61.313
25.401
-8.1888
24.052
29.269
-11.688
-24.117
-89.676
-64.093
-42.768
-40.269
-57.528
-14.746
-11.204
-83.601
-29.453
1.3436
27.212
73.497
111.7
106.15
56.528
66.94
24.246
NaN
NaN
NaN
NaN
NaN
-24.342
2.6031
3.3437
0.53003
7.553
-21.892
-64.034
-49.23
29.98
11.899
13.46
27.572
46.223
53.925
62.32
65.917
25.449
4.096
35.101
22.452
78.078
84.966
94.202
77.521
122.29
76.81
66.954
45.313
-82.41
-50.507
-81.017
-26.402
-91.853
-83.198
-31.763
-80.283
-87.386
-33.797
-74.575
-64.084
10.81
-29.291
-35.591
1.1774
-35.435
-40.187
-38.224
-105.92
-36.656
-27.418
9.8057
19.576
-20.953
-9.769
55.675
90.415
91.536
49.855
74.869
99.862
60.371
67.692
31.592
34.639
78.455
45.839
-8.2817
18.16
23.099
48.829
1.5543
-37.671
-43.821
-35.334
-60.297
-27.644
15.121
-75.27
-50.527
-48.824
15.004
-22.341
4.3155
30.296
30.426
-27.756
18.231
33.688
