17.308
-25.978
5.7655
37.209
56.796
84.558
31.368
57.269
72.33
-22.048
-133.19
-58.789
-10.159
9.8955
-35.218
-79.316
8.1797
62.406
41.844
-11.913
-13.955
-37.63
-11.713
-5.6622
-15.242
15.423
48.522
42.935
37.811
48.287
-32.017
0.56245
38.082
38.092
21.055
-21.608
-30.3
-9.7601
-50.311
-45.086
17.636
45.442
23.305
-65.204
-52.327
10.768
-1.8106
NaN
NaN
NaN
NaN
NaN
-15.54
18.01
39.781
16.119
32.508
40.294
44.708
70.344
79.071
31.706
-32.472
0.72682
61.03
35.409
6.1349
-2.9054
-24.214
-73.147
-2.7864
-2.0639
31.699
37.491
90.359
51.798
-105.08
-96.335
-104.97
-83.706
-54.902
5.8083
24.896
51.726
-9.4113
-42.737
-64.227
NaN
NaN
NaN
NaN
NaN
64.753
51.228
31.298
23.108
-44.245
-52.83
26.897
13.173
11.51
-33.649
8.2571
35.854
-25.613
-13.38
-20.926
-26.92
-71.147
-46.09
-74.522
-85.09
-10.809
34.146
49.809
36.698
-16.527
11.754
75.766
73.434
7.6847
-20.447
2.7362
28.552
34.181
46.925
29.589
-33.808
-35.528
22.446
6.7077
28.326
59.685
21.995
-36.365
-76.01
-79.402
-38.179
-12.236
-33.709
-61.135
-32.114
-15.223
136.37
22.795
-6.8376
3.546
15.333
-43.568
-14.378
-27.953
-36.683
7.011
41.22
81.654
75.219
-45.337
-38.914
30.999
1.8259
-102.75
-53.93
18.55
26.417
-51.053
10.771
45.614
46.966
27.002
23.475
4.7919
60.579
65.326
62.534
22.528
-15.545
-37.446
-64.525
-56.429
-41.802
-36.518
-13.918
-17.193
-10.955
-44.197
-28.796
45.765
53.723
39.951
6.589
2.4737
20.661
59.745
49.902
-39.21
-99.669
-57.67
-21.726
-4.9606
44.025
-57.631
-50.574
-24.386
19.331
-19.981
-36.349
-25.115
31.006
75.891
70.199
31.271
41.194
36.525
31.362
32.233
12.939
9.0861
-39.761
-16.38
18.754
9.9482
11.438
16.604
-8.2149
-42.184
3.5154
47.654
NaN
NaN
NaN
NaN
NaN
-75.167
-54.642
8.7085
-9.5807
-17.985
17.774
27.042
-5.7589
26.183
83.002
24.579
-9.8527
-15.118
-14.379
-12.108
57.751
42.846
39.351
8.3783
-7.7253
-30.387
-26.64
-93.6
-28.268
45.994
10.92
-40.602
-18.299
-0.55094
30.821
-29.236
-31.159
-30.975
8.7069
8.6091
59.955
64.849
17.754
11.902
-0.32623
13.527
32.207
37.092
-39.374
-38.757
20.933
59.356
65.186
43.032
-44.573
-50.884
-28.417
NaN
NaN
NaN
NaN
NaN
NaN
30.012
8.5708
-41.128
-0.31277
49.129
74.376
104.03
87.837
-3.4792
-96.709
-35.53
42.142
38.234
-39.429
-134.97
-76.622
-33.447
39.407
54.582
48.988
149.12
137.69
23.585
-85.933
-50.334
-20.673
5.7052
24.989
15.737
5.8846
53.27
72.813
24.991
12.45
16.497
-82.789
-57.397
-124.67
-111.69
-38.972
-53.761
35.402
26.127
-17.433
-1.992
-24.604
-29.095
-3.427
91.204
