-260.59
-32.861
3.8843
97.548
72.374
-4.7633
-3.2865
35.673
58.749
4.4383
29.011
38.568
51.227
-70.012
-39.711
-6.0194
-26.426
-32.762
-42.68
59.254
79.45
88.51
-39.869
-57.536
-31.874
-13.588
31.864
83.692
84.694
-34.979
-122.47
-79.847
-79.628
-70.643
-56.108
-56.375
-27.295
-26.072
-43.356
-27.792
51.864
21.376
-24.216
-28.117
51.653
82.809
-9.9529
NaN
NaN
NaN
NaN
NaN
71.748
109.37
23.772
17.274
23.758
16.798
20.84
38.742
114.85
-10.738
-34.581
-20.4
10.028
18.125
9.2983
-59.653
-19.494
-5.0472
-48.086
-58.659
-59.784
-48.862
-71.003
-58.278
-12.99
-10.864
10.028
-58.978
-112.96
-61.384
53.879
14.822
-5.6401
-24.703
-10.073
NaN
NaN
NaN
NaN
NaN
119.58
88.188
91.922
-20.809
-30.407
-22.585
-62.664
-85.786
-7.3408
-76.345
-39.71
-11.33
-90.494
-32.824
0.25248
23.808
60.904
25.265
47.467
60.991
73.08
11.368
32.787
-28.983
-32.6
-78.151
-43.458
13.386
7.2116
34.463
-4.5553
-29.297
-47.115
1.2643
32.902
14.77
-101.31
4.2465
11.983
9.5639
-27.187
-23.368
-15.521
34.665
110.64
50.33
-4.2325
-6.5751
21.513
17.816
-34.68
-184.55
-159.24
16.337
14.491
12.07
19.063
28.844
57.598
112.78
65.588
37.424
45.073
64.872
-6.2804
-83
-1.8374
-41.853
-27.444
-2.0511
3.0931
-38.059
-22.915
-42.468
8.972
49.055
-42.702
-7.3222
35.288
34.229
98.442
123.43
45.256
-42.724
-5.5088
-26.137
-36.157
-90.082
-36.196
-107.22
2.7451
-201.48
55.664
-14.811
27.766
77.285
9.8355
30.425
8.356
4.7442
25.691
-47.945
-6.1229
-63.971
-22.625
16.007
4.7628
3.7218
30.343
54.269
-19.793
15.259
-4.1509
16.839
5.863
26.95
59.076
81.137
45.069
21.581
64.535
74.271
23.624
-65.765
-75.977
-20.003
-41.856
18.809
-0.86902
-64.372
-28.074
-42.057
9.2843
-25.087
-13.393
NaN
NaN
NaN
NaN
NaN
-26.652
20.894
-16.332
-82.342
-68.5
-38.99
74.316
-27.584
-22.162
14.494
-17.294
66.176
47.252
-0.85913
-45.092
30.029
-4.6249
106.99
35.59
-6.6762
-0.1373
6.9431
25.752
13.307
31.28
37.932
28.727
30.252
107.84
89.667
73.782
3.3907
-37.419
-35.514
-10.312
-69.751
-136.1
-105.75
-51.457
-17.395
-33.764
-4.1399
-30.173
-52.266
11.666
40.775
-8.6175
-9.4945
92.275
26.622
14.223
31.422
NaN
NaN
NaN
NaN
NaN
NaN
94.777
54.881
62.582
95.296
147.52
82.729
37.862
48.067
44.072
69.264
66.801
-3.2949
11.3
119.63
46.878
-6.7362
-39.094
51.708
-69.047
-164.54
-46.003
-104.81
1.3214
57.021
60.401
-19.21
-60.76
-17.819
-75.86
33.612
-10.906
-37.792
-50.175
-44.96
-120.44
-50.01
-56.526
4.6805
-2.0641
101.58
-2.6944
41.472
57.763
29.013
14.97
67.09
23.392
27.104
119.63
