-135.98
-6.6406
-0.053249
20.131
-21.053
-106.74
-24.553
32.736
40.911
-10.297
-37.646
20.849
-15.748
-57.968
-117.48
-95.657
-23.725
10.304
5.4499
-9.6979
-15.115
-54.42
-37.605
-9.282
36.364
134.22
111.6
72.381
47.049
87.807
67.21
-26.524
-14.55
-38.813
-31.552
5.7039
9.0282
-21.416
-47.989
-5.381
-17.764
-62.652
-18.219
-91.63
-105.5
-12.455
26.777
16.454
-16.368
-3.8615
53.058
64.958
74.1
130.29
154.01
62.379
NaN
NaN
NaN
NaN
-13.662
-0.45428
30.485
3.855
-59.39
-119.24
-40.811
-13.165
-75.87
-97.17
-68.959
-88.907
-111.24
-87.977
-2.79
37.5
-36.247
-12.565
22.377
45.354
57.88
37.635
57.741
63.222
87.482
42.799
29.444
77.239
47.299
49.802
18.483
40.969
51.278
75.255
81.354
74.442
-27.942
-66.891
NaN
NaN
NaN
NaN
NaN
NaN
-23.98
16.746
-4.9961
-69.932
-72.698
-78.184
-103.96
-70.151
-3.2221
-94.589
-105.18
-14.54
39.55
105.38
114.35
7.9445
4.7049
77.781
140.5
93.265
61.445
102.67
66.666
-22.106
-40.955
-4.5369
-26.042
-10.936
-14.86
-20.47
-5.2316
4.8841
-58.67
-56.512
-7.8245
10.427
28.385
-7.3081
-7.4248
-34.612
-5.6955
NaN
NaN
NaN
NaN
-23.858
-5.2402
11.359
88.726
-5.0254
-50.081
-36.241
-28.581
-133.61
-98.34
-13.538
37.689
47.845
1.5074
0.10003
23.835
10.503
-21.162
-49.83
45.687
83.71
44.656
65.137
48.171
32.59
-36.753
-42.485
15.26
2.2943
30.856
64.383
-10.695
-84.378
-39.709
-15.777
5.1859
-1.9909
-50.815
-31.633
9.4585
37.923
-5.2187
-70.269
NaN
NaN
NaN
NaN
NaN
13.587
11.88
-6.0147
30.814
69.07
63.419
41.102
-30.872
-72.297
-61.31
-9.9818
49.484
-50.557
-45.907
-8.7571
33.496
-8.9601
-12.166
-28.04
-63.143
-67.715
-20.494
31.556
5.4261
7.5702
2.5597
-5.6628
13.407
34.663
34.203
-30.55
13.715
49.281
37.875
25.979
-3.5659
-19.131
-27.856
-49.155
4.9858
33.947
4.2555
20.995
39.679
73.989
35.193
-13.385
44.846
28.741
29.803
-59.389
0.20425
67.698
50.607
-29.864
-71.349
-29.492
-13.558
-87.3
-61.982
-73.762
-138.76
-89.705
-34.874
-14.775
-44.056
21.728
88.796
63.344
1.2766
-21.714
6.1801
54.075
47.937
58.358
2.4272
10.861
19.093
24.1
46.093
88.451
30.068
-33.398
-6.618
55.537
79.036
30.156
41.928
