-83.798
34.109
-84.946
-64.791
-11.757
-17.178
-48.774
-110.43
-53.917
-42.867
-37.055
10.61
39.979
2.9776
-18.265
-36.58
-4.0415
-4.6222
12.518
52.152
-27.622
-15.556
29.723
99.973
124.25
83.358
44.563
71.858
103.29
62.866
34.135
63.062
40.572
-33.093
20.663
-9.5455
-42.287
-174.77
-92.022
-25.058
-30.007
-34.511
-30.108
-28.873
9.5046
6.6947
-24.034
4.0448
41.187
5.2675
-29.207
-33.185
-21.938
-103.88
-65.023
-1.4872
NaN
NaN
NaN
NaN
-50.658
-56.907
-14.379
-6.8505
61.824
49.679
-7.5355
16.944
29.615
51.083
52.797
35.061
97.178
109.7
95.837
24.983
40.286
49.173
49.345
10.828
-71.516
-35.715
-38.178
-39.558
60.836
65.411
-53.225
-21.422
4.3535
1.2702
-37.886
-103.83
-105.34
-88.318
-63.051
-72.421
-60.144
-61.192
NaN
NaN
NaN
NaN
NaN
NaN
40.564
94.541
78.185
50.945
59.24
107.65
73.745
70.214
46.128
-3.9694
-9.5761
-69.222
-49.974
-67.572
-36.01
37.203
40.634
39.551
38.626
64.536
76.012
115.7
111.29
46.619
-34.383
-39.421
-101.03
-49.992
-67.854
-72.047
-25.202
-69.389
-46.066
-37.026
-51.028
-24.447
36.902
62.94
26.686
-68.626
-81.574
NaN
NaN
NaN
NaN
-0.71995
-58.436
-62.332
36.215
69.07
57.391
88.885
63.495
-8.4565
16.955
72.12
63.772
38.259
-19.697
64.509
3.1021
-4.0089
-38.396
6.0481
-40.099
-25.064
40.256
12.638
-45.659
11.001
9.5534
-15.571
-31.636
-24.811
-0.016088
-43.726
0.24748
35.145
-36.995
-35.609
-38.603
34.39
66.447
69.131
57.847
24.72
12.03
-42.563
NaN
NaN
NaN
NaN
NaN
-66.977
-16.363
20.858
-0.77178
-48.535
-23.28
26.24
48.321
57.59
33.573
39.043
20.67
-47.663
-39.898
-3.9684
24.92
-15.214
-46.217
83.683
54.362
8.9732
47.136
74.838
59.167
93.695
56.189
48.186
-5.5635
-118.42
-82.145
-47.941
5.4388
-37.989
-24.446
50.229
-30.163
-69.376
4.9647
-16.806
10.847
54.231
-6.6519
-30.69
12.634
-20.493
-3.1594
-74.184
-61.156
-44.804
-12.309
31.427
-14.831
-47.521
-70.783
-52.68
13.536
10.032
33.367
39.891
97.753
93.207
32.101
-11.074
14.215
16.12
3.0319
62.567
103.2
80.198
15.722
-79.398
-67.74
-8.4972
-8.6994
-17.026
-15.053
56.25
43.68
-61.419
-100.46
15.915
42.336
39.639
15.832
47.91
66.908
-10.85
-16.401
