-115.33
48.346
-82.164
-76.515
-6.0323
-24.298
-47.428
-41.752
6.6898
10.063
26.067
-4.4098
-9.4789
-0.69346
-20.486
22.216
-6.8173
57.424
57.32
23.565
58.608
42.131
58.273
40.201
79.762
92.547
42.373
18.146
78.134
-16.203
-53.732
-63.658
-104.01
-43.776
-21.561
-51.075
-61.162
-4.9936
-2.694
62.661
NaN
NaN
NaN
NaN
NaN
NaN
NaN
NaN
NaN
NaN
NaN
NaN
NaN
-14.801
-59.286
-24.075
15.978
-16.934
50.137
13.892
18.342
64.217
-8.2968
37.17
29.52
46.352
41.109
-8.2139
11.122
43.82
12.585
98.237
110.45
65.735
33.401
58.185
82.253
75.367
-25.74
6.5799
-2.9485
-53.873
-99.775
-87.326
-69.492
-35.348
-39.083
-50.096
-172.18
NaN
NaN
NaN
NaN
NaN
12.243
22.212
-14.445
-37.909
94.486
-56.707
-3.7943
6.9533
55.115
79.654
51.351
17.549
-1.9647
52.028
-8.1622
34.265
42.06
65.918
89.122
47.825
42.611
74.54
88.994
23.064
-47.901
-38.143
14.578
38.273
-54.959
7.0689
-16.929
-29.689
-24.658
-19.095
-49.821
-21.932
-35.536
-34.437
-94.808
-98.296
-8.3721
17.346
-29.435
-316.92
-74.862
-13.563
19.009
9.8148
26.909
53.42
18.47
48.165
52.753
47.697
43.101
40.211
80.328
134.02
75.984
40.007
7.7314
-15.771
-7.0328
-1.307
47.235
51.179
57.757
81.44
83.208
69.594
61.103
-32.373
-81.968
-63.547
-84.995
-47.674
-122.14
-104.12
-55.719
-56.932
-77.664
-80.752
-74.408
-50.398
-49.74
-42.415
-51.357
19.869
42.116
-6.4526
52.104
29.556
35.477
43.635
54.252
-38.612
22.137
47.237
91.947
131.67
110.43
36.451
3.8629
55.481
81.177
91.349
26.638
-31.573
-0.83888
-27.661
-80.774
-86.589
-41.81
-63.536
-49.718
-53.281
-26.25
25.002
18.362
-13.995
-76.006
8.6223
2.7314
-61.256
-40.934
16.642
12.617
-94.432
60.151
3.3215
24.306
108.73
-18.58
-19.191
-10.111
15.13
-15.004
-27.312
41.223
NaN
NaN
NaN
NaN
NaN
NaN
3.7347
40.781
37.509
61.071
78.774
108.08
44.816
74.274
57.423
12.578
21.37
-16.449
-42.206
-10.25
-11.535
-34.255
-17.037
12.416
-21.323
-69.895
-23.273
-7.9314
-35.558
