-105.94
1.6693
22.425
-36.688
-44.305
-20.799
-18.949
-12.006
-40.236
-2.1812
24.78
72.774
36.662
37.837
14.458
60.341
-3.135
18.257
45.569
34.942
45.933
-22.15
49.862
64.658
89.153
59.22
19.063
24.684
43.096
-13.292
-90.75
-78.185
-76.689
-48.273
-12.517
-66.089
-117.98
-51.995
45.531
51.772
NaN
NaN
NaN
NaN
NaN
NaN
NaN
NaN
NaN
NaN
NaN
NaN
NaN
-83.691
-59.871
-52.246
-32.495
-19.468
40.933
62.238
72.015
89.009
62.153
20.177
24.03
-31.389
1.8491
31.369
-43.359
20.634
31.497
73.032
56.196
29.93
-0.67091
40.128
27.823
-3.9777
-6.0311
9.8303
58.562
-9.8627
-88.289
-70.383
-75.573
-36.452
-30.737
-34.041
-145.82
NaN
NaN
NaN
NaN
NaN
-21.968
84.105
102.03
54.453
47.666
-26.003
-51.564
-14.455
19.153
-11.072
1.1504
11.698
-11.75
-33.426
-48.945
-7.9665
-16.67
53.052
79.399
65.073
108.61
32.587
5.0073
8.3878
50.591
-1.9749
-11.302
34.794
17.996
31.319
15.613
47.287
-22.002
-40.619
-64.742
-70.259
-61.482
-107.25
-101.63
-74.186
-30.347
64.478
81.969
125.52
-62.601
-191.2
-27.313
37.73
3.0115
-0.77348
48.517
-9.8945
29.271
26.181
-22.192
-47.953
-2.1774
59.681
13.344
-10.641
30.27
8.8796
-64.51
28.068
41.444
30.591
91.499
131.78
112.39
124.8
114.05
82.435
-56.244
-96.804
-76.968
-49.02
-37.88
-47.885
-86.122
-57.519
-63.858
-91.63
-84.555
-77.196
-98.376
-55.054
-17.916
40.171
85.256
43.261
-1.9262
-25.496
-18.727
-7.2265
66.519
62.814
-47.725
-70.695
43.74
69.947
36.534
6.5578
6.1387
116.89
125.41
98.491
66.076
90.527
31.86
-42.751
-55.348
-69.85
-21.964
-59.001
-76.471
1.152
-35.564
4.1572
0.20097
-22.116
-75.696
14.054
57.754
-31.092
-78.313
-5.2682
30.338
-32.227
-65.489
-9.8114
-12.102
-17.819
39.397
66.581
-49.764
44.31
81.101
-27.059
-50.736
NaN
NaN
NaN
NaN
NaN
NaN
10.953
-34.45
48.904
103.93
39.468
63.398
76.799
86.159
108.58
133.3
103.03
57.158
-97.22
-36.359
-22.218
-23.737
0.3593
-30.092
-49.351
-97.543
-62.814
-110.66
-98.587
