-58.648
31.213
85.722
86.905
125.92
107.1
28.028
-92.335
-93.012
-20.952
-46.918
-112.17
-108.34
-77.276
-75.901
-205.7
-97.469
-14.966
25.392
21.014
-32.791
2.7994
-12.569
44.088
84.254
67.356
69.811
143.61
92.281
-91.463
-85.178
-20.473
51.997
0.23473
35.399
27.182
28.608
-34.77
-120.44
-31.276
-42.221
-71.741
-44.531
-14.555
-82.801
-39.865
70.565
111.54
75.062
40.943
39.661
29.885
77.566
120.52
106.78
94.148
NaN
NaN
NaN
NaN
-18.003
-65.128
-107.45
-25.694
-45.517
-83.38
-142.99
-107.44
-74.037
-102.41
-77.003
-46.623
15.193
-7.6186
-82.779
-130.17
-153.97
-114.73
-54.166
-12.403
59.657
152.82
110.75
136.08
123.16
143.02
73.315
76.921
91.769
88.459
55.943
-1.7622
56.32
92.652
99.901
13.593
-11.018
0.88333
NaN
NaN
NaN
NaN
NaN
NaN
12.186
-32.437
-53.869
13.561
13.598
24.929
48.033
23.107
0.79408
-38.204
-71.958
-198.76
-149.09
-131.06
-108.62
-69.135
-39.98
-36.974
-41.061
18.906
34.126
93.801
128.08
189.09
142.88
62.53
37.073
34.672
50.56
81.675
74.79
-0.080911
25.227
6.2229
26.166
21.36
53.353
-9.8368
-27.906
-31.64
-1.181
NaN
NaN
NaN
NaN
22.836
-11.909
-69.842
-18.441
43.085
20.37
9.0775
-64.2
-143.52
-127.17
-72.401
-47.51
-9.6582
-33.01
41.98
3.4954
-6.4608
-74.776
-62.995
-5.3386
69.674
101.87
121.98
137.86
158.77
91.932
21.423
-40.046
11.944
-5.9112
-28.36
-39.175
34.086
60.956
-6.6272
-129.45
-94.218
-21.597
17.138
48.318
18.748
-110.6
-117.36
NaN
NaN
NaN
NaN
NaN
-72.039
0.81812
84.582
25.262
-66.74
34.208
93.668
78.802
45.295
-9.2023
56.484
98.985
-64.001
-160.91
-49.559
-1.5699
-0.72524
-58.797
85.885
19.228
-133.39
-103.55
-9.0141
-21.776
-81.986
-93.325
-38.602
-66.515
-26.996
47.328
12.773
47.63
34.345
17.464
56.629
93.985
7.2978
-37.584
48.531
77.578
135.66
91.288
21.733
73.533
116.7
100.19
41.142
-3.8746
4.3855
84.225
-0.67543
-85.108
-16.18
-60.629
-170.84
-127.61
-186.46
-145.57
-103.72
-76.185
-69.292
5.5473
7.9389
40.861
46.809
-35.486
56.819
164.35
127.34
-31.928
-141.65
-74.357
-4.4515
1.185
80.164
41.928
-9.0178
-10.413
18.165
-11.411
10.059
57.578
26.99
35.508
38.324
92.407
24.7
53.109
