-15.464
-3.2306
10.832
21.98
44.907
109.94
53.259
68.128
88.75
10.214
-118.67
-25.161
27.918
35.092
-66.142
-56.37
13.93
26.092
-59.304
-89.076
-6.4321
-77.524
-73.846
-29.588
19.878
2.2779
43.776
30.23
64.88
104.99
4.524
-12.654
10.898
61.951
6.0056
-113.21
-72.204
7.3872
-59.71
-53.827
42.085
115.4
49.497
-27.71
-23.377
69.084
35.61
NaN
NaN
NaN
NaN
NaN
-60.868
54.299
93.066
65.85
23.325
72.114
80.524
85.325
74.567
34.552
-75.216
-52.623
29.578
-51.4
-101.09
-33.561
19.727
26.981
18.086
-23.322
3.3683
-3.217
31.425
45.591
-61.459
-70.204
-38.058
-52.109
-41.694
30.112
27.455
-10.322
-0.47562
9.4828
-42.804
NaN
NaN
NaN
NaN
NaN
-17.996
-7.448
2.4674
48.634
52.081
-44.406
-9.498
39.823
83.497
6.3656
42.244
32.999
-23.981
29.558
-3.935
-9.9581
-15.05
-7.9613
-20.049
-3.2077
-7.9961
-30.994
-13.965
-13.655
-26.465
-21.744
-4.6763
-0.16877
-92.242
-108.3
-68.269
-41.646
29.311
48.925
97.417
42.372
-55.876
4.5811
72.705
42.358
74.783
59.037
26.857
-2.8281
19.609
23.081
17.565
-8.7199
-10.432
-5.9903
10.643
-98.877
-31.871
22.76
29.281
47.211
-76.436
-49.463
-36.673
-18.908
-18.436
-9.7594
15.536
-0.40584
-39.752
-16.665
19.707
3.3514
-66.056
-62.25
24.102
0.52204
-43.302
-4.055
56.784
84.593
35.962
17.235
51.324
83.062
85.607
84.756
57.6
37.595
12.524
-50.651
-60.077
-39.017
-77.979
-31.846
3.2621
-7.8349
-47.484
-25.224
-76.733
-37.467
-1.0645
-16.674
-4.058
-17.327
2.2506
34.359
-1.1989
-64.789
-65.878
10.494
-0.58827
52.78
23.255
37.054
16.055
-22.785
3.2367
-38.554
-23.971
39.796
91.102
93.774
29.93
20.971
21.621
17.179
66.356
60.881
10.703
-45.392
-41.944
-5.1485
-29.742
-50.573
-22.446
14.79
-18.806
-29.803
23.369
NaN
NaN
NaN
NaN
NaN
-49.757
-23.26
45.772
1.1212
-84.719
-1.2803
54.283
27.43
21.123
67.557
7.1381
-30.43
-13.473
-53.968
-23.292
42.803
8.6211
24.494
67.739
69.936
62.98
46.896
-48.26
-56.588
-1.8113
-50.778
-1.091
88.994
41.295
-40.175
-29.72
-26.287
-50.402
-40.182
19.015
36.836
68.164
17.223
-27.175
-29.195
-13.174
33.736
-6.4302
-67.257
-38.116
29.468
62.382
21.901
30.61
-13.79
-92.024
-43.462
NaN
NaN
NaN
NaN
NaN
NaN
12.311
-38.297
-47.59
25.536
48.254
32.067
43.582
84.997
42.936
-20.148
14.337
26.005
29.784
28.42
5.471
21.193
36.409
48.116
46.486
-17.858
36.381
72.432
-13.887
-108.93
-12.121
-7.9524
-66.85
-19.868
-32.55
-41.714
-38.016
10.373
-20.934
-7.998
44.964
-47.916
-64.5
-105.51
-102.38
14.967
71.527
73.431
60.258
20.504
-26.403
-12.514
-39.29
-24.901
96.733
