-86.326
23.607
72.405
-34.459
-37.801
-1.3402
0.51516
-31.922
-30.369
2.0913
-67.263
-45.051
74.682
66.007
-43.418
-87.589
33.998
18.384
42.125
13.153
-20.808
21.794
30.159
-13.908
-13.209
9.1092
-17.44
-24.747
34.341
0.92413
-10.57
26.142
27.542
51.862
9.1614
16.055
-23.749
-13.098
24.947
-26.835
30.241
6.3975
-41.93
-39.967
-15.92
-14.658
2.0668
NaN
NaN
NaN
NaN
NaN
-21.058
40.647
84.29
31.598
-2.3498
-25.965
-39.484
-7.0743
6.7868
-69.423
-34.136
62.246
-21.64
15.509
4.839
-8.2968
87.782
113.28
74.509
-32.057
-52.892
-11.416
-45.69
-87.341
-31.222
49.089
76
48.274
-37.265
52.275
39.029
-22.794
-8.3873
86.011
16.24
NaN
NaN
NaN
NaN
NaN
-89.772
-24.049
65.704
32.799
15.511
36.905
19.597
1.2345
39.942
-11.92
-6.0823
-40.946
-41.167
39.179
-16.959
-41.031
28.094
13.782
78.976
103.31
41.231
7.122
-39.149
23.279
9.2365
-11.339
-42.184
-71.609
-23.628
10.454
-78.371
-69.598
-8.0044
-2.4763
12.375
86.23
45.05
-18.377
63.95
77.231
42.857
48.632
-6.4791
10.517
-44.072
-71.847
-81.146
-83.99
-28.222
1.8681
14.106
-73.198
80.113
-3.6721
46.304
-8.5557
-35.142
41.126
17.839
5.1776
-33.593
-19.112
22.546
66.48
-4.7548
-15.128
4.471
-7.3679
-7.5728
-10.092
13.987
-17.072
-28.603
-9.8662
-12.639
49.929
-31.797
42.534
29.399
14.544
19.592
13.95
0.17847
35.072
-53.186
-22.669
15.05
62.191
-4.0343
0.33504
-27.696
-19.521
11.822
36.1
-29.944
-31.301
-50.955
-62.468
-46.357
67.543
17.272
57.268
33.267
-85.088
-52.763
19.032
-28.157
-46.452
-24.204
-14.752
54.022
92.963
-1.4146
9.1806
9.1943
37.607
-57.859
-1.2844
20.321
-30.717
-60.951
1.3314
54.846
82.378
64.172
28.943
-43.381
37.476
31.468
-10.676
-16.368
-7.2775
-22.633
-38.949
-40.709
NaN
NaN
NaN
NaN
NaN
-46.107
-41.264
-1.7445
-19.91
-27.301
-2.8606
-2.4592
61.335
48.537
-24.728
-59.526
-35.1
-12.171
-39.836
57.457
54.983
10.864
19.768
-14.231
42.583
21.53
9.9236
-18.619
-5.2866
-35.818
-0.46703
2.2251
66.205
-8.0522
-39.911
-4.8534
47.796
-26.756
-3.819
21.498
55.756
48.248
0.99189
26.817
12.318
-1.817
3.7603
-71.843
-18.648
-11.217
-32.597
10.438
-49.281
-110.2
-54.841
-39.168
-69.597
NaN
NaN
NaN
NaN
NaN
NaN
-26.29
36.515
-12.012
-37.148
-14.825
2.9027
-16.715
22.845
-14.072
6.8615
-1.7242
-20.662
14.651
11.581
-10.397
29.1
75.305
61.79
-91.83
39.285
52.504
12.087
-52.169
-48.811
-2.3804
62.839
62.438
28.507
-77.942
-4.3735
29.406
-78.798
-60.725
-48.983
-99.715
-19.987
-28.955
2.1268
31.856
24.912
53.838
18.094
15.795
105.97
80.797
-15.095
-29.23
-24.31
52.592
