19.606
5.2894
-26.948
-16.247
11.602
7.7534
-14.184
2.4486
4.3839
-14.334
-32.692
-37.556
-8.6692
19.658
28.136
7.3565
14.457
11.251
5.4761
-0.98985
6.1253
13.416
33.301
28.119
42.634
12.621
-3.8173
-17.427
-57.146
-20.984
-10.651
-7.2915
-2.4869
0.54802
-12.111
6.341
21.327
31.829
15.93
-5.099
2.3839
-11.368
-1.7772
-5.6745
-0.43937
-17.794
4.9569
-11.036
-4.5133
-3.2195
3.1195
14.122
-20.828
-34.881
-27.304
-29.893
-9.7008
11.185
6.7907
8.139
10.019
0.46881
-2.4869
-19.391
-13.921
1.7029
32.161
37.751
42.233
40.936
33.153
14.356
2.9685
1.4645
-5.8253
-1.9125
4.1371
7.399
-17.553
-18.808
-24.028
-14.252
-17.571
-3.6232
13.963
26.509
-5.2108
-13.107
-29.384
-32.103
-21.239
-9.8613
-5.2385
-9.4411
-14.892
0.74528
8.4517
14.224
21.576
NaN
NaN
NaN
NaN
-6.0232
1.1976
-8.3226
-12.911
-11.033
15.969
12.06
3.6042
-17.528
-7.4838
-1.8192
7.2022
34.677
22.696
29.161
10.252
-11.58
-15.166
1.263
-9.4884
26.03
26.031
3.7206
-28.005
-23.654
-29.007
-5.2794
-7.6469
3.4862
-3.3037
9.7554
2.6983
-4.8052
2.3193
15.799
-5.0697
-4.6712
-19.066
-11.517
9.5524
7.3555
-7.1515
-9.2441
-17.285
-0.66676
-7.954
-5.2635
7.0823
-4.3228
-29.684
-8.2225
-2.9941
8.6588
4.7883
-3.9483
6.4293
26.056
46.498
32.241
19.816
-6.8345
11.542
7.706
-8.1524
-1.6313
8.908
0.20026
13.019
18.583
11.368
-28.038
-12.252
-15.561
-6.504
6.837
2.9788
-7.2658
2.9325
5.0758
5.6194
-15.468
-35.315
-37.44
-16.038
-22.137
-21.098
-18.576
-16.79
-15.397
2.8876
2.2813
6.1522
5.3204
5.7755
9.959
34.97
20.769
1.9775
2.6012
15.323
18.472
32.379
24.356
9.9362
7.6938
25.337
29.568
28.799
16.768
12.609
-6.3813
-10.187
-8.1941
-43.321
-41.472
-31.07
-30.13
-28.022
-10.205
-1.6557
-12.633
-19.124
-4.9043
6.2853
9.0327
13.066
14.378
-6.6734
5.1822
-13.585
-29.607
11.329
6.8849
-5.9842
0.91734
6.2421
1.6617
-16.585
-10.573
18.3
18.367
-7.6486
4.6312
16.562
27.941
26.723
17.325
22.533
20.517
15.651
8.3577
-0.57746
-4.7405
7.3205
1.215
-5.656
-8.7856
-29.375
-33.499
-18.966
-16.954
-25.425
-24.067
-16.248
-20.092
-10.347
14.775
22.811
1.4689
18.283
38.131
46.796
0.84531
-21.39
-4.2628
-15.69
-20.012
-23.759
-26.918
-3.8064
17.685
30.799
9.7475
-0.88844
7.5177
5.153
-6.8033
-10.553
-18.783
-9.5769
7.3262
-2.7869
14.001
2.2414
16.226
12.076
16.932
16.287
15.864
9.0484
-0.020797
23.747
1.6814
-4.1509
1.8225
-10.197
-19.713
-21.424
-18.644
-16.764
-0.62324
-17.545
-17.336
6.3514
19.434
