16.401
17.93
-31.676
-37.983
-34.88
-34.016
-23.504
-1.8836
-7.8871
-25.994
-16.22
-4.088
12.458
36.096
47.618
39.384
17.13
20.082
11.37
7.2317
-17.809
-15.781
-6.3034
1.4372
6.8303
-11.459
-8.9806
-9.3232
-38.515
-15.718
-0.91262
-2.7929
3.4884
2.7449
7.7163
16.757
26.225
1.1563
-9.5579
-6.4141
6.4878
-10.265
10.675
7.2121
18.06
-1.0015
1.8169
-0.50892
20.418
15.715
4.8649
18.393
-26.586
-32.097
-16.119
-8.6665
2.6351
-2.3356
-12.713
-7.9118
-7.2121
2.2728
-0.40327
-6.876
-15.825
-25.787
12.049
18.07
13.853
27.528
23.852
-5.5524
-10.891
-21.128
-14.64
3.6932
-15.047
-9.6528
8.3904
12.956
0.6382
8.2518
18.276
15.977
32.039
14.751
-6.224
-11.71
-7.8089
-10.753
-6.1813
5.1261
-3.8107
-0.9299
2.494
11.433
1.3981
23.98
30.639
NaN
NaN
NaN
NaN
-28.46
-24.877
-5.8234
-9.6524
-29.692
-9.8028
-13.041
-33.681
-32.35
-26.455
9.5823
-1.1188
39.95
51.125
47.205
35.503
13.368
-2.5237
-1.9881
-16.781
14.125
20.459
5.0283
2.1621
5.9667
-10.655
8.955
-0.1371
7.3702
-9.5058
-4.0421
-4.9376
-5.365
-3.484
2.0193
-11.85
-7.9207
-5.9478
1.5739
11.384
-5.0899
-14.074
-19.865
-10.137
9.5282
-9.0801
-8.8167
-7.0613
6.8451
-18.599
5.3058
-1.9772
3.5515
-4.6384
-12.858
-4.4766
8.8998
17.55
-1.0885
-4.4791
5.7004
4.8134
6.9242
16.562
18.094
21.254
11.814
8.5597
3.4881
-17.729
-24.199
13.88
27.206
15.962
9.9713
4.2964
2.8527
4.6166
5.2081
-14.171
-40.326
-24.921
-4.381
13.136
0.045563
-7.3574
-21.771
-33.79
-17.645
-1.7975
-1.0242
-17.656
-12.947
-9.6439
-8.0106
23.515
15.238
-7.6737
-9.701
12.565
19.636
29.83
21.018
16.267
14.807
31.088
18.85
8.6062
-0.92693
-10.321
-17.296
3.0578
4.0017
-16.368
1.6913
-11.217
-25.433
-8.7907
-12.531
2.6934
-19.169
-10.468
15.853
15.757
6.5691
-9.3766
7.5097
-2.6721
15.241
4.8146
-12.648
-13.163
-6.5002
-4.3885
0.14479
-15.388
-7.0899
-11.246
15.945
16.895
15.685
-7.5995
5.4406
3.7532
14.63
9.3276
4.8567
-1.3922
-4.3818
-6.0958
-12.018
-13.98
-7.9158
16.226
-0.91946
-10.132
-10.039
-1.5167
-5.3708
4.7316
4.3291
-9.7943
5.1555
2.0733
4.5299
12.579
26.724
24.369
-1.6128
3.0084
13.676
24.187
-1.6383
0.92396
-9.4515
-12.371
-20.04
-24.388
-11.375
-8.0055
4.1179
18.122
-11.902
-38.283
-20.016
-16.192
-13.281
-15.612
4.2213
2.6724
-7.0349
2.1967
22.306
19.247
30.186
12.393
18.02
10.163
16.927
9.5109
-2.347
-2.6437
-1.8627
-3.6818
8.8216
-9.1666
-6.3662
-2.4872
1.518
-1.183
2.3754
3.3516
-3.2237
17.091
17.35
