7.0985
-4.5187
-15.236
9.9389
8.2571
22.61
-1.0405
-4.6643
1.1385
13.044
27.252
37.403
30.168
6.2278
-5.4341
11.57
19.899
-0.47442
-37.986
-32.807
-4.453
16.232
26.302
15.993
8.6103
-13.764
-6.8547
4.9527
-23.915
-33.378
-39.307
-41.738
-29.819
-32.322
-10.316
-2.4175
17.971
10.56
25.482
30.8
9.0396
19.527
20.219
23.495
26.002
17.75
1.336
-5.4039
1.8943
-16.608
-7.9642
-4.1053
-4.7056
-0.1606
-1.289
8.1304
19.751
2.3336
-0.66253
0.33263
-13.397
3.5952
0.064407
-2.0574
-18.46
-22.316
-15.629
-22.807
-21.461
-2.1802
16.503
23.016
-7.8643
-11.529
1.2206
1.7807
-0.070504
2.6024
15.21
18.883
9.0842
14.356
17.233
5.5478
5.115
7.3255
-8.271
-39.001
-25.272
0.075922
14.601
9.2778
-4.7299
-0.68477
-22.1
-0.64234
-8.1658
-1.1055
-8.3791
-2.2708
22.488
34.98
13.281
27.026
9.7151
-3.9845
-20.187
-8.3845
-8.3244
1.244
-17.342
-4.0888
15.771
4.872
-14.095
-28.123
-20.119
-2.7928
8.1405
3.2595
-7.6572
10.064
12.875
12.263
5.6788
NaN
NaN
NaN
NaN
-15.425
-7.1533
9.4418
4.4404
-10.635
-22.529
-15.242
-13
-12.118
15.694
24.342
8.4769
-15.157
-6.0901
-10.217
0.56235
13.69
7.646
10.459
23.544
26.145
13.809
22.891
19.203
5.943
-14.366
-27.195
-29.891
-20.508
-4.2649
13.646
5.7056
-3.364
-28.833
-8.903
-0.69023
0.44892
-15.294
-15.087
-9.2625
-4.3258
-13.568
-3.4072
4.6376
12.197
4.1405
1.9206
0.92014
1.0437
15.166
27.867
21.193
18.987
1.4701
12.691
10.053
-0.093072
-10.762
-6.2449
-2.7351
4.7945
-11.305
3.8215
16.1
2.0288
-9.9735
-29.3
0.65262
8.533
4.3586
-17.018
-5.5159
-1.1498
-17.95
-32.951
-11.921
5.1933
0.081691
3.5755
5.8763
-3.7135
-15.642
4.4311
18.67
23.683
32.5
-5.3039
-0.21307
3.0367
21.149
-3.594
10.192
7.4417
-4.1186
-0.0083964
-23.775
-8.6274
-9.5401
-15.922
1.0829
12.494
-5.6865
4.4735
-2.681
1.8824
-6.0194
-11.34
8.2419
15.181
1.3975
-8.8958
1.5614
-3.442
-9.5601
10.217
9.8312
6.2778
13.138
0.3735
-0.1494
6.1592
-5.8894
-4.379
-23.417
-11.997
-3.0492
7.5043
12.688
6.3745
4.1019
10.638
-13.356
-39.977
-24.144
1.3518
-11.353
7.1969
-9.0061
9.614
12.268
19.417
30.596
20.374
13.105
5.0466
8.2235
12.209
0.67105
8.424
-1.5038
-13.768
-16.237
-10.029
12.211
-8.9314
-32.701
-26.338
-16.938
-15.989
3.0234
-0.56059
4.0071
-3.2148
6.7139
17.547
16.416
-7.8469
-8.9347
0.499
-7.8281
0.39568
1.8088
13.996
12.644
19.377
5.9113
15.411
25.489
29.62
3.9107
12.214
-5.6881
-25.05
-35.683
-19.761
-8.6029
-15.56
-19.833
-14.976
-6.4423
-13.135
-3.7217
9.3307
-4.3257
0.79969
-0.94036
16.364
22.444
18.82
13.325
6.4793
15.696
10.659
-4.6287
17.856
2.3873
-21.295
-22.217
-10.321
0.4197
-28.592
-16.744
-6.7788
-1.68
-6.5777
1.6208
9.8766
18.836
23.261
19.817
4.5782
0.76984
8.6823
12.06
10.276
-2.2656
-12.569
-7.9995
-17.321
-9.3586
-1.9194
-0.84482
5.3638
14.819
-11.214
-6.2796
6.0315
7.4532
-18.215
-12.61
5.1689
-5.3444
-27.666
-31.431
