-51.808
4.1441
9.7606
30.189
15.49
12.526
0.25108
3.2347
-15.968
20.928
10.866
5.3954
-8.4006
-21.281
10.432
-14.727
8.6361
-0.054743
-20.84
-8.4062
1.0176
-9.4355
-4.8527
-27.514
-13.302
2.7805
36.99
2.7545
0.018342
-20.226
6.3537
38.046
34.455
26.753
-10.137
-9.8512
-30.048
-21.841
4.7116
-10.339
-10.935
21.784
-18.143
-23.688
7.4009
5.1648
19.452
28.311
-3.4029
0.62987
-5.853
1.8608
-15.773
-0.98645
-15.315
-7.0575
2.2961
13.057
28.359
-4.4691
11.46
-13.783
-23.339
-24.635
-17.448
20.071
7.541
13.67
9.0714
18.474
-6.4329
18.73
18.462
19.251
-6.9067
11.626
-20.396
-29.263
-28.064
-8.7028
28.823
4.2574
-24.006
-6.7647
8.9366
-12.443
-1.5399
16.28
-5.7013
-10.749
3.9557
-12.547
8.0729
29.734
-2.25
-6.405
-19.108
-5.8115
-28.984
-21.664
8.6059
0.34542
21.174
23.932
22.956
4.1514
-1.2017
21.015
0.089246
17.546
7.2369
-11.864
-3.5858
16.988
-12.617
-2.4583
0.92011
3.0394
15.286
-8.261
-3.5931
4.8097
-13.979
-21.852
-19.556
NaN
NaN
NaN
NaN
-16.107
21.8
-2.1573
-4.7668
-6.9819
-11.162
7.4912
13.226
29.348
-13.306
3.9786
-6.1028
-11.773
34.036
2.1361
-6.6693
24.139
3.2054
16.319
26.523
9.973
-7.9792
-0.40343
-4.8527
-22.664
5.0125
6.9696
-4.9962
-7.8037
-7.7093
13.524
-2.3639
-15.419
-12.766
-0.95274
-14.549
7.7327
-8.3556
-22.809
14.767
-18.488
18.331
-17.215
-22.828
8.3909
6.9039
29.458
20.015
-6.2688
-1.1127
-7.0601
-0.084762
-12.079
-4.6308
17.523
10.1
7.1726
1.768
16.43
8.284
-11.499
-10.181
11.02
2.4882
-2.5368
-1.7943
0.25406
-14.115
14.176
-29.932
3.6207
12.533
10.836
6.617
-10.712
-21.822
-21.037
-1.3071
-1.1383
6.5402
5.1233
-10.691
-23.111
17.087
23.443
25.102
4.7084
13.964
9.7488
19.702
-15.681
-16.347
-16.238
-12.002
12.891
-1.0003
-6.9836
3.8884
-16.378
-28.096
11.05
17.964
-21.002
-15.023
-6.7266
11.939
-2.664
51.23
-11.203
-0.69505
-20.917
-5.9385
19.669
1.4409
10.188
-0.14062
0.93014
1.0075
5.1226
10.379
-0.27632
16.948
0.41694
-12.453
-5.2887
-11.528
-17.678
14.598
6.6606
10.433
37.287
-29.728
-0.04473
-0.63994
-10.586
-13.194
-15.169
-5.8298
-3.7462
-35.232
-12.381
-0.45843
13.342
3.0011
-1.0506
13.937
1.4151
-7.9027
18.621
19.38
23.5
16.383
3.0375
20.595
3.9553
3.6477
-10.324
-21.403
3.3809
-28.683
-30.756
-9.3372
4.481
-7.7459
13.637
-0.32766
-14.231
12.183
-8.5615
37.306
-7.4004
-7.985
25.633
2.2971
21.376
6.4126
-11.389
-35.292
-7.1301
2.3404
15.435
6.2278
13.463
-0.29188
9.469
1.271
-31.655
-11.039
-19.405
28.795
-8.7798
-2.8564
-2.8451
-30.305
-1.8231
2.5739
5.1267
-7.2293
-11.801
-28.062
10.52
31.381
34.859
28.436
23.966
-27.485
-29.078
-17.095
11.115
11.6
26.362
13.933
13.236
-7.3727
-11.62
1.9973
-0.2309
-3.7279
12.778
18.838
-29.84
4.0516
-7.9344
-27.137
-16.402
-4.0384
0.14559
-12.234
1.4431
-9.8319
-19.474
16.479
3.3792
21.02
14.935
-11.035
13.017
-3.7577
-22.508
-3.7361
24.526
27.136
-16.204
-0.43187
