-20.736
-9.3838
-7.8856
13.952
13.227
18.853
9.5685
26.28
17.798
-5.0959
6.4871
8.2124
22.696
22.281
5.0996
12.39
20.614
-19.851
-17.482
4.1088
-7.1349
-4.5563
-19.236
15.204
-4.3355
-33.376
-8.5386
2.7785
7.5481
1.6619
-21.421
-17.709
1.5954
-28.556
6.0863
0.78392
15.431
-10.971
3.9598
9.9196
3.3724
3.6921
9.3878
-3.3112
8.2696
40.588
-4.9479
-35.551
0.74299
10.096
-0.84964
6.645
12.719
4.1939
-22.653
-8.5242
13.97
13.598
8.8532
36.274
8.4418
-31.894
8.3546
-25.054
-25.216
-18.596
-1.1656
1.635
13.245
12.397
4.5284
-8.7525
4.9063
25.357
10.055
-4.2471
-14.221
-8.9645
-16.239
-8.6478
-22.718
-5.0964
-28.155
-0.64465
-9.4299
25.245
3.4781
13.233
14.214
-12.441
8.3707
25.446
7.1946
15.675
-21.089
3.2203
21.818
-0.017301
-0.30747
-5.1887
-3.6772
18.534
13.095
-10.925
3.6952
-17.966
-12.799
9.9873
1.7082
2.9887
6.9576
-13.416
-9.1184
7.0104
-5.4339
-15.762
-13.076
-13.514
-19.025
5.5084
22.134
-8.6598
-3.1297
3.1262
3.463
4.7965
31.196
-12.552
-5.7864
5.3678
-21.681
-4.7171
11.052
-16.326
19.463
-13.305
-6.3639
7.052
18.605
28.109
17.526
8.371
0.47206
-28.161
11.598
18.874
-5.0514
6.4024
7.1375
-14.501
6.8189
-9.1385
-18.807
-11.294
-10.752
1.4816
-19.64
-14.152
17.294
-12.041
17.088
-11.408
15.411
-5.7901
10.67
-9.8313
-6.6552
6.5716
-17.091
-0.10931
-9.9309
16.614
13.518
10.041
-10.627
-17.636
-8.3213
-6.4378
11.173
-3.8761
16.372
17.984
14.357
-3.51
28.289
4.2386
14.688
10.927
10.985
-1.1324
-21.3
-9.1694
-5.6015
-20.877
-7.8549
-9.296
3.2342
-9.4921
-10.741
-5.3399
0.042153
9.9355
9.9471
-8.8152
-28.358
-16.031
12.447
7.2243
2.859
4.8151
0.77568
-4.4368
12.654
-17.222
4.3886
-2.4874
-8.0393
25.767
6.6313
17.805
-15.244
30.935
1.9586
8.3444
0.22623
10.416
-6.682
-16.673
-7.7931
-5.6355
-4.6243
11.938
3.3156
-13.754
7.1634
-13.828
-12.875
-3.7057
-1.3038
-4.1774
30.934
1.8743
11.565
-3.284
9.1109
-6.0322
1.1564
-3.3938
NaN
NaN
NaN
NaN
NaN
NaN
NaN
