15.356
10.074
-5.9237
-6.1267
-15.77
-0.899
-1.9147
-0.58515
0.39974
10.677
4.8775
12.529
12.96
4.8907
-2.235
-0.50367
-7.9597
-3.549
-2.6724
-0.24544
5.1585
5.4378
0.10627
8.7092
-7.797
-1.3561
-0.94654
0.5628
-23.524
-27.294
-11.941
0.51059
-3.6605
9.4443
8.7606
8.0162
0.69334
-0.73561
2.9741
9.4629
-9.3876
-14.559
2.8773
-5.6049
8.3094
10.687
-6.8997
10.616
18.977
3.9262
-0.7458
-1.5589
-1.5815
-5.0026
7.8819
4.2411
12.443
-5.3334
-17.919
-1.2746
5.6302
16.897
19.25
13.975
-2.4532
-15.069
-23.932
-24.462
-5.9429
-4.6321
-7.6292
-1.8244
-10.346
-14.342
-8.881
8.8808
4.5955
17.793
2.6186
5.4354
4.8376
6.0139
15.904
16.707
-12.703
-12.527
-10.081
-1.7957
8.5002
13.604
3.3056
-7.7184
-2.2001
-3.1151
-7.8389
8.0716
12.978
0.13707
11.217
0.11777
3.827
4.5142
2.6449
-6.5896
-5.3756
-12.342
-12.548
-10.598
-3.4724
-0.94173
5.5457
-1.8256
7.7672
-3.5564
-7.7331
-12.882
-6.5036
7.9514
9.9663
-3.9467
-8.9051
6.9258
15.995
13.093
6.9254
NaN
NaN
NaN
NaN
1.171
-9.3605
-11.336
-4.3581
-2.5562
3.68
9.4562
12.559
17.317
19.896
18.2
13.773
-4.1386
-17.819
-23.921
-11.103
-14.955
-11.089
-13.793
-25.937
-16.579
-19.18
5.4934
17.921
6.3125
5.1998
6.7579
15.606
6.963
18.076
17.068
3.9614
9.4535
5.1155
3.3338
-5.665
-4.7355
3.6328
-8.544
-4.9724
-11.507
-7.2987
-0.20239
1.3508
5.6333
-1.6093
-5.1498
-11.512
7.398
8.0213
-4.0878
7.7654
-2.0804
3.6896
-2.3293
-2.7938
-4.7294
-3.9912
-13.247
-10.963
5.5821
0.94445
-4.4399
-1.1395
9.1641
-4.7756
-2.9498
11.348
4.3125
0.11565
-8.0265
-1.4065
-5.0147
0.57791
29.855
16.509
13.678
13.934
-7.5836
-2.3703
5.3641
-4.8886
7.4676
-1.8897
-12.297
-13.099
-9.224
4.2384
-22.705
-22.811
-4.6138
-1.0503
-7.3422
-6.5342
-1.4418
10.162
17.98
0.52099
6.3212
7.3912
5.6315
-2.4703
16.84
13.424
0.72819
-3.3679
-11.116
0.016391
-3.5931
-5.675
2.429
6.5078
-11.811
-13.979
4.3081
-3.8616
-0.032621
7.8401
4.0187
-7.8662
0.45878
0.15352
13.17
1.1813
7.4642
16.678
2.0345
-5.2542
10.516
-14.719
-13.926
-17.275
-11.864
-1.8748
-0.32204
14.278
5.3944
-15.376
-0.48422
-0.45932
19.89
15.661
7.3067
-0.0030624
-0.14164
12.038
-5.463
-3.4308
-1.7195
-15.094
-16.735
-21.818
-15.534
-6.6477
7.8274
4.8766
4.8782
11.237
3.238
13.506
12.493
7.5543
2.836
-10.675
6.6899
-3.3146
-3.836
-3.9882
1.9024
2.5741
2.9378
-3.3014
3.4223
3.5958
8.2649
5.2546
-3.1184
2.5088
-8.7827
-22.575
3.5305
13.85
6.3087
-0.43961
0.40839
9.6449
4.822
-17.593
-10.969
-20.035
-16.887
-5.1936
-5.7142
0.81738
-6.3664
-0.09092
9.8774
-1.2905
17.26
3.6346
12.101
4.8843
5.3378
4.7893
12.233
3.7698
2.427
0.54859
14.168
-4.4838
-17.402
-2.6395
-9.3666
1.9343
-14.487
-15.503
7.0511
4.5723
20.187
12.77
0.55501
-1.0053
5.2689
3.6925
-13.402
-18.906
-0.47377
5.3385
-2.2702
3.5668
6.3001
-2.4376
-15.324
-12.249
-5.7403
-8.2137
-2.9395
1.2492
8.6206
-3.9128
10.565
5.9692
0.36275
3.1548
