44.223
20.791
22.362
-21.726
-52.568
-35.83
-26.991
-17.043
-23.434
-0.45537
-5.7474
14.302
0.88115
-11.341
-4.2836
-2.6853
-15.675
-6.1797
10.786
-8.0347
1.3572
-11.71
-2.2946
19.181
8.6583
13.264
0.18512
-22.639
-22.342
-2.6558
2.4327
14.452
10.411
44.502
34.705
11.964
12.555
6.7706
-3.2594
-4.5348
-19.945
-17.005
-4.3069
-12.074
0.1774
-2.3948
-5.2597
11.789
26.155
5.5991
-12.907
-10.727
-3.5097
1.3944
-0.99288
-11.937
-12.161
-16.192
-23.998
-10.826
8.4348
14.67
16.304
21.24
14.349
-7.8292
1.346
-12.995
2.1717
-21.091
-15.368
-3.1984
0.44731
-17.691
-15.222
7.6309
12.122
14.82
7.2191
13.197
17.454
10.46
9.6485
25.446
-17.644
-21.862
-20.534
3.2692
22.225
9.4854
2.0161
-17.074
2.1593
10.393
8.558
19.527
10.63
16.367
13.273
4.5612
-5.8499
-35.012
-25.188
-17.274
-3.9096
-14.873
-17.719
-34.477
-9.136
9.816
18.613
-6.3163
-12.264
-8.4765
0.8671
-8.2322
-7.695
4.9679
16.646
-3.8824
10.009
25.375
31.188
23.545
14.26
NaN
NaN
NaN
NaN
-21.932
10.761
29.276
51.106
39.235
3.1624
-2.1627
4.3615
7.7603
24.022
10.463
-7.029
-29.161
-45.126
-38.058
-33.224
-30.055
-16.728
-15.728
-29.482
-26.881
-21.879
7.0193
7.9788
6.5812
0.49455
18.985
47.419
33.673
35.559
21.412
0.91798
10.726
23.618
18.476
-20.443
-10.848
13.287
2.6613
-5.7072
-19.207
-7.693
17.485
-3.4778
-9.6657
-11.268
-10.945
-10.933
13.798
-13.224
-25.522
-6.1007
-1.6965
9.8558
-3.9318
-11.873
-2.8522
-4.5811
-28.213
-13.282
15.013
25.03
25.105
14.474
5.3497
-5.6238
14.773
20.017
-2.1567
11.301
-0.33169
-3.32
-3.6099
2.6975
17.331
-9.9277
-13.608
-10.038
-17.75
-0.65892
5.8722
8.2125
4.8324
-3.9903
-16.494
-31.313
-2.4674
1.2457
-10.229
-14.47
3.9929
3.5727
-24.233
-6.4965
10.741
28.976
45.241
8.0088
14.57
5.5261
1.6743
-5.4669
27.646
22.179
1.2788
-8.2561
-25.055
-30.482
-26.043
-19.312
1.0651
24.619
11.166
-11.606
5.4029
2.1813
6.7488
4.6578
-0.84078
-7.2524
-2.1112
-16.2
12.002
14.3
31.968
1.3095
-30.274
-42.75
-27.013
-29.975
-33.673
-16.776
19.714
29.627
43.105
50.853
34.144
2.207
8.9519
6.157
13.202
-23.551
-15.796
-5.303
6.631
7.7475
-3.1958
-12.032
-5.7486
-19.668
-17.165
-25.942
-17.384
-28.941
6.3486
24.093
28.536
26.628
-0.045296
0.74993
16.354
9.4295
-1.8188
-12.496
-5.5153
5.006
17.557
6.7352
3.3311
5.0588
-7.2342
0.4838
-10.724
-4.7113
-3.0416
13.551
-14.826
-24.427
-34.589
-19.963
-4.4595
-2.2284
-16.345
6.3227
13.046
27.358
29.38
9.7393
-0.85898
-13.507
1.4574
-4.1477
16.848
6.4144
0.46705
2.6779
-7.9061
-25.318
6.1617
12.748
18.525
1.0813
-0.72382
17.557
24.883
7.9289
7.4353
-2.9937
7.361
-8.2677
-18.102
0.70272
3.2055
-4.611
-17.605
-39.163
-21.709
-18.718
-7.3422
-9.3015
-7.0863
3.3738
-1.9918
-2.3583
-9.1971
3.0046
11.725
15.651
7.9876
16.947
16.821
4.1639
-21.512
-1.2664
8.7505
-1.9856
-5.5692
4.9295
15.603
7.8606
19.162
13.357
15.683
20.596
