-10.473
-2.2966
-2.4303
-14.804
-3.2981
-22.729
-17.355
0.60478
-3.6554
21.706
14.84
11.947
11.924
-8.2945
-10.187
0.034608
-11.076
2.9243
-4.1351
-10.802
-5.0147
-5.5952
4.8443
4.9408
1.0215
8.8716
-2.2624
0.64094
5.3256
16.704
15.16
26.289
1.0406
-5.0485
-17.026
-3.5648
3.1604
-13.495
-6.2156
-1.8974
-2.9087
-4.9851
2.8743
7.0255
-0.087992
-10.932
-1.7816
2.85
0.95337
12.147
-5.9442
-8.1315
-9.2043
10.329
13.816
-11.405
-11.855
-6.2765
-11.632
-17.728
-6.0909
12.582
24.838
14.321
12.77
4.6788
-1.442
-5.262
-19.74
-9.2595
2.4236
9.8224
10.56
7.1158
6.7925
8.7812
2.9858
-5.3225
1.8281
-2.2254
5.682
-0.52352
-5.5123
-1.1408
-1.9134
-12.589
-3.888
0.051172
-8.3829
-1.5993
1.8859
-8.1088
-16.444
-3.2492
9.3312
12.704
8.0119
14.363
8.1332
-8.7517
-10.862
-17.952
-13.772
3.5137
-4.2871
2.8371
8.7435
3.1231
-1.0444
9.4868
-6.6587
-3.0196
3.5236
13.731
11.874
17.19
17.959
23.808
9.6365
-9.4055
-18.172
-28.744
-5.4335
-3.1786
-20.539
-16.983
-6.5374
-6.4682
4.0605
2.6518
6.6044
5.7549
-1.7678
-0.52366
19.4
32.161
6.789
-2.3787
-14.713
-4.2728
5.6088
-4.5349
-10.041
-9.1454
-25.332
-29.416
-7.3927
1.8531
13.11
0.52605
13.019
11.903
8.6788
15.562
19.753
3.8582
20.366
7.9737
-7.0483
-6.9638
-8.1394
-6.6064
-0.069259
2.1008
-19.382
-3.9813
-5.9406
-5.4612
-11.219
6.3973
4.6952
-1.7841
3.3491
6.5244
10.607
-0.69935
13.69
0.11333
-4.6733
-7.8626
-16.56
-13.102
-14.056
-11.016
2.0199
9.0036
-1.4302
0.40771
4.6349
23.997
15.861
1.7747
-3.2433
-3.2283
-2.3799
1.6537
15.08
4.7756
13.288
-6.8545
-11.784
-20.454
-14.275
1.0451
2.2561
-2.2986
2.1877
13.159
17.026
-1.7768
-5.6586
-0.27869
3.478
9.0977
-3.9673
-3.5866
-5.6081
0.5612
-14.028
-9.8411
3.4366
1.992
-4.7215
-1.2764
-0.48557
-15.446
-2.2057
16.667
7.0307
15.257
6.4814
-4.7663
-4.7586
-14.658
1.9044
-0.34702
-1.839
3.114
-2.7155
10.425
1.996
-11.908
-8.8857
6.6603
14.93
6.1085
0.16154
2.656
NaN
NaN
NaN
NaN
NaN
NaN
NaN
