-15.865
-23.46
-24.391
12.84
9.9571
7.3261
65.917
64.959
4.1767
-26.623
78.879
124.82
31.049
-30.855
-19.26
39.989
58.879
10.692
-82.073
-4.9095
38.781
-67.219
-132.87
-39.854
41.034
10.439
-69.853
34.51
70.014
52.969
-7.2131
-41.009
-7.6618
-9.3944
-6.0254
-107.04
-28.303
-13.029
-43.758
-19.829
-65.431
-46.048
-41.322
7.9321
66.606
6.8559
-73.408
5.782
61.667
79.419
36.975
119.61
188.58
205.31
169.96
-54.029
-62.887
-24.22
-55.664
-94.875
-61.643
-58.03
-49.485
2.4801
-34.72
-24.216
-1.3259
-20.386
48.936
-32.132
-93.12
-63.515
-10.995
-27.447
-8.0078
107.69
-39.414
-58.928
-32.408
1.1278
29.911
77.021
3.0634
-64.008
-41.506
-54.513
-10.249
119.38
97.001
-16.676
109.68
85.977
52.867
-2.8421
49.264
-15.044
-79.059
22.32
-18.733
-23.714
-25.049
-5.7605
76.96
118.98
-25.057
-134.69
-44.352
18.701
5.3454
-102.49
-102.28
-20.42
7.9435
-26.744
-68.585
-112.41
-142.68
66.817
173.07
159.74
128.8
123.87
56.932
-30.417
-70.41
-37.15
-33.373
-43.136
-160.05
-95.146
36.02
55.642
89.232
-11.545
-153.59
-16.811
91.827
115.88
NaN
NaN
NaN
NaN
57.498
-4.0407
-55.711
13.057
5.4333
55.676
-32.696
-135.58
-47.462
11.473
-9.8232
24.547
45.702
-58.707
-74.878
-75.49
-20.257
-58.689
-32.167
16.022
57.442
47.523
14.868
-10.632
-0.43279
-15.005
-27.865
-15.131
33.539
58.032
37.68
-8.6388
79.255
132.93
19.673
-39.58
-29.777
0.34744
-55.182
-37.484
-15.684
-79.105
-59.846
-0.91886
111.33
69.045
-11.846
14
53.516
85.925
-34.896
-113.06
-95.462
-34.505
49.148
88.602
5.1109
-85.741
-56.256
-34.668
31.47
125.44
111
-1.8225
-40.791
-88.07
-63.582
-18.871
8.1082
-50.192
-37.364
-71.202
37.858
23.044
-40.295
15.158
91.606
71.411
-111.12
-62.272
6.6983
-16.021
20.357
101.41
125.18
0.73016
25.132
60.02
105.83
92.198
64.608
15.803
-33.093
-86.521
-81.272
-36.725
-60.041
-12.364
-38.912
-128.82
-63.869
-31.912
-15.211
-48.059
-41.473
-43.321
61.34
111.65
99.047
19.56
-60.822
-60.003
14.758
