-97.266
-5.8861
41.095
79.834
41.923
32.726
24.371
33.67
22.665
-0.099892
11.977
-2.7925
-11.768
-57.785
-91.797
-90.129
-29.781
-14.673
-12.09
-3.9195
-66.024
9.0977
73.501
46.155
6.7361
-12.577
25.455
7.7964
-33.292
-42.778
26.316
4.099
11.701
28.049
24.243
3.8389
5.984
33.171
30.529
32.354
18.913
34.685
-9.2549
10.561
-37.825
-29.326
-44.781
-43.728
17.044
13.583
-27.457
-56.258
34.477
-10.369
42.842
40.666
-27.385
-7.4838
45.82
5.5692
63.181
-1.2278
-9.3199
-38.998
-55.279
-71.697
-87.638
-40.058
10.78
15.377
-27.852
-10.594
68.061
61.992
19.534
3.4203
-36.335
-20.68
61.44
94.649
11.64
-29.71
-23.655
22.499
29.338
17.578
12.018
39.995
8.6494
-15.63
-33.101
-51.388
-24.075
39.745
-21.787
-52.934
0.37249
5.4323
0.87401
39.148
-20.462
-26.202
-29.031
-11.82
0.18519
30.52
26.253
-3.8717
-45.112
16.742
-21.097
-36.124
9.8601
40.656
47.938
-9.1014
-81.209
-21.022
12.694
3.1834
12.955
32.946
-15.792
15.541
41.597
39.798
91.652
49.874
-23.342
-60.959
-11.987
-16.775
-57.062
-36.691
-27.564
-13.413
26.466
-8.6854
-7.641
-3.6876
43.166
50.794
-20.024
-44.448
9.5701
35.415
17.356
0.75597
6.9842
23.834
10.858
9.9243
-38.38
-5.2332
-28.169
-13.479
-22.037
-42.972
9.0438
57.653
53.878
18.046
-28.405
-41.476
-68.982
-75.695
-48.348
-21.684
9.4176
-14.725
6.2083
29.989
31.822
34.397
44.445
39.344
60.653
68.497
95.082
74.841
19.763
-88.326
-34.249
-16.374
85.024
-27.63
-44.196
-63.515
-40.648
-41.825
-63.057
1.1108
22.532
-19.022
-41.421
-17.857
-26.854
-22.015
4.5002
23.334
-7.6713
17.39
-6.3305
16.477
22.085
0.063091
32.435
34.658
16.941
4.6641
21.209
0.90389
24.087
47.644
-19.605
-65.526
-74.505
-52.192
-40.219
30.636
69.536
36.333
-28.228
14.21
112.96
113.81
37.065
-10.203
-42.751
-18.381
-53.331
-52.528
7.1214
-14.874
1.1616
-20.255
-51.569
-42.429
-39.46
3.0235
-7.5327
-0.93073
13.874
19.528
-0.28693
-13.903
-49.639
40.255
25.36
25.673
-25.58
-4.5885
-5.902
35.172
20.121
-37.298
34.123
-0.15272
6.7636
-9.921
36.459
50.303
50.45
-14.841
-21.696
-27.621
15.16
79.039
30.411
-40.545
-16.403
-24.958
-36.551
-1.4411
-11.415
-23.88
-18.361
21.796
-4.241
-18.623
-24.104
-55.132
-30.572
-11.14
20.788
43.439
75.116
35.33
-41.014
-45.269
-46.465
-19.75
24.764
15.364
46.17
42.733
-46.275
-34.723
61.445
16.992
-12.728
24.084
4.427
-38.335
-30.653
15.223
22.728
-0.17115
-6.6026
-26.629
32.34
