-32.135
-1.91
-13.803
9.9895
19.203
13.77
-13.081
-14.549
16.011
43.718
61.694
45.072
34.472
9.3118
-11.304
12.971
3.7366
-8.9306
4.88
31.474
39.222
17.593
-26.459
-56.149
-59.708
-34.075
6.8684
-9.1187
-50.973
-11.859
6.8152
-14.925
-90.403
-10.956
21.515
33.808
24.324
38.546
16.591
9.1625
-21.725
-10.413
48.351
78.901
56.381
8.9456
1.6954
4.7546
2.0961
1.3931
-65.17
-24.158
7.3773
59.196
20.04
-20.613
-54.329
-53.872
-30.129
-2.3846
-6.2846
-37.386
-1.7913
17.799
4.2077
-34.034
-71.785
-60.376
-51.624
23.893
43.925
18.856
51.954
88.903
104.74
63.977
43.571
58.738
69.965
17.42
-78.714
-59.283
-52.569
-50.975
15.739
-16.09
-32.468
-23.496
-18.184
-50.287
-54.028
-29.714
-18.027
4.3517
49.963
54.144
28.159
-17.699
2.3395
-36.243
-22.5
-6.5218
1.4608
30.762
14.623
-29.575
-11.632
63.465
89.308
63.057
11.563
11.123
16.506
-51.213
-29.53
-6.0882
-43.644
-14.674
12.485
2.6792
16.412
2.5368
-34.954
-48.687
-56.802
-43.403
37.728
34.522
17.159
28.085
39.175
0.32214
-33.493
-9.013
23.466
-2.8115
-39.382
-16.829
35.752
29.851
8.9363
-8.6745
14.415
-24.116
18.306
-12.114
-2.7431
24.073
22.24
-10.274
-30.805
-14.891
-16.879
-42.79
-70.149
-31.416
17.437
36.257
26.137
76.25
89.956
82.737
21.307
-20.118
-35.877
-9.611
-50.416
-65.287
-8.2624
0.89881
28.599
57.707
19.246
-28.152
-53.804
-65.504
-33.756
-3.2128
-44.234
-39.24
-3.487
-21.85
17.747
30.563
32.53
50.304
32.301
43.476
36.04
50.879
37.22
8.6552
-37.519
-34.845
12.06
27.117
-8.9605
-41.898
-12.19
4.7213
-8.464
-13.661
-52.756
-30.773
-2.8476
37.754
23.526
-9.3212
-3.3586
-28.122
-53.21
-32.533
-9.9108
10.833
21.463
-9.1938
7.3645
13.785
21.214
33.748
2.3851
-17.029
25.342
69.806
67.402
60.297
63.993
-4.4382
-59.508
-52.403
-16.319
-10.675
-51.664
-92.016
-42.247
-9.0876
-16.757
5.1963
26.45
8.7958
-3.4133
-36.254
11.564
30.404
-12.202
-6.5383
-7.1696
17.011
44.218
32.542
-6.1057
5.2209
49.485
38.405
-13.581
-11.233
8.4699
56.907
56.543
-4.2339
-3.1637
-19.66
-88.96
-79.522
-52.22
-32.397
-14.075
17.267
-7.8426
-1.2151
31.941
7.1022
23.948
16.482
-1.7841
-24.943
-37.516
8.1784
30.3
51.52
55.932
36.469
4.7591
-26.567
-68.557
-52.18
-3.0886
4.9025
-0.91297
10.504
22.42
19.574
32.305
-4.1316
14.326
1.2491
8.4207
13.664
5.6616
6.4329
-6.2181
20.862
0.56087
-33.532
-16.368
-49.667
-98.021
