12.673
66.847
83.887
10.345
-19.403
-27.633
-35.856
-10.963
-54.793
-68.048
-38.076
38.209
58.211
40.184
28.902
-20.507
2.4234
-16.552
-61.769
-24.055
11.191
41.027
20.654
17.665
9.4884
74.509
100.99
29.517
-53.037
-87.158
-28.306
-3.5356
33.509
47.098
18.99
-29.671
-61.619
1.8352
-4.2822
24.324
-11.105
-43.631
-21.533
0.39268
-18.725
-34.814
-40.073
0.43996
14.37
22.442
35.537
65.675
73.869
-9.7342
-75.907
-61.756
-43.517
-21.829
-36.218
-55.535
-9.3098
15.582
49.79
58.693
86.337
81.023
34.176
-15.742
-97.699
-74.589
-22.875
48.899
90.251
95.508
88.332
61.982
-3.2109
-47.556
-41.667
-24.373
-28.965
-31.473
-28.116
-11.997
-48.294
-30.802
-9.8436
-28.448
-27.924
-3.1976
43.358
-4.8699
-52.774
-51.191
-8.7129
-15.991
-29.876
-10.291
-18.617
-17.738
4.8022
10.455
63.397
95.675
87.769
60.275
6.0086
55.656
-2.9723
-18.684
-7.6883
29.6
16.467
17.806
0.57404
-8.0398
-14.877
-27.801
18.246
-55.954
-46.411
-20.375
-29.875
-16.695
20.113
0.73443
-9.4759
-17.336
-28.474
-19.481
-3.8695
18.547
37.641
43.389
15.854
15.621
13.234
-10.786
-36.818
-25.03
-45.02
-35.305
-33.779
-27.889
-6.8231
-22.147
-3.0623
2.1093
35.481
23.128
-4.5816
19.93
53.908
57.853
82.58
107.86
48.072
-11.411
-12.414
13.217
-13.354
-34.453
17.714
-19.939
-52.402
-64.519
-47.093
-91.682
-23.373
33.069
14.683
49.924
35.034
15.59
36.474
20.179
-45.641
-75.555
-25.71
-15.736
-53.419
-10.111
-6.383
-25.859
-5.6612
6.9436
34.095
32.544
-7.301
-18.456
9.4585
-11.659
-33.996
-19.752
34.25
25.289
27.342
68.42
56.688
30.032
27.421
55.527
76.626
30.524
17.094
13.313
10.869
-43.449
0.34846
-11.87
-19.928
-45.363
-28.518
-39.486
-57.097
-80.84
-61.391
-110.84
-55.319
-52.693
-16.481
-13.451
46.643
64.099
50.056
19.819
-33.574
21.493
80.767
57.678
-9.3849
2.1104
-11.591
0.36168
18.257
35.484
37.324
29.972
0.049552
8.9127
44.957
37.623
22.792
-28.029
-23.165
0.62218
2.3211
-24.349
-38.67
-7.157
-20.824
-38.349
-17.018
38.081
44.64
29.932
4.9707
-21.838
-38.359
-55.066
-53.237
6.0243
4.1657
6.6486
-3.0607
-36.83
-95.346
-52.621
-16.55
-51.511
-49.052
-43.611
-6.6264
48.43
130.83
140.82
135.06
129.9
77.826
44.141
-15.116
-72.403
-45.417
0.14784
-10.696
-34.598
-12.504
3.3389
-15.665
-17.697
17.033
-3.1012
-29.525
-16.006
-46.22
-49.173
-49.356
-33.256
-29.484
-63.847
4.6497
67.064
45.793
22.097
