-62.136
-31.251
-6.6096
-10.94
-32.774
13.256
37.819
69.147
40.564
68.959
72.331
90.367
55.82
13.131
-79.429
-124.35
-53.41
60.63
36.613
-17.714
-57.91
-15.784
8.4021
-64.291
-36.383
6.419
60.75
19.554
-54.985
-52.488
-3.3153
-53.023
18.255
39.742
13.47
-0.58024
-25.911
17.66
27.671
-28.31
24.858
18.409
40.764
51.741
-0.4244
-16.247
-4.7408
-35.175
-8.8263
-3.101
-17.961
-33.897
35.96
74.14
57.219
45.861
-5.3281
-17.556
-3.9351
-11.429
-2.6709
6.4294
-1.6842
-55.072
-72.2
-38.475
-36.547
-61.812
16.775
76.55
68.369
7.1274
-45.438
-52.746
-12.863
1.7667
-15.169
-19.355
6.5585
83.046
34.485
-33.098
-11.425
51.495
50.108
51.929
-32.5
-11.381
-21.244
-33.551
-4.9297
5.122
21.226
31.937
-3.0663
-2.1453
-1.6947
10.15
18.733
-73.659
-88.761
-15.368
9.3314
1.4021
-19.917
7.396
80.932
62.615
18.099
26.13
22.641
-6.1447
-17.434
-4.9204
3.0433
-11.737
-53.299
-81.917
-85.822
-60.531
-1.1523
29.15
2.4852
34.701
75.459
90.579
84.787
22.935
-8.4915
23.045
14.969
28.621
-59.96
-115.8
-74.404
-8.1842
14.609
-19.415
-8.3519
-22.432
29.118
9.0694
-22.885
-39.448
-20.201
52.415
40.345
20.197
43.078
62.249
23.822
-15.875
9.5696
-28.001
28.855
42.853
20.966
-51.514
-23.012
78.915
88.247
-0.51315
-116.01
-161.52
-79.635
-63.996
-45.974
-2.2899
58.053
-12.295
-8.7049
33.519
32.758
32.406
-22.989
-18.107
33.771
80.385
82.08
8.6938
-3.4859
-19.966
56.59
62.281
55.641
-15.729
-85.266
-27.537
-53.309
-53.678
-60.875
-33.386
9.2832
-27.122
-7.6517
-3.6395
33.95
0.84843
56.502
102.2
30.192
31.388
52.736
-8.6549
-57.995
-6.8782
48.507
10.283
-60.574
-142.16
-65.745
4.712
50.475
74.949
-34.582
-86.761
-107.01
-43.716
-55.032
28.446
107.08
41.292
23.128
23.968
55.574
16.911
25.254
88.023
95.203
56.008
-14.965
-33.691
-38.632
-19.882
-0.46707
-31.56
-44.576
-40.14
-15.642
-31.656
-58.548
-28.356
-16.213
59.195
-16.831
-30.897
-3.1113
26.674
76.442
47.782
-13.031
-41.297
-27.631
-17.097
7.6104
-30.72
34.999
86.46
31.059
-42.779
-2.3078
5.1146
-8.6805
-30.109
34.982
15.433
-42.635
7.513
31.942
-57.702
-45.844
-31.69
-26.492
-11.298
19.455
14.781
56.915
37.403
24.689
65.628
33.182
-2.5574
-51.859
-12.038
15.404
55.993
30.339
-33.771
-32.159
-4.5631
-19.001
-78.096
-46.628
-47.941
-0.31494
0.70785
-18.284
13.861
48.868
31.28
-10.513
44.193
37.5
-2.2553
43.448
-3.8312
-42.143
-46.898
15.42
-21.21
-22.051
