NaN
NaN
NaN
NaN
NaN
NaN
NaN
-22.758
-7.4502
20.259
-20.955
-32.005
-11.956
-1.5576
-7.3448
-25.521
-37.981
-69.604
-67.715
-10.819
10.288
14.051
-19.718
-76.628
-16.628
45.899
53.987
75.534
62.486
5.5619
36.796
45.592
26.93
28.26
-9.5906
22.382
30.227
-36.106
-44.771
-28.801
12.288
-8.656
-6.3997
-19.312
-5.9866
-10.378
38.869
28.268
-43.004
-13.066
-19.538
-28.171
-16.982
123.67
NaN
NaN
NaN
NaN
NaN
NaN
-88.241
-44.311
-54.093
7.4294
16.095
82.544
59.099
42.011
33.917
2.9776
4.4785
21.636
-16.819
-28.404
-14.195
32.989
50.885
103.79
28.981
60.079
46.258
29.301
-1.6509
-84.134
-32.085
-54.699
-72.311
-120.84
31.569
4.2092
-5.3054
-62.472
-5.548
-5.1929
6.0608
-0.67964
-3.9282
12.961
43.98
51.508
27.034
1.8506
-19.438
-20.637
-29.573
-61.861
-41.444
-44.841
17.613
11.372
-21.512
6.1822
34.745
51.233
74.077
34.766
68.272
75.763
37.957
12.694
NaN
NaN
NaN
NaN
NaN
NaN
NaN
-49.394
-38.584
-66.714
-34.37
22.083
-2.2297
-11.825
-61.794
-119.25
-68.87
-53.887
-45.937
NaN
NaN
NaN
NaN
NaN
NaN
NaN
NaN
NaN
NaN
NaN
NaN
46.654
36.596
-30.44
30.659
-20.771
NaN
NaN
NaN
NaN
NaN
NaN
NaN
NaN
NaN
NaN
NaN
NaN
NaN
NaN
NaN
NaN
NaN
NaN
-45.724
-30.196
-7.0294
45.491
58.931
-18.419
-21.851
13.947
-0.52124
29.004
25.708
-0.2058
-4.4485
45.991
18.684
23.285
-0.022973
-1.7581
4.7596
-11.16
NaN
NaN
NaN
NaN
NaN
-60.62
-50.784
-3.2612
4.824
-15.907
NaN
NaN
NaN
NaN
NaN
-53.558
4.7007
-55.27
-39.553
-12.719
-30.643
-36.766
-45.032
-59.19
-59.802
-44.383
-7.2223
50.587
45.018
59.564
42.852
41.355
46.863
36.009
31.758
26.68
125.21
66.119
30.422
35.273
7.6039
-15.621
-43.168
-61.823
-88.533
-42.553
-52.888
-72.682
-41.557
-21.203
-13.089
14.859
11.689
-22.209
11.864
43.907
23.417
9.8684
18.683
29.717
2.885
-17.589
-28.761
-15.965
8.392
6.3533
-16.711
-22.324
46.705
3.0716
23.885
-2.9814
36.911
-18.706
4.6278
7.336
-6.7781
-15.375
39.411
NaN
NaN
NaN
NaN
NaN
-5.2862
15.154
1.451
-44.755
-74.696
2.545
29.842
70.474
15.624
0.019799
NaN
NaN
NaN
NaN
-19.12
-43.624
-50.245
-36.96
-57.75
-64.749
-10.695
25.588
41.101
9.2639
-15.625
15.677
-55.619
NaN
NaN
NaN
NaN
NaN
