NaN
NaN
NaN
NaN
NaN
NaN
NaN
6.389
33.91
10.158
15.72
-6.8719
-11.353
-35.719
-29.386
-27.638
-8.3536
-6.4119
-30.274
-68.269
0.91384
9.2852
-18.812
-6.1672
28.453
17.692
67.055
53.713
46.077
30.166
3.9452
-35.401
-9.2847
-9.2479
4.7633
12.23
12.471
-12.471
-9.5486
20.278
0.75567
-0.62415
-14.202
-7.3928
13.665
40.635
5.3726
-31.359
5.2831
-7.7321
5.4632
-3.3712
-23.406
-90.116
NaN
NaN
NaN
NaN
NaN
NaN
8.8503
-23.712
-0.99536
-1.8959
21.529
7.6097
17.565
10.879
21.227
4.9895
11.538
-26.168
-11.149
20.421
2.657
1.1426
44.9
65.341
-0.64664
12.591
15.675
18.29
17.832
-26.582
-35.29
-20.136
-15.676
-29.729
-29.432
-18.554
-9.1803
-6.6617
-7.9872
-6.0422
7.4626
0.27004
-8.5529
-10.811
8.5934
14.25
13.82
29.959
26.665
-0.30278
23.655
15.311
0.38888
-18.088
-15.283
-27.335
-26.884
-3.5856
-17.821
11.84
-34.016
3.6874
16.996
49.79
41.558
50.677
NaN
NaN
NaN
NaN
NaN
NaN
NaN
39.078
23.737
29.255
19.86
17.391
25.924
8.0313
-21.465
-14.46
-19.001
-9.7705
12.826
NaN
NaN
NaN
NaN
NaN
NaN
NaN
NaN
NaN
NaN
NaN
NaN
-39.288
-29.846
-35.104
4.4879
27.772
NaN
NaN
NaN
NaN
NaN
NaN
NaN
NaN
NaN
NaN
NaN
NaN
NaN
NaN
NaN
NaN
NaN
NaN
-22.703
-28.366
-2.1567
-13.061
-56.767
-7.8617
2.592
5.9791
39.874
33.33
-35.089
-15.563
-4.3172
12.185
19.535
44.63
46.992
30.031
27.334
17.458
NaN
NaN
NaN
NaN
NaN
16.149
36.933
30.7
50.577
-0.77398
NaN
NaN
NaN
NaN
NaN
11.07
7.4432
7.4322
-9.1788
-6.2127
-20.324
-12.181
-40.366
-28.712
-43.729
-41.103
-7.2293
-0.70516
-3.896
14.33
-6.8526
0.11391
1.0712
21.831
55.373
54.779
48.365
21.185
14.898
40.497
-3.222
-27.935
-6.919
-40.423
-23.345
-16.334
-12.738
-25.496
-22.457
5.9273
17.614
-8.5087
-14.947
1.3576
4.9313
4.8979
4.0421
-0.56021
9.4011
-6.1639
13.583
20.353
-8.3827
-27.513
-16.116
-3.8202
6.4066
-18.237
-17.657
-24.912
-8.4379
-12.262
6.0441
27.632
39.707
7.8196
18.373
48.106
26.241
NaN
NaN
NaN
NaN
NaN
14.893
-24.002
3.1383
-31.293
-29.458
-33.049
-2.9458
-17.8
-2.0744
-24.593
NaN
NaN
NaN
NaN
-20.135
-18.659
33.279
30.966
2.6646
29.978
6.9297
35.103
24.569
38.68
27.466
18.759
36.13
NaN
NaN
NaN
NaN
NaN
