37.168
29.401
53.165
51.814
118.99
55.929
-3.6298
-15.773
-3.0301
33.178
48.831
NaN
NaN
NaN
NaN
NaN
-61.262
-201.65
-87.75
-38.428
6.6433
36.003
18.265
4.1064
15.781
NaN
NaN
NaN
NaN
NaN
NaN
NaN
NaN
NaN
NaN
27.303
13.901
-28.946
29.477
43.443
46.242
34.72
-5.9331
-30.63
-22.705
-12.516
-10.741
18.216
0.72103
42.613
41.186
49.291
-10.233
-61.525
-45.232
-38.828
NaN
NaN
NaN
NaN
NaN
13.759
30.215
10.649
6.0711
-33.032
17.019
56.876
22.138
18.008
-22.572
-53.943
-71.69
-66.323
-75.679
-91.314
-102.04
-116.02
-63.199
-49.656
-20.732
54.924
93.888
77.534
129.93
95.192
31.997
-18.973
-22.543
-20.944
-31.604
-15.037
26.778
21.976
29.488
21.512
19.46
33.331
44.643
52.811
17.778
36.554
19.538
-36.139
13.996
-20.506
-18.739
-87.854
-17.433
NaN
NaN
NaN
NaN
NaN
NaN
NaN
NaN
NaN
NaN
NaN
-1.5622
27.617
25.207
24.257
-18.625
-6.716
-6.0815
-28.018
-43.924
NaN
NaN
NaN
NaN
NaN
NaN
NaN
NaN
NaN
NaN
NaN
NaN
NaN
NaN
NaN
NaN
NaN
NaN
NaN
NaN
NaN
-7.6374
9.4965
34.668
37.815
8.6882
-25.37
NaN
NaN
NaN
NaN
NaN
NaN
NaN
NaN
NaN
NaN
NaN
NaN
NaN
NaN
NaN
NaN
NaN
NaN
NaN
NaN
NaN
NaN
NaN
NaN
NaN
NaN
NaN
NaN
NaN
NaN
NaN
NaN
NaN
NaN
-1.3154
0.9536
17.355
71.797
62.895
45.627
56.372
70.539
88.218
64.297
26.016
-58.052
NaN
NaN
NaN
NaN
-44.808
-17.227
-30.377
0.068793
51.484
20.224
-27.747
7.7055
26.214
44.344
47.379
NaN
NaN
NaN
NaN
-51.292
-46.576
-40.324
26.124
16.061
34.249
29.429
-3.4312
-68.552
NaN
NaN
NaN
NaN
NaN
NaN
NaN
NaN
NaN
NaN
NaN
NaN
NaN
NaN
NaN
NaN
NaN
NaN
-13.612
-64.658
-59.463
-50.726
-43.441
-48.967
-9.0954
-16.988
8.6233
-1.0908
-11.087
3.0474
-69.696
-42.468
-56.912
-23.795
-26.557
-5.4263
-8.5123
-7.5634
-4.6887
-16.519
22.467
25.951
27.955
19.018
32.265
13.951
17.541
NaN
NaN
NaN
NaN
NaN
NaN
-8.965
-20.469
-26.573
84.639
-136.21
NaN
NaN
NaN
NaN
-24.384
-38.696
31.801
68.632
65.402
54.8
0.4722
-5.3204
9.7696
31.32
46.109
NaN
NaN
NaN
NaN
NaN
NaN
NaN
NaN
8.535
-2.9667
31.624
21.059
27.731
-6.4156
-35.211
-12.382
-19.591
-18.495
-36.114
-56.056
-24.251
-26.177
NaN
NaN
NaN
NaN
-31.155
-17.465
-18.946
-60.398
-29.972
24.913
52.82
42.955
36.593
-4.1433
