NaN
NaN
NaN
NaN
NaN
NaN
NaN
-12.649
25.45
50.36
47.478
17.814
38.04
3.9341
18.287
32.939
47.959
-45.955
-102.91
-102.99
-29.225
-28.122
-102.88
-104.85
-44.071
-43.523
2.3832
-0.4952
90.775
51.825
102.63
51.807
30.469
-59.271
-36.668
-12.529
5.3339
4.5474
-2.6289
-8.0989
-9.9763
51.978
18.54
74.063
54.829
13.846
62.008
-2.56
-49.993
18.289
-12.975
-19.42
-12.726
33.013
NaN
NaN
NaN
NaN
NaN
NaN
-50.879
-30.096
-68.123
-21.137
15.9
-12.383
-14.471
-1.0915
-23.87
-56.35
30.756
47.755
67.843
30.254
30.48
-9.7964
53.2
-31.98
0.13615
27.11
79.601
13.526
-13.86
-109.51
-9.1199
-84.303
-16.097
-37.37
64.412
66.523
19.442
26.8
26.378
52.524
42.563
49.866
44.061
61.576
-24.106
8.7442
-73.242
-30.518
-56.447
-33.824
-84.618
-117.84
-74.344
-14.578
28.134
25.503
-46.305
-15.473
41.722
43.662
81.465
23.155
3.1262
41.791
39.425
51.916
NaN
NaN
NaN
NaN
NaN
NaN
NaN
27.03
87.862
101.68
96.217
76.275
86.681
26.057
39.554
-33.337
55.461
-79.675
-176.59
NaN
NaN
NaN
NaN
NaN
NaN
NaN
NaN
NaN
NaN
NaN
NaN
174.56
21.127
-57.225
-19.186
-99.985
NaN
NaN
NaN
NaN
NaN
NaN
NaN
NaN
NaN
NaN
NaN
NaN
NaN
NaN
NaN
NaN
NaN
NaN
-24.468
-22.518
-14.082
-128.29
-53.696
-70.402
-50.223
-7.6082
28.507
-32.244
21.445
-33.004
23.125
6.0375
24.945
64.211
104.11
40.97
36.804
35.52
NaN
NaN
NaN
NaN
NaN
-12.125
9.3519
17.096
-40.684
-129.16
NaN
NaN
NaN
NaN
NaN
16.989
-36.888
-38.291
-62.02
-28.246
-2.9764
8.9328
33.386
47.931
17.96
37.083
-17.968
16.266
15.264
29.115
47.554
63.383
50.779
42.354
8.2769
3.6786
26.051
26.309
-43.378
-43.881
-31.399
-58.57
-70.658
-93.921
-88.838
-51.712
-11.41
-28.354
-18.632
33.983
40.091
60.505
82.611
34.013
-33.925
-30.645
4.9951
21.324
-12.949
41.211
33.367
26.561
32.115
5.5862
-22.333
-19.59
-7.0107
-24.755
86.684
55.704
-31.368
-43.723
-11.36
3.5673
12.576
-40.095
9.4217
-5.4777
-15.734
NaN
NaN
NaN
NaN
NaN
-25.437
39.522
5.052
43.619
-10.176
33.052
-0.42679
128.63
88.034
114.45
NaN
NaN
NaN
NaN
-61.135
-86.528
-161.77
-55.26
-44.783
-58.2
14.117
13.677
94.292
-40.158
-11.632
-8.8848
45.172
NaN
NaN
NaN
NaN
NaN
