-16.809
32.121
58.415
52.174
-26.141
-94.892
-3.9974
107.47
124.55
-52.955
-128.96
-27.582
-6.9428
28.422
45.518
50.071
11.137
25.96
36.183
-14.347
49.968
-6.7828
1.3631
-41.094
-15.37
-34.349
27.915
-18.433
-52.74
-76.289
-27.177
-47.407
-28.256
-49.328
-31.563
-16.828
13.176
71.454
41.208
11.724
-13.183
42.979
41.263
24.829
54.852
-41.509
10.309
50.341
53.993
18.284
40.324
8.7753
2.5778
-26.787
1.4624
-42.206
-23.471
-31.072
-63.511
-1.9404
38.674
7.9245
-1.6796
-25.239
1.4715
-1.3495
-5.7797
NaN
NaN
NaN
NaN
-72.045
-48.437
45.273
-34.283
10.362
18.592
59.666
7.3911
50.39
8.1396
8.5953
-16.361
14.176
8.5485
25.696
10.785
-13.111
-1.313
-51.182
30.322
NaN
NaN
NaN
NaN
47.939
-3.9393
-10.993
-17.944
57.655
54.817
16.762
-14.683
-24.988
4.0876
7.4268
18.056
-37.475
-62.99
-63.413
-95.362
-76.522
-19.659
38.043
25.994
70.592
-41.028
-9.1452
23.712
44.166
-3.5975
31.943
62.035
66.003
36.72
-33.682
-9.4817
-48.052
-45.746
22.098
10.199
20.427
-2.7871
50.988
37.895
8.2041
-61
3.4164
-4.1181
-9.8879
NaN
NaN
NaN
NaN
26.823
16.02
40.554
23.405
1.225
11.148
-57.847
-13.452
2.6296
-44.807
35.326
-25.422
20.724
51.021
17.005
2.7748
-22.502
11.741
8.1888
41.37
NaN
NaN
NaN
NaN
NaN
-50.177
0.97624
-47.858
-51.688
-13.013
-11.621
17.669
9.0484
14.014
44.912
87.255
75.997
46.65
80.939
51.576
37.679
-39.632
-66.398
-69.233
-69.816
-60.877
-48.593
-49.125
-15.05
19.097
-36.763
0.43085
48.042
42.791
NaN
NaN
NaN
NaN
21.185
43.788
-4.253
78.434
38.819
53.564
-16.186
-16.38
-29.528
16.544
-25.005
-24.25
20.267
-8.6788
-33.779
8.2576
-3.2029
-2.6766
-21.535
-56.911
30.597
NaN
NaN
NaN
NaN
38.17
21.373
-27.547
-29.255
39.008
45.425
33.472
17.726
31.629
15.107
-0.42536
11.633
NaN
NaN
NaN
NaN
NaN
NaN
NaN
-47.266
21.824
23.558
36.867
16.194
-41.805
-18.888
19.325
-15.391
