NaN
NaN
NaN
NaN
NaN
NaN
NaN
9.1145
53.07
43.342
7.7647
12.423
-21.365
-38.82
-24.569
-20.429
0.083869
-24.556
-50.182
-76.08
-13.504
33.606
61.153
-16.07
28.959
26.267
82.666
82.341
71.65
41.946
5.0611
-34.283
-40.212
-27.174
5.218
7.0696
19.405
32.004
-16.913
-2.8052
2.2731
-55.588
-54.664
-17.799
1.9488
33.481
-0.26998
-30.373
-23.587
-26.162
-28.594
5.9349
44.994
31.665
NaN
NaN
NaN
NaN
NaN
NaN
38.06
-14.211
-26.518
-40.945
15.638
-10.083
-5.0883
-0.59486
8.693
36.645
7.7566
-34.071
-5.2169
29.336
15.601
22.488
97.329
65.09
17.639
24.594
-1.4817
-3.9412
-0.58778
-19.804
-7.995
-31.059
-15.392
-41.612
-73.611
-39.098
-12.361
-38.96
-29.905
-13.781
10.651
-5.9659
-15.55
-5.8026
-13.897
87.974
30.058
32.546
16.655
20.891
24.365
35.74
22.23
-9.4788
-17.028
-44.418
-46.142
-4.8784
-40.914
-24.364
-59.868
28.56
33.482
29.486
31.445
74.76
NaN
NaN
NaN
NaN
NaN
NaN
NaN
22.527
47.12
-7.1602
-21.343
-10.631
11.305
2.644
9.8212
-31.898
-50.157
-52.17
38.289
NaN
NaN
NaN
NaN
NaN
NaN
NaN
NaN
NaN
NaN
NaN
NaN
-132.63
75.761
-6.2214
-17.898
35.904
NaN
NaN
NaN
NaN
NaN
NaN
NaN
NaN
NaN
NaN
NaN
NaN
NaN
NaN
NaN
NaN
NaN
NaN
-42.064
-73.418
-31.877
-5.5848
-1.5683
-58.159
-35.769
0.65993
42.181
2.0578
10.125
-25.084
-1.6013
9.0329
14.892
50.118
37.181
37.331
21.898
29.244
NaN
NaN
NaN
NaN
NaN
9.3901
14.263
19.926
72.285
27.813
NaN
NaN
NaN
NaN
NaN
42.346
48.786
17.173
19.515
-14.552
-41.227
-49.088
-59.131
-62.824
-57.653
-69.033
-5.2672
12.746
-6.9987
0.907
-62.225
-13.556
13.046
45.248
108.92
36.371
50.574
50.432
49.079
5.6059
10.618
-5.0016
3.6999
-38.744
-29.911
0.73094
-12.285
5.4341
-49.085
-9.2977
-17.06
-6.5633
-8.5808
44.214
-10.733
5.8284
-10.297
2.4495
-28.101
-22.614
-3.8355
-14.34
-11.147
-15.962
31.969
29.032
-13.133
-50.456
-16.897
7.3672
11.834
60.889
47.077
34.187
25.277
12.643
-13.801
25.987
33.903
NaN
NaN
NaN
NaN
NaN
-6.7281
-33.577
0.294
2.5911
-25.703
-29.479
22.389
11.689
12.482
-63.985
NaN
NaN
NaN
NaN
-33.635
-16.256
29.967
41.866
15.7
-21.962
-18.623
25.181
73.498
82.033
75.546
60.418
83.025
NaN
NaN
NaN
NaN
NaN
