30.858
-25.48
-45.311
-2.8628
35.221
30.141
38.194
44.221
-35.79
32.19
-41.823
-26.785
-7.4634
-21.067
-60.8
-36.153
NaN
NaN
NaN
NaN
NaN
NaN
56.326
22.15
-44.321
27.632
-5.92
-10.503
-7.6685
NaN
NaN
NaN
NaN
NaN
NaN
NaN
NaN
NaN
NaN
NaN
NaN
5.9651
-40.389
-29.832
17.01
31.278
21.242
6.4948
-14.205
-9.7837
0.017365
0.28044
-38.387
-13.552
22.264
24.468
NaN
NaN
NaN
NaN
NaN
-65.759
-29.995
-20.453
38.705
41.112
25.38
1.5942
-25.882
-26.423
-18.645
7.1566
37.734
48.819
32.812
26.114
15.94
49.96
NaN
NaN
NaN
NaN
NaN
NaN
NaN
NaN
NaN
NaN
NaN
NaN
NaN
-28.258
-5.0739
22.122
11.025
5.6568
18.749
-5.8272
12.427
-23.342
33.454
45.865
6.1957
-36.855
-17.532
-33.263
8.8458
33.986
11.508
-19.981
10.738
17.399
-4.0116
-8.1321
-6.3671
18.889
24.868
56.269
-3.316
3.1765
-4.4317
-34.554
-24.978
-19.203
11.696
36.045
-23.302
-20.167
-21.869
-16.658
4.3301
15.925
-4.2364
-34.09
-64.635
2.5034
6.0499
-3.259
-27.145
NaN
NaN
NaN
NaN
NaN
NaN
-29.45
-30.23
20.599
40.979
17.855
8.6986
72.539
30.113
6.1376
NaN
NaN
NaN
NaN
11.558
-36.066
15.79
20.766
20.411
7.7306
-12.76
-39.355
-41.108
-44.344
4.8946
-32.278
-22.137
NaN
NaN
NaN
NaN
NaN
NaN
-47.513
-9.2968
4.5201
29.064
45.973
6.9551
NaN
NaN
NaN
NaN
NaN
NaN
NaN
NaN
NaN
NaN
NaN
NaN
NaN
NaN
NaN
NaN
NaN
NaN
NaN
NaN
NaN
NaN
NaN
NaN
NaN
NaN
12.839
10.612
17.442
24.851
-5.8787
24.69
23.681
24.386
38.791
38.266
5.5453
13.94
-5.8795
2.9291
-4.7854
5.4496
-18.71
-1.9577
-52.492
-24.78
NaN
NaN
NaN
NaN
NaN
NaN
-26.133
-3.6457
6.515
-13.57
6.4505
-24.875
19.316
47.715
29.107
29.281
32.531
34.538
-1.7362
20.646
2.0621
6.7468
37.687
4.2991
-75.397
-89.716
-22.07
-25.182
-38.903
-21.681
-0.44753
-62.459
-25.129
7.9898
19.182
45.868
27.664
-7.9748
-11.062
-20.151
-3.535
18.341
49.875
89.607
22.586
11.436
-42.536
2.7751
7.9236
26.684
9.3341
40.826
-0.44618
-4.2237
4.4156
-48.542
-34.032
-52.67
14.991
17.729
-3.833
-54.748
-13.798
19.645
44.892
61.461
35.464
-20.947
-70.55
-76.012
-76.762
-29.011
24.206
55.414
17.717
-2.2009
8.3049
21.915
NaN
NaN
NaN
NaN
-10.191
-18.87
-6.0415
-23.493
18.428
-14.568
-31.091
-40.794
-8.8183
-28.435
13.684
1.6843
-4.1923
NaN
NaN
NaN
NaN
-9.4823
5.237
31.61
40.888
41.738
4.8455
14.044
NaN
NaN
NaN
NaN
NaN
NaN
NaN
NaN
2.8573
-1.1613
11.597
17.265
41.252
-14.054
19.226
-5.7713
-21.446
NaN
NaN
NaN
NaN
NaN
NaN
NaN
NaN
-23.24
-12.446
42.075
40.398
36.798
1.8948
-8.6229
6.2387
11.101
NaN
NaN
NaN
NaN
