-96.289
-42.774
57.142
24.157
48.612
23.697
73.159
1.619
63.475
-34.309
-20.009
-37.979
1.9654
-38.442
20.824
-11.674
NaN
NaN
NaN
NaN
NaN
NaN
15.863
-27.586
43.266
29.358
-15.799
-6.2086
-0.062317
NaN
NaN
NaN
NaN
NaN
NaN
NaN
NaN
NaN
NaN
NaN
NaN
5.062
-39.199
-7.719
29.291
24.32
0.20108
-45.721
-0.036812
-66.212
-7.8227
-28.821
-31.27
-75.743
-11.685
-9.332
NaN
NaN
NaN
NaN
NaN
-25.011
-4.317
34.65
55.432
29.91
19.014
10.751
72.983
50.995
56.772
-8.9596
-34.955
-52.671
3.532
-41.428
5.1541
8.5702
NaN
NaN
NaN
NaN
NaN
NaN
NaN
NaN
NaN
NaN
NaN
NaN
NaN
-35.89
-25.987
-0.58521
-27.515
3.5995
-0.03745
6.1408
-22.066
1.5461
29.622
28.392
-33.404
3.6681
-14.644
-14.068
15.27
23.727
-0.34749
-16.043
31.263
-6.3457
29.197
16.677
53.653
-2.3078
-8.8532
-43.478
-30.411
5.9155
79.384
-24.656
-0.17065
66.79
13.128
-38.265
-59.631
-62.578
25.862
-21.505
8.5127
4.4592
-23.485
-23.192
-5.1292
14.551
32.43
9.608
-51.723
NaN
NaN
NaN
NaN
NaN
NaN
-11.432
-29.968
18.457
-38.676
2.5793
7.5007
25.428
-19.181
3.9774
NaN
NaN
NaN
NaN
24.945
-28.73
18.193
48.314
32.35
-10.362
-22.498
-29.272
-3.4202
-14.999
-16.652
-5.5511
-43.757
NaN
NaN
NaN
NaN
NaN
NaN
-57.994
13.232
-41.017
-13.63
-27.108
7.7078
NaN
NaN
NaN
NaN
NaN
NaN
NaN
NaN
NaN
NaN
NaN
NaN
NaN
NaN
NaN
NaN
NaN
NaN
NaN
NaN
NaN
NaN
NaN
NaN
NaN
NaN
29.252
12.27
8.0676
-5.7296
27.623
-32.849
16.474
-19.685
19.442
-37.21
-21.946
-21.939
5.0232
-31.984
16.526
5.1953
-7.4238
-31.254
-31.058
-3.8936
NaN
NaN
NaN
NaN
NaN
NaN
7.1794
-38.104
-26.551
-30.855
31.515
0.41805
-3.8436
-20.59
15.371
18.252
4.6701
-2.6779
-3.6767
20.716
-11.889
21.626
34.164
-24.069
-33.662
0.82127
-26.197
118.95
14.347
-46.339
-52.824
-44.677
11.851
28.663
-12.955
-6.0226
-46.657
-6.8468
-24.822
1.1566
-48.212
-13.664
11.089
10.148
-42.88
14.104
26.753
22.297
14.773
51.477
55.245
55.24
-17.834
-4.8263
11.948
26.732
62.187
17.455
30.837
-27.84
-39.914
21.41
2.638
-26.479
8.6999
-26.838
-6.336
-24.884
-30.102
-81.901
-37.636
-19.195
-55.902
-10.09
-37.901
-8.974
-11.577
47.929
NaN
NaN
NaN
NaN
26.158
58.524
57.172
62.508
50.641
20.099
-14.712
59.141
11.092
19.217
-3.3554
21.866
26.632
NaN
NaN
NaN
NaN
-13.933
-54.447
1.1317
31.374
-14.047
-11.936
-72.686
NaN
NaN
NaN
NaN
NaN
NaN
NaN
NaN
-22.559
7.6801
-4.6454
55.722
-19.502
15.322
-17.565
-7.6024
25.399
NaN
NaN
NaN
NaN
NaN
NaN
NaN
NaN
-19.524
-18.331
11.237
-11.049
9.0449
-12.579
-12.921
-32.437
-2.7348
NaN
NaN
NaN
NaN
