6.3623
17.606
4.2578
-10.786
27.506
12.703
-23.47
-42.64
-25.193
-13.112
15.742
15.834
30.773
19.104
-5.4369
14.995
-11.774
-49.237
-14.844
35.339
9.4312
-12.411
8.3018
25.529
27.497
1.4641
14.314
-37.289
-31.976
-58.208
-13.594
-17.746
-14.966
-25.357
-33.569
20.582
9.9779
13.975
0.94737
18.603
6.6476
40.574
23.717
36.441
8.1069
-2.4138
31.466
15.824
49.655
-5.6201
12.288
13.761
-10.103
-1.8
-30.021
-57.408
-34.538
17.906
-14.668
-5.9864
-15.729
-28.497
-6.6657
-5.9435
8.4298
-41.552
-21.613
8.9957
35.532
16.86
-13.781
-47.25
18.044
16.456
31.573
43.603
74.24
12.529
-33.708
-33.301
-47.246
17.525
-25.756
7.103
-10.52
30.477
11.921
37.949
11.42
-4.1906
-29.792
-2.0532
-19.495
-18.262
-19.25
-17.542
5.6071
16.585
17.156
-0.65951
-40.422
-0.69197
26.398
68.824
59.06
24.223
-26.029
-9.3642
5.9452
-25.378
-2.478
-19.972
-35.002
-44.472
-28.546
-2.5462
-30.344
1.5762
10.869
44.444
23.8
14.758
3.6011
-37.933
-25.622
-4.4766
-18.16
7.987
2.3518
5.5272
35.054
37.237
18.143
-22.353
-24.046
1.4416
40.355
32.663
-4.5361
-1.9227
-16.29
-9.9188
40.039
12.301
7.4964
3.2979
-3.7331
-24.32
-21.298
-37.571
21.784
16.655
-5.8938
-5.2455
-14.86
15.102
15.273
NaN
NaN
NaN
NaN
0.12942
-14.053
32.031
53.548
-1.476
-17.242
38.023
12.183
7.6042
-15.312
-1.1538
-19.525
-13.603
30.745
25.365
33.163
5.329
-6.5816
44.414
26.292
-29.414
-8.3933
-9.963
-2.3606
7.4998
-21.072
-32.688
-32.836
0.16064
-6.5822
32.032
16.267
1.0513
3.7117
-14.913
-13.255
-16.781
26.785
9.2561
13.335
-3.464
-12.88
19.18
24.293
21.76
NaN
NaN
NaN
NaN
-27.922
-31.982
-27.291
6.734
3.7854
45.249
23.852
28.833
-4.2946
0.13199
41.362
2.1705
4.4395
0.48589
34.293
-38.514
-0.87929
16.763
10.004
15.258
19.326
13.053
4.4265
7.4583
9.0198
2.099
-0.14171
-22.843
-52.813
7.3879
-18.917
5.0391
-22.531
-30.921
-41.371
-9.1573
-5.4615
-10.845
-6.8517
-5.2226
8.5707
23.949
18.45
2.0071
-22.4
32.137
28.88
41.257
35.095
-40.588
-77.686
3.0855
2.8871
18.286
19.76
-14.233
26.514
52.037
39.218
-13.176
-17.729
3.3107
15.072
-8.3976
-30.457
10.625
0.59151
-0.6707
-14.083
-27.864
35.516
7.3526
6.2099
-16.404
-24.629
-29.138
-37.159
16.81
-18.626
0.030797
9.4855
-33.911
22.93
0.49049
-5.1802
-22.635
-6.4988
38.65
34.799
-40.011
-13.196
15.98
47.064
51.255
24.604
-15.223
-32.9
-18.107
-6.2278
6.6534
