38.122
20.17
38.677
-2.2962
3.3438
18.954
12.156
-9.92
30.13
-6.8782
53.98
22.933
-4.0719
10.503
-18.457
-17.677
-4.5402
-11.972
-19.52
14.032
13.748
0.093862
-65.153
-15.17
-0.77174
-25.918
1.9078
-13.141
-35.836
18.524
-21.413
18.643
10.526
-11.875
-30.257
10.337
14.476
8.3849
-8.9871
-17.962
-7.1695
-17.588
-33.845
3.7973
8.3717
22.911
23.481
68.987
11.11
49.051
NaN
NaN
NaN
NaN
-22.719
3.552
10.023
3.3092
14.699
-31.522
-70.431
-56.11
-19.352
-15.28
27.166
33.027
14.744
-32.423
-9.9411
2.6506
-40.503
-23.887
-52.221
14.978
5.6636
24.683
11.132
-32.087
-29.54
-9.2568
-2.6034
-9.2703
-11.301
34.331
20.179
-2.4224
8.5908
-21.192
49.22
17.562
14.69
26.57
2.235
40.603
6.2345
50.549
35.556
8.1842
11.574
43.512
45.438
NaN
NaN
NaN
NaN
NaN
-37.133
-0.82082
-14.7
35.459
-34.667
-11.103
-0.67594
-26.321
-19.626
-6.2081
11.134
-29.235
29.733
-21.866
62.054
-0.12232
-17.262
19.351
-21.058
-18.631
-14.487
12.505
69.026
25.73
34.81
22.253
64.379
-30.527
-16.019
25.307
-1.0281
31.954
-0.19259
19.879
-35.688
-13.131
-61.221
-27.916
-29.344
-20.054
25.085
44.566
45.73
39.791
22.479
-24.054
NaN
NaN
NaN
NaN
-28.991
16.467
15.335
-7.9399
63.272
24.564
13.547
26.024
-32.524
5.9867
-1.0933
20.566
18.257
18.866
-12.487
38.28
33.947
-8.167
-29.954
-15
-54.247
-4.3852
-4.6201
-18.027
11.861
33.803
60.46
8.4038
6.7083
-5.4949
-23.267
-9.7371
-37.908
-46.68
-0.10728
18.141
-10.322
-23.776
-0.27647
59.034
9.1838
62.59
76.149
47.557
51.411
-76.324
-82.551
-79.249
-19.79
-32.067
8.6995
-16.636
-44.65
18.964
-14.634
3.4577
-25.736
-16.276
48.577
9.2337
-29.635
47.213
15.302
-10.977
0.50128
-8.5047
38.794
81.358
30.742
-17.298
26.589
-45.266
21.307
14.384
-2.555
13.991
11.122
5.1163
-20.969
-33.215
47.053
-24.566
-16.314
-9.5675
-22.61
-1.7387
-15.764
-62.87
22.013
4.4292
-52.471
-29.299
9.8485
20.586
47.822
-38.83
-3.6673
-27.198
-14.97
14.276
3.8627
32.419
25.167
31.495
-44.235
38.599
-6.0249
24.17
23.347
-24.001
-19.925
-3.0765
1.623
5.7598
79.062
4.2362
25.697
-10.716
5.8218
-29.403
15.692
-34.28
6.2341
17.631
9.8187
-23.363
16.192
-24.122
35.425
-29.645
-39.697
-52.142
-16.679
-35.872
7.6059
-6.9277
35.995
42.717
-32.196
42.466
-56.1
-18.38
-66.606
-3.2067
-9.5282
52.57
-4.8484
8.1097
