-24.211
25.516
-2.5883
12.462
36.187
3.4576
21.33
-46.722
14.571
19.538
11.485
10.561
-26.131
28.925
21.16
24.235
26.253
4.9249
13.414
56.545
27.974
-8.7376
-6.7126
-41.451
-55.474
-35.754
16.042
-9.6295
-1.1963
-38.192
-25.399
-44.298
-29.128
-12.833
13.431
17.405
36.427
11.4
-23.579
34.406
25.776
28.782
22.626
-1.9981
-32.075
-40.693
-13.459
13.59
41.364
-5.1173
2.3038
0.14972
17.181
19.557
2.9441
18.294
-9.8795
3.0473
-22.376
-12.019
-17.637
-1.972
19.564
2.9476
-24.182
-37.591
6.1926
23.801
41.731
25.05
-25.201
-48.653
-49.326
-1.2861
33.156
54.996
63.84
1.5729
-74.405
-29.42
-26.33
11.085
-20.294
0.84929
-18.451
1.9315
6.2978
44.598
26.042
-15.865
-2.0228
53.093
-16.583
1.3679
17.397
14.589
-47.209
-47.909
15.399
-5.088
6.9475
-21.881
-12.559
29.417
9.2933
16.302
12.321
34.156
20.522
27.991
11.865
-38.513
4.7749
-23.845
-25.303
19.289
-32.219
-50.476
-47.82
-6.7849
23.304
26.795
-1.1913
-4.8857
-37.891
-0.38071
-26.6
43.248
67.609
27.363
10.124
16.496
-8.6416
-50.016
-36.933
-29.444
24.228
69.88
28.429
27.35
-18.202
-34.833
10.135
-23.644
23.217
19.07
19.503
-20.18
-20.367
-21.395
-4.701
-4.8356
2.8422
-12.042
-50.065
-8.1545
46.96
NaN
NaN
NaN
NaN
7.943
-35.15
-9.3886
28.108
-36.998
-59.787
19.499
5.0837
49.965
35.396
-18.729
-12.951
-10.14
15.756
39.669
69.973
50.771
-7.0252
25.122
-2.4737
-64.917
-27.631
-6.1532
-8.6076
-29.155
-27.909
-15.289
-16.876
-5.1111
-3.4033
50.045
22.343
-14.547
2.4496
5.0302
-46.816
-35.201
2.5631
4.2926
-4.8515
-33.382
-1.8566
46.099
40.144
89.399
NaN
NaN
NaN
NaN
-5.8991
-9.8954
-2.9381
34.04
-32.888
-15.996
-17.209
-16.158
-19.552
6.1867
11.143
-41.352
10.169
13.624
39.544
21.557
-21.332
-24.502
-16.201
42.943
13.492
-13.056
-53.531
-23.969
-0.63527
8.3064
52.213
6.5313
7.1948
5.4884
-13.089
13.45
-5.0142
-6.2519
-18.861
-21.842
-7.5691
18.539
28.701
-19.271
2.4591
28.381
-10.098
-13.868
-43.882
10.68
34.119
44.734
62.969
-24.188
-91.901
4.0412
16.065
6.8732
51.542
43.982
-26.722
-14.071
10.798
-46.328
-42.334
-43.658
-3.869
-0.0048696
12.16
-4.0186
-43.753
-34.433
-17.689
5.6179
38.008
23.387
55.282
5.5605
32.819
38.165
-35.56
1.5777
5.101
12.284
10.835
-17.801
20.705
5.1235
1.0596
1.3176
15.583
49.107
45.984
0.2652
-34.931
-93.182
-43.415
-33.695
-11.444
-20.004
-19.244
8.2539
-17.693
1.7922
