-18.427
15.611
-40.245
-4.4702
28
48.312
68.121
64.278
32.072
-26.115
-10.071
38.442
32.626
-53.175
-89.425
-48.725
-18.644
6.1846
-6.504
14.758
-6.1432
13.951
33.773
32.311
4.0421
-11.044
-8.831
-23.933
-12.324
-23.031
-35.542
-28.87
-16.015
7.3016
20.05
18.47
25.602
28.83
16.303
30.251
28.059
-0.71458
-29.058
-13.345
-44.061
-26.265
-34.447
16.545
31.748
23.573
10.113
16.463
0.20597
-36.234
11.468
-27.612
6.8947
32.438
23.946
47.421
40.029
14.54
-21.408
-24.031
-30.338
-21.516
25.61
-3.4851
1.9401
-0.59525
-19.267
-49.511
-48.646
-16.406
13.554
7.574
-1.7127
1.8863
-10.607
19.626
-3.4102
-38.738
-18.046
10.427
21.489
19.504
-14.359
-38.116
13.507
7.5152
-4.0373
2.1738
-1.4858
35.173
57.51
72.083
111.5
103.93
35.67
-57.388
-51.342
-26.913
-33.419
-19.775
-38.078
-11.461
-33.508
-24.848
-42.29
-30.802
-35.393
-41.687
-24.739
-3.9649
23.493
-20.219
-24.945
-2.5551
5.128
13.304
51.334
26.099
43.429
-6.4224
-22.079
-9.1335
9.87
29.301
14.923
39.566
63.482
59.462
32.729
-11.027
-34.4
-36.662
10.125
3.2053
-14.079
3.1887
23.772
-22.749
-9.0572
-36.996
-4.9347
-6.7182
-17.214
-35.908
-17.008
-25.546
-36.782
-34.974
-7.7392
7.8424
18.001
-13.613
-4.1074
18.092
17.645
27.721
20.751
16.537
5.7499
1.6453
-8.4319
27.015
44.941
50.048
-26.192
-28.912
4.9385
-3.6535
-8.9335
9.5562
-7.3093
8.5701
33.018
-24.464
-14.421
9.1318
-9.0995
-25.308
-15.281
-17.968
-9.6364
37.73
25.436
5.9598
-23.444
-12.311
-27.446
-8.4462
28.6
15.399
-8.8141
-11.148
13.606
4.5312
-40.226
-28.477
-15.315
5.5975
-13.43
30.837
34.341
11.542
-11.972
1.8404
12.056
2.1016
-24.258
-12.569
3.1588
20.61
18.205
34.768
9.7985
-19.579
14.079
2.7102
-1.4189
17.698
-6.1303
-7.443
-16.014
1.513
-3.7974
-21.429
3.0109
-3.914
-2.7161
-15.768
7.5662
27.154
-0.70549
-10.002
6.4911
-24.946
-17.952
-28.802
-38.398
-7.9279
36.397
49.968
27.366
19.139
22.594
-1.5621
-23.59
-28.214
-43.879
-23.925
13.164
14.484
-21.427
