6.8921
-0.90522
1.8297
-4.3484
21.768
28.216
19.303
13.154
-11.8
10.697
27.254
21.585
22.06
-35.188
-58.835
-49.429
-23.997
1.5084
20.61
-32.174
-6.6199
-28.099
9.9003
38.398
34.335
-11.916
-2.1316
-12.364
-14.988
3.0677
13.301
-12.088
16.024
-13.32
-18.109
11.369
33.6
22.625
30.331
43.282
23.566
27.298
18.508
-2.6733
-42.65
-30.913
-28.161
42.801
20.961
8.8829
-71.737
-58.962
-51.649
-18.052
8.9062
-6.8292
-13.415
-26.153
4.9303
34.43
95.872
30.492
-16.195
-11.776
-38.231
-10.152
-16.424
2.1928
4.7664
9.1049
16.528
24.137
-4.2281
-25.727
-17.584
31.103
34.641
10.588
-25.093
-13.782
-3.4099
10.541
20.629
27.324
9.8177
24.402
-10.203
-22.1
-6.9224
4.7776
-17.618
-19.263
1.3498
-0.98789
9.9927
7.942
-0.53518
19.895
-4.4015
-47.173
-12.684
8.9098
1.6874
-3.3344
-33.326
-52.927
-46.01
-38.949
-3.933
16.538
29.617
20.306
29.52
44.896
63.944
55.467
11.716
-6.3723
-10.939
-0.18828
-20.63
-3.3331
-21.059
-31.41
-6.3504
4.3785
26.044
-1.0652
22.419
36.427
61.663
42.341
19.628
-45.982
-60.635
-65.276
-76.501
-60.16
-18.604
-3.5237
6.2883
45.276
53.39
15.195
-17.322
-51.712
-39.406
9.8771
3.3877
0.92637
22.952
51.507
40.557
-12.663
6.6708
24.576
0.22779
-4.4201
-24.142
-15.392
-8.6561
1.6522
22.311
-1.071
1.7454
55.859
51.214
38.368
15.808
-33.077
-48.53
-29.242
4.7045
-5.5448
-11.657
-16.795
-43.8
-64.771
-22.863
39.019
33.086
30.609
-14.464
-19.176
-28.829
0.91569
-1.5389
24.214
35.55
-16.619
-39.685
-29.27
5.6951
15.636
23.28
8.5426
21.483
10.869
-11.712
21.771
24.1
26.697
17.679
3.6542
14.092
-11.822
7.8108
-9.0342
15.465
27.434
-8.8087
-39.806
-61.097
-15.109
-1.1417
-23.011
-39.601
-12.354
-10.756
19.522
0.3458
7.4775
-7.5094
23.102
11.146
32.701
28.491
3.1679
-2.3703
8.6445
17.8
-8.0262
14.358
3.0685
-31.418
-18.961
-36.142
-27.064
-1.8729
-35.147
-28.294
22.58
45.042
21.7
43.452
39.534
16.018
15.808
-17.718
-9.4091
-29.419
-5.3235
-14.058
-11.194
-35.718
