-4.1337
-4.0113
43.089
1.8137
36.635
-2.5378
25.122
11.287
40.498
-8.2152
-34.712
29.698
-15.764
-65.429
-53.195
-10.839
-24.374
-10.301
27.529
19.071
0.15279
4.2086
-2.1239
41.29
-8.4472
-40.767
-28.841
13.902
-7.2956
40.373
18.319
63.945
-18.039
24.469
25.604
29.412
46.683
-12.747
-24.284
-72.186
-88.721
-64.29
-48.813
-37.095
47.766
41.056
45.883
41.311
59.232
39.123
-35.118
-30.799
7.8636
31.95
-19.351
56.541
-22.888
40.182
-18.396
-13.226
-15.897
-30.555
-0.45523
-54.064
22.682
-35.391
-27.433
-30.517
-14.436
-34.532
-4.0993
-31.33
-3.3506
69.707
27.102
32.947
36.119
35.682
41.64
-9.0064
16.35
-6.0514
-8.8378
-12.367
0.58439
46.359
-5.8107
-24.315
-36.01
-22.333
-20.615
-27.829
14.102
11.616
54.555
48.532
45.987
-29.772
3.9703
-58.377
-2.8234
18.476
-14.949
-26.74
-6.045
-39.549
-0.041307
-66.357
-37.66
9.6973
-68.664
-8.6323
-14.37
50.935
49.834
11.169
23.924
45.434
44.629
-0.084186
0.44155
22.721
-5.8601
1.5181
21.99
22.483
32.43
69.783
11.655
-30.245
22.917
-34.93
-13.287
-45.313
-28.137
-17.339
-2.7368
-89.947
9.539
2.6986
-41.766
-6.9772
-12.534
-12.211
7.0241
-17.74
-24.239
15.187
3.4742
34.074
69.524
-5.0489
-13.896
-16.24
-5.7687
21.489
6.8701
18.166
47
44.431
25.439
18.867
-17.423
19.844
-31.366
23.527
16.281
-6.495
-53.139
-52.471
-54.968
-22.032
-38.973
-6.5601
-12.411
13.733
42.622
80.501
41.7
37.855
17.83
-13.856
-27.819
-92.538
-11.759
0.621
33.626
-41.822
-6.9367
-5.6579
-31.814
9.4298
-12.102
-62.861
42.84
12.633
17.929
29.787
3.2297
44.759
68.553
46.813
-30.446
-6.7256
-42.318
29.221
16.457
-21.568
14.246
5.1268
-36.376
-36.129
-34.614
-33.974
-26.911
-3.5558
0.96557
18.819
47.501
35.693
6.3038
-11.501
8.3022
-4.8207
61.431
-23.659
-24.925
-4.5807
-21.532
5.2235
13.997
17.656
-2.3187
-41.912
-16.16
-25.541
2.2558
18.622
-11.861
-32.59
-24.067
-25.505
-35.977
17.659
39.565
49.087
44.661
26.315
35.166
38.197
-15.309
15.213
-1.459
28.586
-6.4247
35.86
1.2756
-15.732
-43.39
-56.856
-38.721
-26.409
6.9575
19.945
-7.9757
-23.522
-9.2699
-55.212
-24.489
-24.27
-42.675
41.662
37.248
52.541
-0.18272
64.896
46.211
-6.2122
37.851
-12.545
-21.381
-25.739
-6.9147
25.866
-15.62
22.11
19.769
-23.906
-46.535
-3.3627
-8.9596
-13.627
-31.747
13.144
