30.494
11.926
-26.841
-37.808
15.119
72.231
11.677
-24.161
-4.4033
-4.3962
22.94
24.466
7.5021
-3.7071
-15.483
-18.923
0.59489
-24.314
-64.192
5.1594
14.154
-36.722
-10.309
-3.5702
40.993
35.242
30.653
17.23
4.7184
-20.323
-12.079
-20.209
-33.254
-40.214
-30.538
-8.2727
16.863
6.589
-15.242
11.993
-3.5969
-4.7053
26.961
6.6022
10.569
9.2259
29.44
37.695
47.131
12.536
25.423
11.463
6.1177
-14.134
-15.718
-30.9
-14.792
-18.408
12.874
-5.7402
-8.3176
-1.2841
-29.002
-28.271
-15.827
-21.286
-41.204
-14.09
28.154
17.552
31.136
-3.7705
8.5161
-2.93
3.8118
15.687
46.564
46.125
-2.9948
-28.474
-54.34
-10.568
-9.5475
5.2054
-8.4681
4.8382
-10.397
23.705
3.2839
-10.474
-5.1679
5.6889
-5.5742
-15.597
20.161
12.268
-2.9458
-4.5049
9.3313
26.191
-4.2713
12.457
19.212
45.469
19.53
13.974
-4.2323
-8.8046
-10.763
-16.903
-36.706
-16.037
-22.4
-30.559
-25.783
-16.589
-33.963
-24.463
7.2034
36.863
10.538
-13.719
-6.3329
-6.5095
29.251
18.907
23.007
16.527
19.691
-23.04
-0.37816
20.3
32.071
-7.4581
-28.205
-10.206
19.315
30.419
2.6264
-1.1403
-15.626
-21.688
18.935
12.704
6.5268
12.783
-1.5015
-8.8131
-8.7563
-27.376
-21.512
9.5407
4.1567
9.6055
-12.513
-6.9579
1.2048
NaN
NaN
NaN
NaN
10.783
-13.173
28.435
58.793
27.211
-6.6984
-8.7863
2.6584
-14.375
0.98674
-43.123
-24.841
1.0363
29.158
22.936
11.177
-5.8571
4.5233
13.883
22.301
10.684
-32.216
4.1618
11.679
7.2216
-1.1061
-17.734
-13.382
2.0117
-14.034
2.7487
28.219
-13.332
8.6995
1.872
-24.507
6.5315
6.4068
10.566
18.004
9.2002
5.3764
23.004
27.946
-2.2582
NaN
NaN
NaN
NaN
-19.226
-18.46
9.158
2.4995
-0.29952
43.901
49.357
-1.6068
-4.1996
5.6734
19.819
0.73381
7.8275
-29.183
-5.5391
-6.8194
-4.0809
10.52
10.943
1.0566
2.2225
16.327
42.547
25.744
15.276
9.3378
30.47
-0.083873
-28.919
-3.687
-11.518
-13.497
-18.43
-39.712
-29.983
-26.448
-19.899
-16.859
-8.6019
-27.933
-0.63046
23.594
36.459
21.196
-15.282
5.6215
19.294
-8.6267
17.208
-17.489
-56.086
1.5363
45.467
20.797
37.587
-4.8043
-5.4003
19.198
32.68
21.561
-21.899
-6.5126
18.574
-3.8224
-23.481
-14.277
-29.829
-15.685
-25.005
1.7613
18.863
13.177
30.953
26.521
31.489
6.2214
-29.888
-28.237
-12.29
-1.9089
-22.339
-28.996
25.006
14.077
-10.529
-21.88
-11.633
12.697
9.5452
-24.972
-14.793
-21.017
-5.591
5.154
11.575
3.1307
10.515
13.116
11.498
21.814
