9.8993
-10.336
-28.019
-42.418
-36.799
11.322
8.3553
37.93
9.6729
-5.0055
-17.332
15.535
48.503
43.804
-28.805
-78.301
-9.4531
-0.40231
11.958
37.057
-10.019
-13.237
-1.6334
6.9004
40.077
-0.16879
-33.549
16.94
-0.99567
5.8488
-14.47
-16.346
-38.651
-1.5011
15.986
18.402
8.0259
33.422
-8.8176
-24.879
-23.865
-32.239
-17.698
4.0671
18.694
31.297
31.678
-3.3305
-0.1124
21.882
13.306
38.901
6.4065
-9.887
-24.608
12.784
1.7355
4.9429
-21.361
10.805
-35.976
-52.093
-27.325
-13.008
10.008
0.049643
-27.656
-16.09
-36.584
-37.524
0.99764
42.025
52.085
90.899
66.821
93.226
55.851
34.073
-43.475
-84.426
-43.106
-35.648
-26.349
-33.729
0.17119
-7.0766
-19.153
-31.603
-22.871
13.338
-11.756
-16.784
-11.154
-14.335
25.393
23.275
37.06
3.2039
27.855
-30.92
19.789
21.624
-2.2542
-11.722
28.471
42.785
71.204
43.945
51.722
-7.5547
-65.772
-27.17
-36.964
-36.046
-36.355
-5.0035
-12.214
-17.526
-15.82
-31.637
-47.407
-19.981
-5.4024
6.4465
0.040356
38.106
2.0038
7.1241
-6.3398
24.868
19.238
59.903
33.615
16.162
37.49
-5.0655
-2.1144
-24.713
-18.137
-1.8541
11.337
-5.128
-15.036
-10.196
23.159
1.6601
-41.067
-15.072
1.3746
28.943
-3.7344
-56.478
-20.772
9.3975
21.242
68.911
16.591
-31.768
-34.119
-17.839
1.3212
-9.256
-58.256
-57.939
-19.553
8.5155
59.265
63.306
86.523
54.724
-0.22598
5.1586
0.32995
-2.301
-44.137
-13.453
10.503
-2.959
-4.4127
-1.8638
-45.937
-38.197
-22.913
-1.9654
-11.751
-21.8
7.9814
-3.8687
-15.945
26.197
23.093
11.722
22.098
13.611
15.491
35.61
42.81
23.132
-18.771
-24.154
-30.276
1.971
1.7356
24.475
4.935
-17.105
-68.602
-7.0585
-0.91395
-10.668
-4.1141
-40.466
-9.6569
13.421
22.413
21.226
43.253
4.3204
11.691
0.63711
-38.067
-51.183
4.8489
26.831
7.9686
32.888
13.382
36.9
11.823
8.1879
-28.353
-45.056
1.7719
10.497
-30.832
-13.427
-5.185
6.4426
-19.322
-6.7643
3.1113
-3.9203
26.756
-6.923
1.4579
17.652
30.243
8.786
27.382
-13.264
-32.935
-6.4731
-11.585
17.119
25.562
-7.7072
-1.7812
3.8192
0.099106
1.5352
-1.7183
-23.355
-27.493
-5.0277
8.3534
-20.335
7.5513
-10.575
-7.7876
-0.3232
-0.33106
18.664
22.508
45.105
17.821
-23.198
-13.007
-15.04
-5.5651
-11.965
23.852
4.0841
-20.467
-11.603
10.005
-31.323
0.84426
1.8244
19.045
53.574
45.605
-18.178
-33.853
8.5895
