-17.767
28.252
30.755
0.62978
1.2526
10.069
10.741
16.05
10.602
-19.796
-32.346
-21.65
-5.9429
-25.751
-42.811
4.7577
26.205
28.133
25.425
-8.8432
-27.798
-10.51
26.548
-0.89619
-26.791
-17.007
28.136
21.031
30.629
19.434
16.106
-10.202
-13.007
-23.711
-12.108
-0.79953
-37.582
21.012
23.043
22.494
-4.1972
13.814
-8.0599
-6.2342
-70.435
-6.0512
-16.306
-11.286
4.8587
7.5804
9.6718
16.972
11.12
9.8923
24.146
-11.092
-1.1754
23.595
21.871
29.434
4.0757
-24.609
-23.932
-3.2876
-13.848
-13.856
40.345
24.01
10.363
-16.59
6.1864
-23.905
-39.831
7.5664
8.2453
-9.343
-15.118
-17.037
1.1878
14.226
4.2991
-16.08
-21.765
-18.873
-41.5
-39.729
-26.567
15.085
42.414
61.809
25.726
23.456
19.426
5.2739
28.403
49.151
41.209
37.896
-25.905
-54.136
5.1909
12.559
-5.9219
-41.837
-2.4427
-12.821
-33.582
-14.112
6.7265
-4.1342
-21.72
-17.355
-8.2234
-14.188
-4.7334
-35.276
-19.802
-8.363
52.519
7.6014
13.146
-30.453
-19.01
-4.6492
-5.0706
35.414
29.707
30.858
28.138
55.488
83.414
60.13
-18.757
-75.16
-40.814
-73.126
-17.903
-1.4593
37.263
7.2859
16.541
18.741
26.504
-15.936
-32.156
-42.287
-46.261
-48.733
8.2821
1.9469
27.359
28.205
17.62
-2.9459
26.82
-4.8693
-9.3461
-14.437
-39.933
-5.43
2.2537
23.478
-17.201
11.652
14.517
21.643
-5.6673
25.771
-11.58
-5.1108
-1.4453
15.204
18.634
12.286
48.654
10.912
-15.433
-65.059
-6.6705
-20.052
-7.356
-4.2544
-0.88525
20.59
5.5921
48.204
21.687
-19.277
-52.878
-29.647
-30.562
-11.274
7.5602
25.975
2.3399
0.18452
-20.672
8.013
20.174
5.1786
23.394
9.8361
-6.4792
-17.137
10.603
-29.446
-4.0631
5.3629
43.947
36.903
-26.201
-15.774
-3.4941
-15.975
-19.768
-13.678
-10.625
20.418
28.559
-8.0895
16.225
36.391
-24.006
4.3797
-9.5463
23.482
7.3418
-12.914
3.2625
14.903
-14.525
-13.31
0.62948
-21.821
-17.372
21.852
4.7918
-10.199
-48.604
-76.328
-1.4347
14.446
37.807
55.353
35.071
4.3445
8.2065
7.3537
-37.716
-18.852
27.712
8.264
-16.574
-34.316
19.173
