-47.687
6.2428
51.648
16.213
46.369
13.989
15.936
-19.663
28.02
-27.996
-32.268
-33.367
-31.237
36.454
26.318
29.057
44.532
44.844
42.921
76.644
31.42
-9.8919
-22.221
-92.915
-48.601
-32.165
-5.4705
-17.697
-7.0678
-17.717
-18.391
-15.07
33.703
-9.4103
-33.222
-21.565
26.216
11.515
2.9116
34.056
7.1775
32.678
40.529
13.298
-0.021937
-37.471
42.412
16.614
32.845
-29.034
-69.332
-62.992
7.258
22.048
9.286
13.712
5.0341
11.674
11.9
-38.152
-41.498
-32.255
21.675
11.933
14.951
-12.353
-46.958
5.3018
49.97
57.762
7.6518
-50.928
3.1741
2.6549
34.227
5.7221
85.872
33.168
-55.233
-24.002
-66.389
11.337
-30.717
-3.0874
-18.351
50.243
15.671
51.788
-33.451
-19.829
-62.749
-12.425
-33.718
24.054
38.272
-1.2416
-29.744
-3.2276
4.4809
-22.99
47.503
-17.6
6.1549
28.066
22.647
40.973
24.85
-1.3757
2.9828
-27.796
-14.287
-16.081
11.382
-47.206
17.279
16.91
-13.933
-36.502
-67.813
20.425
64.089
56.922
35.728
-30.962
-23.181
-27.211
-38.689
20.091
26.585
-5.0672
9.498
-0.26709
14.813
-26.492
-21.88
-14.632
11.844
34.886
-43.814
-29.014
1.8035
-13.892
25.242
35.998
36.848
20.97
15.574
6.876
14.692
4.2163
-2.0184
-14.08
-12.835
-52.939
-54.155
-4.2915
66.597
NaN
NaN
NaN
NaN
-16.52
-28.774
7.3614
85.472
-6.6396
-36.379
21.638
-0.64737
6.8302
-9.4849
-32.75
30.097
-18.719
-5.5947
78.233
12.624
44.764
-38.68
-32.714
-45.005
-15.565
33.489
36.13
9.0043
27.442
-13.316
-9.5423
-34.223
-4.6441
-27.652
-2.2244
-9.0243
-6.3778
36.827
-32.352
-45.133
-12.57
15.736
22.181
27.705
-9.5182
-31.787
-14.683
43.697
90.616
NaN
NaN
NaN
NaN
-37.537
-37.696
-4.9498
0.8983
-32.815
3.2484
-17.568
18.478
32.79
23.955
4.5678
-18.337
-26.124
-6.8427
46.023
9.8153
-0.50737
12.599
9.0892
101.3
-16.975
-29.722
-107.19
-42.017
0.10308
-21.938
77.598
-13.119
-9.1887
-20.971
-41.952
4.8749
-24.624
1.0445
0.12471
-10.983
14.241
47.702
22.768
-13.168
21.933
41.97
-5.082
-6.3134
-75.202
34.789
61.014
55.349
33.757
2.0797
-45.412
-7.8137
-17.648
-24.834
54.937
39.18
-17.968
-26.891
-29.602
-49.698
-44.601
-36.146
41.914
30.535
-50.135
-26.884
-81.248
-54.591
-6.1796
31.838
80.814
33.718
43.111
49.029
30.442
7.6276
-33.782
29.486
-25.666
-7.6247
-9.4348
3.7174
47.16
-12.537
-21.928
-23.991
-3.1824
72.625
100.58
-1.6057
-36.944
-79.349
3.1252
-16.477
34.131
-11.255
-44.107
-64.208
-36.493
-26.145
