11.968
-15.221
-53.573
-35.117
-15.803
27.627
65.112
40.919
-20
-37.199
22.458
19.397
-21.494
-7.8582
17.973
23.907
6.9653
-13.595
-16.5
16.901
15.671
6.1475
-26.278
16.124
41.198
66.325
64.881
49.79
-1.7469
-22.133
-44.241
-57.618
-47.877
-40.127
-13.347
-17.093
-9.2174
-12.511
-34.313
-8.2372
1.4179
5.67
3.308
8.0701
-49.956
-31.398
-27.549
-7.1448
25.432
18.855
NaN
NaN
NaN
NaN
63.545
50.443
45.416
38.045
18.267
0.46994
-51.553
-44.906
-39.106
-45.574
10.969
19.615
1.7355
-5.7598
-10.038
-35.754
7.8912
9.2952
-15.49
10.707
-8.4066
16.44
-21.713
-28.101
-27.398
14.121
-11.932
-4.308
-10.878
1.6475
3.7602
0.79574
9.7304
24.729
-5.1495
-38.286
5.4054
7.9281
7.5328
-18.388
-17.133
14.498
42.585
33.609
39.823
7.2255
1.2172
NaN
NaN
NaN
NaN
NaN
-26.5
52.238
73.705
-24.671
-22.597
-6.6699
-56.233
-22.574
-29.87
-30.881
-26.246
-29.224
-24.032
-18.705
-37.718
-0.59747
-28.677
11.539
34.167
23.925
29.553
23.07
11.302
18.09
24.883
11.199
11.233
19.002
8.0459
21.308
-0.8425
-2.6717
-19.006
-25.609
-0.73473
20.409
-13.319
-6.1949
-2.195
-9.8541
15.696
33.974
27.626
-4.2919
9.9225
-11.089
NaN
NaN
NaN
NaN
35.717
32.455
-13.596
-20.343
0.65629
-3.4099
7.3725
-0.29009
-24.502
50.644
41.517
-4.3218
-30.006
-17.542
-3.5674
19.478
22.495
11.411
-5.0774
-11.11
-10.675
9.1028
11.882
26.045
10.454
6.365
-9.1144
13.41
11.416
-4.9374
-27.111
-40.362
-28.762
-29.834
-6.2183
8.4079
16.083
13.496
15.537
11.404
17.442
-15.849
-6.9401
11.836
-17.027
-6.4933
24.698
-14.086
-17.526
-18.701
66.468
51.98
16.816
-44.675
-25.083
-12.248
4.0128
-22.293
0.32282
19.319
-10.304
-23.786
-27.534
-21.257
27.169
19.923
7.0333
11.861
69.547
1.5026
-16.488
-10.427
-42.71
-18.423
-10.871
-23.157
5.0964
-0.71117
-2.6826
-0.84687
22.971
22.787
36.379
23.799
-3.8456
-11.446
-2.4861
-6.5324
11.473
-14.012
-38.874
5.0768
5.5
32.438
10.629
-33.898
17.763
11.732
26.765
21.377
9.5887
0.27665
-46.11
-20.377
-29.638
-26.741
-13.948
-20.136
-16.79
-31.546
-9.8234
-4.0924
-2.5254
-3.3683
33.999
15.194
51.099
39.223
52.959
12.023
44.851
18.566
-46.607
-22.765
-26.771
-9.6916
-4.5899
-6.2039
-0.131
-2.4589
-13.345
-22.552
15.838
-18.13
8.9778
30.056
28.605
-0.599
-9.9866
-13.775
11.043
22.505
9.4002
-15.685
-1.8383
-37.096
-16.463
-19.469
