-0.31526
15.48
-16.634
-6.0859
-3.1579
46.023
29.795
-0.7909
21.972
14.875
12.105
45.032
10.875
-63.389
-105.13
-9.8993
29.232
14.701
-38.001
-20.895
-24.572
-28.115
52.223
34.863
15.803
38.041
16.415
-29.062
-15.872
18.291
16.548
-2.5522
-46.009
4.4185
28.424
33.173
-21.132
-3.6813
2.503
-8.8992
2.3781
27.411
-10.28
-2.6599
-63.679
-4.9314
-9.106
27.521
34.802
-0.33604
-4.1608
-7.6931
-20.435
-32.99
-21.759
-52.038
-18.34
6.5853
25.837
67.93
33.002
31.412
5.5192
-4.3599
18.201
34.791
65.672
-11.322
-24.682
-3.4585
48.587
-15.644
-33.868
-7.5216
-7.9576
-22.8
-58.432
-27.684
-48.675
-4.9721
-43.605
-30.169
-22.227
-6.9745
17.665
8.4448
-25.015
-30.86
26.698
21.088
35.589
57.033
28.942
57.933
73.366
95.86
89.132
60.302
-34.058
-67.32
-14.536
-18.716
-56.275
-61.708
-34.453
-60.549
-70.764
-16.092
-9.1713
25.294
-23.075
-14.958
14.129
23.236
20.732
-33.669
-41.041
-48.764
4.4983
32.801
97
73.68
24.84
-31.987
-25.292
-0.51604
-0.80859
18.71
-13.092
41.05
83.983
83.182
3.5363
-73.361
-36.095
-31.069
-25.483
-28.05
-43.129
-22.491
16.106
-0.6414
25.145
-28.403
-4.2319
26.964
-4.8458
-56.16
2.6432
28.894
30.054
34.039
5.1404
5.8582
17.313
-17.308
-45.71
-8.1347
10.829
-13.536
0.455
-3.1086
-8.8653
9.2772
-18.482
2.0084
12.409
55.677
-16.002
-20.947
18.731
-5.9638
7.2497
24.358
30.61
41.483
35.303
-83.701
-45.006
-44.874
-31.445
-24.173
13.988
54.695
39.417
56.486
22.217
-4.9289
-45.092
-35.959
-45.596
-3.6444
23.128
19.831
-1.2596
-27.307
11.478
5.3013
0.4856
-24.265
-20.279
7.3197
-26.851
9.3517
41.16
34.984
-5.5198
4.6002
42.748
-26.85
-59.133
-5.1097
13.104
36.662
8.1894
14.271
-4.238
-17.195
1.7274
-23.753
19.544
19.018
-30.506
-12.108
2.8876
30.41
32.813
-31.745
-0.088502
-4.8503
-14.722
-16.354
4.9597
35.893
15.814
6.5536
-25.015
-38.883
-50.869
-74.73
1.5962
25.008
37.942
76.839
39.837
-7.7298
-2.6506
23.974
4.0562
-15.566
-19.366
-12.727
-4.5634
-12.319
-35.339
