-33.086
-16.112
12.392
16.961
14.014
31.874
27.147
11.132
-4.8251
-6.1822
3.3552
15.176
24.192
21.919
11.011
-3.6317
-7.0469
11.397
-8.6371
8.7775
-29.93
-4.6794
9.9728
21.301
19.894
29.127
35.14
47.89
13.288
-27.955
-29.277
-13.898
2.7588
-6.0412
-16.433
-17.071
2.3411
13.409
28.014
-8.7649
-17.429
-50.371
-44.883
-23.139
-18.37
-15.944
-21.539
-6.6368
10.542
19.216
-24.943
-33.063
-3.939
-11.451
3.0442
27.673
26.111
-22.809
-37.333
-2.4885
-3.203
6.0191
45.012
60.085
74.506
49.831
20.082
-20.999
-53.199
-31.651
7.9142
52.127
64.458
59.895
11.841
21.737
34.919
29.783
-35.059
-43.149
-7.0383
-20.109
-66.453
-41.165
-11.86
-10.674
-42.785
-23.934
-14.693
-29.506
-55.165
-41.578
-13.855
10.034
22.39
-7.1532
-18.815
-23.334
21.552
33.967
39.871
8.4427
19.657
16.129
19.128
37.717
48.615
32.618
32.978
-15.891
-36.374
3.0871
-17.759
-6.7145
-0.071181
8.9973
2.4338
-11.454
-23.928
-8.6885
-28.121
-19.67
-5.7257
1.5888
19.016
40.687
17.276
9.522
-25.786
-10.345
24.029
44.3
29.259
16.691
41.498
18.784
-8.8717
-48.885
-14.688
-24.536
-20.857
-42.499
-24.349
-16.33
6.9145
2.5983
-30.403
-48.776
-23.793
5.365
1.7881
-31.578
-16.52
-17.257
-4.242
20.611
7.4658
10.689
6.4588
18.196
-3.7458
5.6696
-0.15783
-10.768
3.4117
54.156
73.236
80.886
98.717
44.453
-27.104
-34.462
-28.047
-9.5574
-15.344
19.203
54.082
48.454
23.558
3.2329
-33.116
-49.177
-50.14
-49.797
-78.929
-22.219
18.197
-39.812
-44.419
-31.439
-21.695
-25.668
3.51
6.2199
-3.1568
13.437
17.511
14.853
15.329
-32.178
-28.734
-6.6099
-16.942
9.4303
32.282
59.76
44.554
36.218
31.042
-0.84804
35.556
-7.8042
-12.186
-3.3388
-4.3617
11.947
36.438
27.317
7.6137
-9.8744
-10.226
-48.78
-4.7002
27.214
9.2199
2.0723
1.3573
-2.8611
2.0227
-8.1395
-8.5909
28.378
54.041
44.031
-42.375
-81.4
-47.09
-46.857
-42.412
-3.9769
-10.056
-31.868
-51.856
-28.163
3.5374
18.483
-10.884
-43.598
7.6085
20.294
25.351
31.883
39.211
27.721
31.635
24.219
6.1003
0.75918
22.063
38.015
25.943
-18.018
-5.7319
13.039
29.056
4.5594
-7.54
-9.0732
-2.9013
-5.4986
15.063
13.715
1.5783
-0.34352
6.6427
-14.965
-24.651
13.185
23.077
-15.164
-35.183
-47.885
-21.584
0.82266
-6.6404
-29.95
-20.997
-11.002
1.7252
30.173
20.261
-17.013
-39.146
-25.811
