13.426
17.292
-14.588
-15.364
-20.262
-10.303
-6.373
-11.492
21.953
23.416
30.467
54.825
39.973
-10.492
-32.172
-15.26
22.918
16.421
-40.695
-32.374
-45.948
-11.756
9.3012
18.45
-20.491
-0.96474
-2.4315
-19.404
6.7641
54.183
10.581
-3.627
4.2776
-3.6977
8.42
20.128
-32.978
-21.305
-22.105
16.05
63.286
76.36
35.376
-2.1451
-70.225
-39.956
-31.982
-18.696
15.747
-0.82152
16.297
12.788
0.67833
-11.341
-38.624
-39.336
-41.113
9.6238
1.6178
25.536
-2.8723
22.388
-1.9245
2.6337
19.24
17.121
64.629
24.128
12.413
-7.9671
43.684
33.441
23.777
-7.9181
-25.877
-36.214
-57.034
-37.1
-26.992
-16.072
-41.371
-39.137
-24.775
-27.731
17.686
-36.137
-39.597
-23.995
37.459
30.262
70.155
63.005
41.549
48.109
53.649
62.197
60.569
48.408
-18.347
-70.781
-65.819
-43.273
-6.906
18.265
6.8006
-9.9503
-47.04
-28.243
-12.619
-11.944
-26.327
6.5523
-6.1343
-13.661
-31.103
-31.759
-28.308
-44.313
-18.566
15.956
52.154
62.51
41.058
32.789
3.2215
15.926
14.625
22.022
7.4208
16.449
18.645
-0.21862
-3.1539
-12.87
-29.769
-4.7601
38.932
23.483
-7.7101
-16.931
-24.439
-9.3015
-28.889
-23.323
-6.3845
19.756
-12.299
-42.374
-10.863
20.623
-9.4816
6.5214
-4.9868
3.2769
25.74
36.814
-0.97364
-18.035
-8.9118
-17.977
-22.554
0.31814
-12.648
-19.311
-18.607
-19.15
-12.708
33.978
32.233
50.147
55.457
15.442
12.082
10.394
28.769
40.46
50.512
-39.633
-56.553
-56.666
-38.987
-27.291
-7.752
21.019
27.605
40.881
15.668
-15.669
-26.85
1.554
-26.649
-35.507
-10.564
-15.673
-17.421
-24.281
-30.804
17.306
-10.817
1.5767
13.475
48.38
0.92297
-23.337
26.638
36.009
7.6986
-5.4992
23.888
32.223
-6.142
-2.9151
17.585
12.496
13.403
42.748
9.2092
-8.5612
-5.7495
-21.843
-9.7554
4.4469
-35.813
-35.634
-0.93194
-8.6671
15.388
-30.472
-52.403
-22.462
-22.013
-21.96
-5.7862
32.913
23.855
6.5357
15.262
-5.7329
2.2966
-24.73
-21.865
42.508
54.512
74.949
54.609
-5.0793
-24.744
-4.8989
12.91
-24.576
-9.9972
-6.6782
-35.989
-22.76
-29.589
