-27.958
45.083
-49.273
-32.49
3.0097
15.55
51.319
4.5718
41.097
36.167
-46.211
19.392
18.514
9.3277
-33.304
-14.791
20.9
-31.909
-30.997
-16.12
-40.446
-15.788
43.329
5.0385
-10.355
25.258
9.7734
-20.642
-5.2673
14.062
29.664
28.275
-24.91
12.001
6.6639
21.591
-43.795
-30.283
-14.318
17.406
-24.467
-32.825
24.955
34.882
-41.905
3.4087
53.233
-6.2869
36.506
8.7424
42.011
12.733
-22.619
-26.585
-26.145
-29.588
-11.478
2.3349
17.297
19.149
-16.728
-5.9353
-15.264
-2.5123
44.232
-3.579
19.154
13.719
-62.658
-2.9058
59.092
-10.327
26.526
-1.2498
-29.033
-16.643
-37.542
-64.632
2.6457
27.832
-9.5178
-14.727
-37.347
-34.346
36.655
20.664
25.723
33.018
29.299
29.346
40.931
24.301
23.554
-10.789
21.008
12.139
-14.373
-12.025
-20.349
12.027
22.309
-6.8642
-9.4103
-68.424
-42.94
-45.329
-30.278
23.562
32.507
19.958
-30.317
-55.169
-18.314
-13.295
-1.7468
-33.001
-6.4342
3.3644
15.674
25.075
77.439
80.734
50.343
18.106
-6.35
5.173
-6.005
3.0174
-8.9884
38.59
16.537
-28.481
-42.767
-44.65
3.2373
-4.5626
-12.255
-14.1
-41.187
5.8638
2.8387
-29.084
-29.203
4.7753
45.557
28.584
-11.626
-46.796
9.536
25.403
1.9198
26.342
13.617
13.643
21.029
-37.93
-33.356
12.204
42.965
26.309
-22.194
-0.11304
-33.237
-8.9367
13.255
-15.228
-14.911
49.404
-22.824
-17.202
-16.07
-17.408
9.5627
-1.4723
65.605
35.009
5.8668
-23.271
2.0361
-35.799
-26.005
-12.477
19.54
57.285
16.25
1.1317
-6.062
-16.017
-14.459
-33.202
-0.99678
-3.8136
8.294
20.976
-2.2568
-18.921
-35.107
-0.24381
-2.9551
-3.7365
-12.449
5.3395
-28.039
-9.4349
42.776
-0.56687
27.095
30.187
29.644
-20.967
-18.1
33.738
7.0334
16.593
26.362
-11.206
21.531
-18.735
-24.98
-38.708
3.8114
-16.873
-36.889
8.2469
17.623
28.881
-16.424
-36.114
-1.848
3.0841
24.604
-16.546
24.744
33.362
17.308
-7.3409
-21.594
-2.4525
-39.043
-32.754
-13.498
17.919
29.365
24.52
-9.2234
-21.07
14.014
31.012
34.113
9.7272
-27.982
-16.21
-23.993
-3.8894
5.7767
