-2.5677
-4.1119
6.9741
1.1807
17.332
10.888
19.206
10.603
0.5939
0.15956
-13.705
-19.849
-25.038
-10.767
8.1884
12.159
-3.3213
4.4348
1.0457
-5.7952
-17.289
-19.265
-0.32954
9.8376
9.4694
8.1468
11.758
10.103
5.0522
-7.7941
-2.5458
-5.345
-5.7738
-12.253
-2.4516
6.7834
15.284
22.412
10.228
1.9087
-25.411
-13.053
-1.3381
2.8607
-0.9941
2.6613
-11.636
-15.188
-6.1171
-6.7669
1.405
17.837
16.152
1.5135
8.3618
8.7228
13.469
8.6431
1.7238
-10.388
-10.565
-5.7972
NaN
NaN
NaN
NaN
-22.071
-23.329
-11.009
2.8945
-6.9188
-13.719
2.6499
-0.071775
11.247
7.2843
-1.7715
-3.8637
-4.0051
2.6152
-3.4524
-5.059
9.2421
-3.3995
-7.5072
-6.9012
-2.4844
12.362
-9.6601
16.529
13.725
12.46
23.001
23.79
7.7481
1.7823
-0.64276
2.2572
1.3776
-29.214
-19.441
-10.302
-0.31448
-5.968
-19.362
-12.839
-5.2041
5.0733
2.9909
1.5365
11.08
10.495
-8.2232
-9.4385
1.7132
-4.9539
-21.628
6.1224
16.434
8.2964
7.8775
9.2429
-11.608
-7.1321
5.5856
0.87652
2.5434
1.2166
-2.4912
6.3475
5.1074
13.543
21.855
11.749
11.745
6.2117
-9.8342
-14.823
-6
-10.116
-2.2749
-14.705
-30.695
-12.691
-4.9898
-1.4696
-6.3877
0.51215
-6.7839
13.251
-3.0137
6.602
17.028
16.144
20.128
10.106
-6.2458
-6.8721
-1.3627
6.1069
2.0508
-0.64508
2.9201
-5.9785
0.23795
-3.4919
-13.964
0.44246
1.5819
-20.513
-12.81
-9.9857
-11.441
-4.1836
7.5841
19.142
11.794
17.929
-0.18436
2.7388
3.0963
6.23
16.469
14.094
9.2702
13.193
-20.802
-6.2662
-5.7494
5.2221
-6.5765
-22.394
-19.434
-4.3627
-0.96113
7.732
3.3224
-18.048
-15.212
-3.3478
3.0153
1.2828
6.3109
2.4498
4.7432
5.0001
7.7321
4.3953
-0.66254
-17.197
-0.9235
13.605
14.411
8.4582
9.6223
21.632
2.0695
-13.204
-16.008
-15.077
-0.90745
1.2792
3.4529
7.3323
3.4848
3.6389
3.8102
4.0489
2.2589
-3.0567
-4.4607
-10.645
-7.4533
-2.7356
-4.9502
-17.765
-7.4648
-0.63664
-3.3537
3.3117
4.9059
3.6838
7.5718
4.0602
0.25311
-0.13155
3.5272
0.449
-3.1639
-0.47221
5.5805
18.97
-3.9483
-13.396
-7.1524
