-6.0019
7.2048
15.276
-5.4072
49.359
44.171
36.334
27.633
-4.3032
-14.103
-12.148
-53.19
-42.538
NaN
NaN
NaN
NaN
NaN
25.777
6.4972
7.8494
18.413
-42.289
4.7787
-14.842
-31.064
-14.628
4.5798
-22.151
7.2683
9.2966
19.986
3.275
18.787
-16.853
-7.3986
1.4831
-6.0316
7.0269
-1.2119
21.586
-19.112
NaN
NaN
NaN
NaN
NaN
1.6932
-8.4989
9.2084
19.28
2.4552
-13.568
-29.374
0.78538
-4.7379
-4.9917
-9.9647
20.347
-0.90532
14.779
-7.3232
34.632
-14.627
37.001
-21.157
-34.109
-3.2406
5.8685
11.755
36.837
6.3901
16.476
-36.348
-21.211
-24.048
-29.742
-14.337
2.2996
20.374
36.189
-8.2044
7.1797
NaN
NaN
NaN
NaN
NaN
NaN
NaN
NaN
NaN
NaN
NaN
NaN
NaN
9.8294
-15.467
-26.566
13.311
12.548
-0.37018
-6.7613
14.946
8.8179
4.4198
-0.49521
-11.844
-27.508
0.45095
-23.696
-6.3941
-27.426
19.241
-6.5407
12.8
21.049
29.036
59.523
40.692
-1.146
-21.406
-5.5546
-14.655
11.056
-28.354
-30.602
-4.3815
19.871
-1.4048
-5.6152
-20.651
-14.867
2.7984
-17.841
-17.621
-25.084
-2.5404
3.7387
34.461
27.06
-10.264
20.366
14.378
-15.172
5.0343
22.81
-0.95833
20.664
NaN
NaN
NaN
NaN
NaN
NaN
2.5607
-3.9075
-46.566
-2.0513
7.0168
-1.0202
38.153
28.547
4.2425
8.5432
-18.748
14.51
-3.5662
-13.084
3.5085
12.543
2.7704
6.8736
17.52
-13.314
-13.665
4.7686
-30.305
-4.0846
-21.264
-45.632
6.7612
53.968
30.51
12.968
-33.18
-7.5077
-12.092
21.583
3.8687
20.619
-20.111
-42.238
-13.725
18.591
-21.521
-0.52379
-4.2641
0.27149
1.2544
-9.8826
33.498
9.7833
33.865
40.313
5.2889
-20.979
-4.5565
10.169
20.409
23.118
4.4401
-13.411
2.9344
-3.4922
-11.409
3.2547
-25.533
NaN
NaN
NaN
NaN
NaN
NaN
NaN
NaN
NaN
NaN
NaN
NaN
NaN
NaN
3.6047
-21.701
8.63
13.726
-16.445
-18.322
-12.842
32.057
-4.4144
-1.305
NaN
NaN
NaN
NaN
NaN
NaN
NaN
NaN
NaN
NaN
NaN
NaN
NaN
28.622
-5.1598
-5.2581
9.6244
26.32
-9.9414
-21.925
3.2698
-14.907
-16.151
-16.811
-14.416
-29.459
6.6838
-3.8394
-36.171
-6.2657
7.4075
28.035
-26.442
