-28.354
-7.8624
77.672
29.815
50.034
57.753
54.454
10.887
-11.129
-31.544
-35.943
-29.235
-9.6364
-24.421
-12.784
-17.652
-43.929
-14.413
17.909
-66.345
-14.468
18.551
30.661
73.65
60.787
26.767
2.3359
-27.009
2.8422
-9.0858
9.0181
-12.413
-8.203
-16.79
-10.742
15.72
37.116
21.233
-10.678
-31.996
-69.615
-20.55
-2.2096
-1.4012
-14.636
-22.437
-42.83
-17.313
-12.676
32.628
23.141
52.464
36.174
49.643
64.459
20.273
20.115
38.837
39.574
10.181
-79.16
-40.082
NaN
NaN
NaN
NaN
-16.121
-20.965
-24.667
-30.815
-36.769
-52.929
-12.005
-42.644
-15.731
-2.9202
-4.1028
15.479
30.284
26.442
8.1869
7.6177
45.449
24.681
38.696
0.91225
-43.594
-0.91675
7.7336
53.383
29.977
0.14718
-11.816
19.836
-10.56
0.15531
31.123
62.527
57.967
11.271
-20.836
-36.912
-38.695
-52.871
-66.188
-4.4748
-3.7584
-43.235
-62.567
-14.243
14.043
15.422
-30.927
-26.834
-34.557
-26.625
-27.514
59.734
57.708
85.825
44.404
-44.826
-63.187
-12.028
17.576
57.348
33.126
47.558
32.027
-9.1287
-26.333
24.701
56.558
65.041
69.371
32.392
-21.176
-46.103
-20.584
-64.958
-40.439
-45.261
-64.138
-51.864
-8.8255
-26.43
-63.933
-28.932
-33.397
22.621
15.213
7.8782
16.505
11.084
51.543
10.375
0.31166
12.475
10.706
23.61
30.559
60.042
49.941
12.789
11.517
2.4353
33.582
51.154
6.6289
-33.212
-91.168
-101.49
-42.846
-22.819
-3.09
22.816
20.698
19.058
-8.7943
-15.488
-22.237
-4.9109
52.52
64.031
15.641
4.6337
-28.187
-44.568
-17.619
12.252
4.4605
-29.658
-0.36403
13.527
4.4529
-10.716
-29.558
-61.907
-59.923
-1.7719
31.667
51.355
73.442
65.683
87.095
47.921
26.782
-39.587
-36.591
-59.487
-26.415
-1.6144
-34.938
-58.22
-7.735
33.417
25.763
-18.517
-63.316
-62.348
11.928
35.283
38.441
22.64
19.966
39.303
72.896
38.23
-12.859
-26.129
-19.49
-32.441
-31.104
-23.449
-2.4484
29.367
28.083
-18.894
-73.554
-44.042
-17.484
14.554
54.217
33.37
-12.462
11.164
6.7305
2.2416
-17.531
-26.28
36.31
45.673
14.19
-40.863
-103.37
