-37.005
-2.0336
-1.1435
18.649
72.556
59.1
69.702
58.887
13.622
-16.379
-13.972
-30.633
-31.124
NaN
NaN
NaN
NaN
NaN
-24.472
-41.163
-42.264
-34.595
0.40689
-6.0939
-49.131
-14.979
-7.0488
20.177
-13.817
-9.4053
2.9649
33.694
43.454
73.178
10.344
-0.87349
-21.353
-1.7686
18.295
1.765
-11.657
12.29
NaN
NaN
NaN
NaN
NaN
-15.201
6.6894
21.913
44.571
21.641
31.58
67.781
27.328
15.421
-15.384
-19.988
-66.108
-48.784
-66.01
-82.27
-70.252
-45.394
-39.132
-31.369
-32.773
-13.949
3.7184
50.511
68.05
86.48
62.72
16.887
-9.7471
3.6155
21.269
29.194
38.11
25.659
42.472
50.893
13.506
NaN
NaN
NaN
NaN
NaN
NaN
NaN
NaN
NaN
NaN
NaN
NaN
NaN
14.661
-15.388
-30.368
-16.187
9.2465
42.069
33.986
16.991
5.4939
-7.2746
-5.1992
-14.407
-12.029
-23.297
-66.498
-37.895
-7.6045
-25.296
-6.9744
26.288
32.858
14.183
42.947
10.481
-5.9861
-27.593
-3.9379
25.891
-1.5637
1.5676
-9.8838
3.496
20.338
38.828
8.415
2.1389
-16.87
0.6133
-1.7959
-8.4973
6.6946
-3.0181
43.258
15.316
16.328
-66.137
-44.513
-36.563
20.821
45.09
-0.11278
8.9292
-20.504
NaN
NaN
NaN
NaN
NaN
NaN
-14.636
-30.686
-33.691
22.003
19.227
-41.53
-40.153
-32.924
10.784
13.354
-11.059
-3.0488
-4.8814
15.247
22.603
49.05
18.333
12.417
7.6104
3.6037
1.6246
-1.2239
-10.532
-18.939
-21.024
-4.9164
52.737
54.802
52.124
1.1351
5.0437
-47.556
-57.287
3.9165
-30.913
-2.6628
1.5121
1.2897
-15.178
9.2635
-49.42
-18.321
4.3313
10.105
-35.432
4.0604
-7.7592
18.639
22.765
38.047
19.307
28.657
6.3628
13.71
-12.787
-15.485
-22.867
8.8723
-15.801
7.9241
-12.899
16.884
-23.545
NaN
NaN
NaN
NaN
NaN
NaN
NaN
NaN
NaN
NaN
NaN
NaN
NaN
NaN
24.548
23.639
72.203
40.684
-7.7742
-24.506
-12.642
-28.492
-6.0371
-29.007
NaN
NaN
NaN
NaN
NaN
NaN
NaN
NaN
NaN
NaN
NaN
NaN
NaN
25.246
25.61
-2.1935
19.817
17.58
-12.339
11.389
55.133
54.158
22.15
-13.444
-7.4005
-34.873
-24.418
-40.7
-15.255
-43.973
-22.852
-28.299
18.617
