-26.048
-14.253
34.272
20.406
14.595
18.183
30.684
11.654
0.47615
1.9301
-23.466
-24
-12.111
2.2469
6.4523
-1.8185
-9.7169
-23.285
-6.43
-30.542
12.749
5.0845
37.542
30.776
12.047
5.2955
-9.295
-34.644
3.3597
-9.2387
12.737
-8.2424
-19.725
-3.7506
-0.87447
-8.9353
26.919
18.85
-3.9645
-57.441
-13.06
-12.168
-12.114
27.435
-5.3913
-0.93514
-9.7635
-17.093
26.269
20.706
21.348
18.924
30.312
36.85
35.788
-6.5747
22.607
23.955
46.901
1.4536
-55.426
-36.907
NaN
NaN
NaN
NaN
-32.882
0.95515
0.57778
-11.464
-4.7681
-40.139
-19.656
-21.908
12.519
-9.1705
-3.7641
40.346
5.9007
30.461
9.6832
3.459
26.225
16.032
52.126
17.975
-30.249
37.994
-15.622
19.004
23.235
1.1543
-14.87
-7.3476
-32.442
-16.458
14.396
26.075
29.582
-0.84324
-14.573
-55.76
-8.117
4.1268
-40.205
-15.804
13.163
-42.555
-26.321
-6.087
10.511
16.695
0.78543
-3.8626
-20.326
-6.556
-7.0479
37.581
21.58
48.073
4.4804
-24.445
-19.002
17.795
4.7139
30.78
0.29725
34.758
31.441
4.8978
-5.5698
7.9052
14.428
12.181
6.4234
-10.52
-64.177
-34.722
11.341
-18.896
11.64
-26.265
-27.759
-50.734
-12.76
0.57261
-22.491
27.479
17.189
3.6314
15.948
49.792
15.096
15.616
26.604
-11.061
-7.1413
10.33
-8.635
-17.006
4.9487
-9.2418
-7.1167
-9.4759
-20.997
-9.2644
-19.374
24.895
41.204
6.8151
-7.9507
-22.919
-10.306
-1.7866
-17.194
26.208
9.6318
35.176
-4.8364
2.3302
1.6402
-10.698
21.824
28.533
5.7085
4.3309
-30.463
-26.37
0.35402
1.3014
1.0604
-42.513
-10.649
-15.237
5.4898
-17.104
-11
-40.384
-3.4749
7.3223
41.49
21.508
18.247
44.921
20.419
17.843
27.394
-30.211
-9.4636
-19.939
-6.4457
-0.85988
-24.284
-38.209
-22.168
7.9418
38.821
42.598
-5.6291
-29.986
3.5005
20.135
4.2133
-10.341
-26.602
14.009
26.664
18.84
6.919
-23.548
10.532
-25.318
-3.5799
4.1905
-11.301
13.181
16.527
-6.5764
-4.635
-38.437
-31.008
-18.058
23.55
23.678
-6.2962
5.7995
11.355
0.80667
-23.443
9.6184
12.742
25.534
-2.8129
-10.025
-23.998
