NaN
NaN
NaN
NaN
NaN
-1.5836
-14.719
-55.273
-62.722
-11.246
31.643
-16.622
23.876
19.268
85.703
60.574
68.317
32.597
26.659
34.373
46.986
32.144
48.43
56.554
26.723
-21.535
-70.283
-31.907
-6.2752
20.013
-7.2599
-50.69
-51.066
-54.93
-26.283
-6.0984
21.42
14.4
-24.736
-46.88
-41.609
-23.342
-1.0938
-2.8847
-4.359
-7.4175
NaN
NaN
NaN
NaN
NaN
NaN
NaN
NaN
-0.69125
15.344
41.577
71.716
82.052
114.03
102.46
61.262
39.746
37.296
40.791
70.92
15.835
-50.278
-93.605
-55.92
-18.597
-13.27
16.201
12.643
67.211
22.826
-39.767
-61.548
-53.938
-55.362
-49.09
-72.187
-45.236
-25.596
-34.397
-32.794
-31.677
-7.549
26.437
51.419
38.004
16.748
-36.974
-10.826
-12.401
-12.917
22.724
19.821
14.346
NaN
NaN
NaN
NaN
NaN
NaN
61.365
54.295
43.83
62.208
98.951
103.12
21.324
-10.367
-25.62
-33.683
-15.998
1.3668
-14.901
-25.807
-66.272
-81.337
-47.241
-28.486
-41.542
-57.848
-65.263
-86.381
-80.275
-77.335
-70.99
NaN
NaN
NaN
NaN
NaN
33.26
23.688
20.583
28.545
27.433
34.078
36.85
53.608
30.655
52.312
47.105
-14.285
-33.125
-3.8449
50.733
42.63
52.93
18.844
-5.7312
-55.095
-53.253
-29.422
-17.388
-9.089
-0.1771
-1.1686
-16.859
-23.25
-38.558
-16.869
-59.571
-54.912
-34.015
-13.83
21.591
31.183
86.058
NaN
NaN
NaN
NaN
NaN
NaN
NaN
NaN
NaN
-100.07
-93.539
-54.2
-12.934
5.0882
24.823
28.07
36.691
49.75
93.224
57.411
81.454
68.747
89.586
72.267
72.661
45.786
35.254
33.035
-11.09
-0.64722
12.571
-39.821
-59.487
-103.19
-65.002
-45.32
-87.414
-100.45
-82.477
-54.861
-15.047
-6.6784
20.351
-4.1322
-34.775
56.754
68.461
26.863
-10.311
-38.311
15.753
0.20725
2.6728
-32.929
-7.2852
7.8278
25.291
76.926
81.209
57.74
23.078
12.569
-1.6876
-16.555
-47.429
1.1306
-17.832
5.1857
28.445
37.266
49.144
15.225
-1.2369
14.697
62.09
17.019
-24.822
-87.591
NaN
NaN
NaN
NaN
NaN
-17.84
-8.5019
-31.364
-32.041
16.844
-6.1512
-28.262
