-33.507
-36.575
27.97
17.209
24.631
61.432
78.272
59.202
52.433
25.868
3.3885
-19.961
-31.545
-31.924
-11.081
-37.678
-50.532
3.4749
34.749
-77.483
-45.631
-0.094632
20.497
70.155
66.235
10.442
-8.6885
-7.5836
-1.135
-7.7909
-10.219
-10.087
-13.968
-8.2333
-0.66421
2.8395
36.36
20.027
-16.535
-23.797
-68.998
-35.711
-17.156
-23.921
-24.472
-8.5672
-24.776
-8.9273
7.0725
67.476
53.786
73.546
52.042
38.742
47.658
20.901
19.978
46.854
72
30.349
-76.156
-71.922
NaN
NaN
NaN
NaN
-27.356
-19.445
-38.123
-34.892
-45.211
-55.136
-2.1235
-44.078
-28.325
-13.748
-2.4284
47.52
70.486
50.255
11.811
17.425
66.729
38.865
32.96
-30.614
-62.704
22.089
10.198
62.967
31.496
8.3462
-12.18
12.404
-3.8692
0.010084
21.166
36.789
30.616
-0.42707
-13.944
-19.644
-13.025
-30.257
-60.029
-23.132
-20
-38.906
-52.01
-32.034
16.397
9.3614
-57.746
-72.131
-62.114
-43.957
-21.319
66.722
91.015
109.62
59.322
-24.784
-67.386
-0.20009
42.163
72.256
20.359
47.43
32.277
33.375
9.7145
31.109
32.906
37.128
23.717
11.844
1.9005
-44.252
-32.457
-76.458
-28.804
-52.544
-72.89
-64.967
-36.826
-45.555
-33.715
0.79187
-29.721
0.32775
23.586
23.83
17.805
2.2945
32.031
20.08
-21.618
-0.28492
46.082
46.069
45.815
60.467
41.768
2.3351
28.741
36.04
6.8472
25.7
21.752
-28.249
-82.35
-90.743
-33.28
-24.523
-30.138
-9.0671
-18.021
-10.009
16.736
27.38
3.6258
10.721
65.392
66.524
12.342
-4.5991
-35.508
-49.14
-19.007
-15.284
-11.443
-34.063
-12.281
-3.0908
-13.035
-16.773
-15.334
-36.237
-19.849
28.784
31.424
63.266
72.27
74.9
86.947
66.462
1.9021
-59.385
-71.399
-57.03
-40.453
-28.711
-42.892
-67.315
29.454
67.624
46.067
-13.558
-70.342
-41.11
4.5735
42.125
33.273
8.3883
13.627
50.422
63.348
31.616
-23.694
-44.313
-49.58
-60.294
-54.586
-23.774
35.742
50.677
33.501
-7.668
-47.543
-29.114
7.4293
45.271
45.43
24.261
1.6871
12.111
9.3943
-7.0573
-5.6609
-31.827
-5.3923
-10.343
8.0563
-30.33
-108.4
