NaN
NaN
NaN
NaN
NaN
-63.27
-42.186
-31.465
0.54146
-9.3785
41.255
16.519
17.815
-23.251
26.175
36.796
53.575
19.681
5.812
57.358
62.545
61.477
75.634
73.301
64.401
7.1505
-77.399
-42.073
-48.527
-27.57
-27.343
-74.851
-58.949
-56.743
17.552
14.177
31.731
23.237
18.979
-43.557
-29.913
-7.7925
4.2956
-9.6575
-0.36453
-24.038
NaN
NaN
NaN
NaN
NaN
NaN
NaN
NaN
16.859
-12.301
-9.446
26.437
96.962
123.53
127.57
83.92
100.37
69.218
75.186
68.551
6.4058
-52.735
-71.663
-54.261
-17.029
-22.217
17.972
5.0027
41.6
-4.8681
-19.232
-50.217
-45.899
-58.73
-61.646
-93.671
-82.136
-20.775
-25.643
-26.16
-29.706
-9.7406
-31.601
-4.7655
17.366
41.004
-25.044
-1.1447
-4.0028
13.458
65.697
42.149
63.594
NaN
NaN
NaN
NaN
NaN
NaN
48.982
45.501
48.454
51.973
100.17
99.722
26.175
-13.152
-29.863
-55.296
-37.069
-10.1
-11.071
-11.488
-68.278
-80.75
-64.286
-35.739
-14.664
-36.305
-45.525
-61.754
-50.187
-63.681
-124.06
NaN
NaN
NaN
NaN
NaN
42.884
15.406
32.698
79.636
70.56
65.221
58.232
68.152
35.641
21.04
14.296
-8.7745
-44.272
-21.2
46.289
46.771
37.164
0.73783
0.65277
-52.787
-48.527
-33.324
-8.2189
-28.424
0.50566
3.4106
8.3583
-28.924
-32.859
-2.8943
-39.641
-35.763
-31.397
12.718
-20.545
-28.932
53.9
NaN
NaN
NaN
NaN
NaN
NaN
NaN
NaN
NaN
-70.262
-97.82
-74.173
-35.573
-12.967
-15.62
48.595
66.107
63.771
69.988
67.98
75.439
96.852
115.53
81.993
62.298
26.801
34.146
18.815
-42.594
-8.1892
-36.807
-68.926
-74.076
-100.64
-63.632
-33.4
-76.239
-80.53
-61.043
-36.302
-26.801
22.92
51.4
6.0241
-39.558
16.202
68.822
50.825
-16.61
-54.525
-17.866
19.596
26.804
-16.769
-7.5537
22
70.369
75.033
53.636
3.6863
-17.624
-0.79933
-0.66556
2.4314
-33.259
-19.503
-16.494
-10.566
11.506
34.568
85.051
54.642
23.793
28.939
44.62
26.161
-58.798
-68.823
NaN
NaN
NaN
NaN
NaN
6.3674
-12.719
-22.371
-16.48
-11.13
-20.42
-9.6535
