-32.209
23.659
36.36
27.774
9.7088
-5.2172
-13.586
6.7921
-2.0328
-41.598
-45.99
-6.804
-32.197
31.604
21.81
-2.68
-17.676
28.265
37.695
14.977
-8.6151
-37.959
-15.194
-7.7241
-29.394
-28.157
-21.762
-13.343
-7.0089
5.206
27.009
27.143
36.682
5.8669
14.184
30.173
16.822
-1.3797
28.605
42.894
30.718
20.168
-30.191
-9.2281
-15.159
-35.149
-27.364
-27.428
21.67
19.67
-9.2928
-22.367
-10.518
12.648
-4.6793
-19.241
-6.8734
-1.7513
-7.1274
5.88
-5.2819
-32.705
19.105
6.8146
-5.6763
-28.47
-25.439
-24.087
0.55346
1.8657
19.65
-1.1612
22.533
20.703
-4.4725
25.185
60.916
49.561
13.003
-14.917
1.5982
-5.1117
-31.714
-22.19
-10.076
-9.1501
-15.243
-11.321
6.3083
28.881
13.452
14.219
4.1614
12.54
14.971
-2.9498
-13.096
-22.761
-41.052
-12.987
-9.937
-18.551
-14.442
8.1683
1.5892
NaN
NaN
NaN
NaN
NaN
-4.9326
-5.9168
-1.6606
40.79
9.7046
-6.8436
-4.2583
5.4559
-0.68785
16.752
25.079
26.206
-2.9771
9.8898
-4.2063
-19.558
-44.405
-13.887
-33.11
-10.004
-13.516
-30.533
-20.869
-0.10583
4.5481
1.7837
21.958
68.014
43.894
39.188
NaN
NaN
NaN
NaN
-47.056
-48.063
-32.515
-27.09
-5.3152
11.634
2.7273
23.643
51.065
48.767
26.852
2.6461
-2.9235
-13.712
-0.48168
-6.9293
-34.634
10.078
7.8408
6.0778
-25.518
-32.204
-3.7269
-6.7936
-13.845
-0.14521
11.884
-13.696
0.20518
4.1899
-17.363
-50.824
-36.805
-4.23
25.413
31.541
32.295
21.903
14.379
-2.8804
7.5948
-15.051
-15.21
13.759
23.859
47.518
34.24
-27.765
-5.186
NaN
NaN
NaN
NaN
NaN
NaN
-10.274
14.583
-11.696
-20.475
9.5494
-25.385
5.1467
-20.55
28.117
-20.8
-18.278
-7.1477
-17.778
-33.717
-16.161
2.0044
8.6589
-13.764
-15.139
-4.2917
-11.352
15.188
12.743
-8.2919
3.3843
16.856
9.5672
15.948
27.25
41.25
16.585
26.817
-2.3082
-0.60492
-20.908
-12.252
-34.062
-13.58
9.1618
13.912
21.226
42.1
22.864
-13.853
-31.884
-14.688
4.3558
-5.851
33.441
17.987
-8.3058
-11.158
14.984
30.689
-2.7023
-8.7454
-50.422
-49.99
-25.45
-24.087
-37.229
-24.69
-52.221
-35.043
16.127
12.811
-5.2308
12.12
26.87
26.094
37.877
14.912
17.454
15.817
36.521
27.748
45.57
55.627
1.3369
10.685
-4.0518
-16.301
-5.7428
-22.866
-62.542
-44.372
-29.829
0.92151
32.242
