-93.187
-32.153
-16.124
-55.076
-21.898
-23.14
29.168
-12.02
-19.381
-38.402
16.555
-21.464
-8.9857
-11.735
13.418
13.905
54.064
33.339
22.553
0.43718
21.983
6.4989
13.469
45.109
40.633
70.931
35.287
66.707
52.185
54.026
-20.7
-43.031
-49.992
-21.114
-48.82
-17.624
-26.509
-18.025
-23.018
-32.869
-11.095
-5.9085
-61.867
-63.944
-36.35
-8.7398
12.257
46.788
58.617
46.229
18.257
-41.433
-66.017
-83.596
-58.878
-73.762
-19.282
20.825
38.101
39.642
37.366
51.989
52.598
37.257
32.917
34.878
19.601
47.831
41.286
23.367
6.1568
15.233
4.7227
16.205
4.4295
8.3766
-28.903
-17.385
-13.625
-36.794
-50.005
-49.183
-1.5716
12.119
-16.147
-4.0914
-15.187
-32.121
-25.185
-34.875
-11.976
-12.728
14.639
-9.5729
1.6431
15.085
10.639
20.435
-0.72762
35.508
34.892
40.915
8.2111
-0.33952
-13.58
NaN
NaN
NaN
NaN
NaN
9.6344
10.226
-10.452
-9.993
13.544
24.386
25.202
46.655
37.298
53.139
17.766
14.157
2.5716
11.497
1.4356
-3.2307
4.4866
0.37755
21.064
40.151
41.168
1.7888
-21.589
-36.76
-41.283
-29.731
-35.444
-32.13
-41.876
-1.1059
NaN
NaN
NaN
NaN
5.8722
10.12
3.2701
8.6573
-10.518
-7.4352
-13.535
-7.2184
-40.616
3.2229
36.789
40.793
39.479
21.37
11.627
-11.586
-5.3208
-8.416
10.893
26.167
1.5106
-16.016
24.935
30.729
42.487
13.595
20.624
-14.115
21.061
17.106
17.771
-5.2039
17.262
-6.8533
-5.9668
-18.941
-16.654
-28.965
-26.7
-9.4731
-4.6241
-21.745
7.2963
-12.1
-25.788
-37.296
-28.16
-23.66
-13.518
NaN
NaN
NaN
NaN
NaN
NaN
58.124
55.093
86.733
79.224
-41.839
-36.72
-38.273
-21.646
-17.425
-14.57
5.7184
70.184
37.992
37.104
24.063
14.673
-5.535
-9.7221
-19.79
9.6885
4.219
23.41
51.017
39.805
8.2947
-27.014
-25.542
-11.262
-24.535
-1.7338
-9.727
-23.936
-7.1787
20.2
-6.0883
-22.405
-32.545
-26.024
-22.618
-32.275
-70.844
-13.444
-7.0869
30.619
1.7462
18.859
-9.9265
-10.788
-9.3462
13.508
9.0034
-0.68585
-26.567
25.984
42.068
41.542
11.404
3.122
8.4804
25.997
19.245
34.697
28.559
8.6343
-10.027
-21.983
-7.1135
-0.74394
18.013
63.491
39.178
-24.75
-57.504
-36.283
-45.438
-46.326
-4.5182
-9.8811
-18.299
17.149
27.236
36.154
38.056
36.23
10.902
32.008
0.12366
-12.03
-29.797
