NaN
NaN
NaN
NaN
NaN
-28.164
-4.8066
7.1868
26.478
0.43378
15.41
1.304
-10.611
-35.01
-3.2243
-30.345
-20.579
-42.671
-21.176
-2.4494
34.923
13.41
9.455
-34.692
-9.6133
0.32048
32.114
19.306
-55.43
-54.554
9.3858
21.914
-2.3802
24.825
50.255
28.882
14.515
1.5313
-25.735
-23.912
9.0451
-4.3227
28.729
-9.1236
17.262
-14.056
NaN
NaN
NaN
NaN
NaN
NaN
NaN
NaN
-0.55429
-52.564
-40.881
-29.694
1.2541
-4.8637
14.462
2.0638
17.043
20.126
22.776
2.3729
-30.052
-29.394
-37.904
-9.2712
19.113
-10.167
-17.064
-32.679
-9.9748
-20.383
28.898
16.595
39.629
19.09
23.325
-16.601
4.549
16.064
3.9593
11.508
-5.6792
12.371
28.901
-1.4036
-14.568
-13.126
-23.41
24.242
15.623
32.671
30.057
21.105
-16.842
NaN
NaN
NaN
NaN
NaN
NaN
-13.384
20.208
-1.5679
-26.808
-20.243
4.3056
-54.7
-23.528
9.1625
-24.697
26.404
7.5639
9.6604
37.98
34.267
12.532
16.826
-14.809
-8.7938
5.0084
-6.0798
-12.967
38.354
30.188
17.929
NaN
NaN
NaN
NaN
NaN
-16.109
-0.095384
-2.7152
38.194
-25.849
38.008
-3.6769
-0.55766
-28.753
9.3373
-66.626
-12.015
-42.897
-33.493
-38.623
-17.349
-17.529
-0.51875
48.277
44.518
54.502
26.112
30.495
-20.221
24.945
7.4394
11.196
-28.281
-11.444
18.158
-19.328
-29.162
5.1075
-0.59288
-1.0974
-10.664
-13.383
NaN
NaN
NaN
NaN
NaN
NaN
NaN
NaN
NaN
14.371
16.276
18.381
8.3836
-6.0412
-26.17
24.355
-17.252
-15.065
-14.519
-22.795
-6.6431
27.684
40.66
11.126
-38.933
-45.729
-12.452
-13.003
0.46109
-0.54116
-16.15
-16.71
41.596
11.968
37.32
16.415
4.0774
-14.083
-1.881
-12.087
-47.438
-23.722
23.886
30.136
4.649
-29.118
19.331
55.21
44.897
0.10629
-3.6284
10.973
-13.473
-28.304
-3.0154
15.204
11.152
-5.2846
-18.424
-23.832
-8.9986
6.9299
-6.947
-5.168
-18.177
-8.5511
-12.347
20.606
-18.855
2.8741
22.819
19.74
-12.935
-22.099
-2.5578
3.0372
12.765
19.971
NaN
NaN
NaN
NaN
NaN
2.8346
6.6551
3.1682
42.605
-21.971
22.16
31.066
