-7.8962
-8.8913
50.788
52.579
9.51
14.038
-32.401
-50.257
-9.7211
-21.174
-25.768
-96.097
-66.093
-83.592
14.072
44.947
41.8
-7.4542
-2.1761
-15.186
-0.97128
55.909
33.593
17.971
39
46.52
52.398
-2.1707
-49.4
-49.511
19.661
0.0985
45.929
-5.0176
27.42
5.6265
27.706
39.714
-81.57
-86.097
-37.894
13.676
5.6858
-16.223
-7.1201
39.271
62.36
22.612
34.338
-82.095
-55.678
16.426
-50.43
3.4589
25.749
39.509
-76.453
-55.584
-3.0975
-16.569
88.793
128.82
58.764
-75.299
-72.736
-9.1206
12.579
-63.236
-24.625
13.151
45.754
35.706
13.046
12.161
13.375
-19.928
-4.2512
-29.933
3.9191
-2.8488
-11.267
1.3244
10.839
100.18
76.211
39.446
38.282
5.2503
3.3148
-59.128
-43.281
-66.004
-12.27
2.9012
-75.209
-71.322
11.467
-14.214
-61.381
-80.369
-55.101
-28.641
33.607
-10.084
15.832
34.528
67.321
64.16
68.127
82.771
-46.641
14.826
-10.078
61.573
109.25
3.4876
54.895
61.378
-27.884
-1.6653
-25.9
-71.467
-54.911
-64.342
-77.046
-69.642
9.2775
70.514
28.622
78.148
66.881
-2.7562
-7.8952
-11.128
-20.486
-73.483
-81.967
-99.617
-85.92
-98.561
-21.645
12.842
-14.823
19.072
32.701
49.906
43.448
26.97
68.846
69.54
47.155
51.915
-0.22102
56.632
76.679
52.312
54.178
19.183
-19.288
-20.281
-22.976
45.064
15.301
-45.079
-58.7
-49.569
-4.9615
-78.065
-146.42
-12.916
-57.393
-98.253
-99.23
33.152
-22.918
57.74
-9.7816
65.797
51.024
38.675
10.665
24.053
11.042
19.056
-10.738
29.407
-8.6877
25.388
25.535
62.059
55.529
57.966
42.817
33.971
-41.144
-56.398
-1.2985
-11.678
16.176
-28.132
-65.211
-70.636
-53.143
-8.2754
-35.848
-29.765
-24.609
4.3808
15.308
-12.627
36.616
67.635
81.168
60.866
-7.0264
3.8708
-20.317
-22.243
-32.514
-10.697
42.049
-50.996
-71.511
-1.6594
-31.095
-1.7673
29.24
58.842
38.95
52.035
-6.603
-57.854
-80.516
-40.797
14.063
-24.569
33.54
31.519
43.476
26.37
9.5997
11.806
9.3734
-5.2248
-25.929
5.6824
-15.214
70.439
14.189
31.204
29.845
-14.468
-56.76
-8.4807
-47.193
-19.85
21.391
91.873
-84.902
-63.655
-12.67
3.3023
-58.432
2.7263
54.227
-11.828
-73.942
-5.8595
35.815
53.34
20.821
36.943
16.762
-76.381
-34.938
23.446
-26.328
9.9032
-14.152
25.549
33.198
36.695
-5.7271
-0.31405
72.308
36.041
27.069
3.8897
-11.382
-1.1926
28.264
-29.727
-52.943
-47.212
-55.585
33.795
75.426
-4.0176
-9.7716
-0.040342
7.8095
-26.717
-70.218
-37.38
-41.761
-18.526
-64.069
-24.074
-6.9612
24.227
42.108
-23.211
0.15601
62.486
72.291
7.11
39.75
98.002
62.962
-62.964
-21.091
7.4765
-13.861
7.9206
7.3779
-39.102
