-0.63365
-12.951
-1.6916
-1.7225
-2.7882
18.269
27.358
15.194
-9.0552
8.0868
-0.78825
24.957
36.281
24.924
4.2982
4.2238
34.499
-2.6735
-56.875
-49.948
-44.793
-19.674
2.9292
15.286
-0.15864
-16.861
-5.7363
7.5866
23.531
0.055772
-8.5078
3.3867
13.869
1.9539
2.1105
13.249
-7.9537
-34.857
-16.368
-0.89137
-6.2616
3.2051
13.239
20.784
34.831
-13.387
-12.582
10.713
40.392
19.564
26.74
14.834
4.8052
7.9405
-4.7855
-15.42
-15.296
6.1205
-4.8375
-12.347
-52.704
-56.461
-27.398
2.6369
23.248
-22.021
-32.255
3.4355
14.876
38.914
19.2
-2.078
0.85696
7.7551
-11.08
0.5806
-5.37
0.90102
13.119
-2.9573
2.6683
18.094
29.533
10.001
-5.3041
-1.4628
13.854
3.3465
5.0183
-6.1378
-27.624
-12.996
19.573
25.587
-2.0562
-18.364
-26.815
-26.706
0.43966
2.7231
14.049
-1.9836
-27.134
-4.4242
30.139
7.0625
9.4615
17.785
22.623
28.737
14.147
-10.6
-25.771
-26.128
-35.149
-21.33
-17.553
-45.416
-6.2777
10.736
2.6392
-0.84217
21.486
19.14
7.4731
4.8816
17.228
-6.6898
-14.273
-8.0389
-14.209
11.925
34.447
57.929
64.004
44.712
-2.2923
-33.048
-25.693
-22.979
-34.347
-28.84
-13.381
0.41689
-10.356
-12.685
-5.3512
14.883
12.497
-3.0878
13.09
33.926
22.023
1.0403
-17.85
-26.766
-21.364
-14.801
-20.198
-31.35
-14.614
6.3067
-1.1021
14.091
-5.7077
8.562
33.435
24.978
10.016
-4.5897
-0.059522
17.006
13.144
11.318
-18.188
-27.423
-5.0263
-9.8899
-1.3431
13.116
-5.2673
-4.8149
18.001
34.645
14.73
17.679
18
21.835
13.563
0.087112
-31.453
-30.444
2.8232
-26.87
-33.004
-25.435
-39.79
-47.547
-18.863
21.404
14.181
11.196
12.1
29.675
28.898
-7.0157
-18.138
5.0964
14.861
14.621
22.153
19.983
-10.593
-23.534
-17.46
15.674
11.222
8.1675
15.278
-2.3834
-9.4622
4.8291
8.4781
28.51
4.9977
-32.072
-30.828
-11.374
14.026
-8.4665
-31.846
-28.511
-38.874
1.3762
38.368
38.884
11.944
20.785
7.4225
6.3274
23.432
-4.4704
-34.06
-1.0603
-1.2989
8.077
-6.8411
-21.072
0.82611
-10.159
-9.5129
-2.4483
-0.0177
1.6567
24.008
-11.735
-9.5797
6.642
14.456
30.952
26.736
-17.958
-40.687
-26.03
6.301
-0.92507
-3.1507
1.9403
26.89
8.4777
0.15788
-4.5003
4.9889
12.62
0.97883
24.953
9.7332
-16.6
-39.556
-20.188
-6.3804
19.471
11.256
9.9008
-14.091
-17.628
-19.127
-6.7211
11.207
-2.8276
-22.289
-11.429
24.009
36.224
35.978
25.377
-0.52233
-18.026
-25.583
-2.3149
12.832
32.213
12.654
-3.7253
-11.484
-14.272
-15.718
-23.965
-23.402
-17.679
-9.7942
-24.086
-4.5774
-3.0946
-0.01662
21.213
45.243
27.283
19.951
5.3285
-7.326
-13.286
7.3772
12.652
-0.89743
-13.514
2.2953
26.48
24.233
-9.9788
-16.468
-9.3596
-28.258
-18.375
-31.551
-1.306
17.268
-15.369
