0.77947
19.339
-0.34751
-31.945
-19.342
-4.6122
1.2866
-4.0654
5.2782
17.905
18.118
6.6871
9.9197
22.599
14.777
-10.159
-18.04
4.2421
5.6715
-5.8446
-23.882
-11.579
4.0491
-11.381
-6.1548
8.5139
-11.559
-8.3309
-10.077
-0.62749
21.469
7.7152
-8.7092
-15.115
1.8171
19.526
12.254
-0.78096
-11.282
-11.795
-12.151
-16.727
-12.78
-3.0794
-20.289
-19.411
-6.5205
14.275
9.709
-6.057
-0.65766
3.2915
24.38
16.145
45.217
49.865
44.87
25.821
1.1568
-15.842
-27.155
-37.466
-21.279
6.4652
-12.856
-41.095
-27.172
-18.681
-10.51
5.5761
17.685
25.258
28.787
38.073
17.04
3.7104
-7.9285
-1.4834
-7.5401
-4.2068
-11.389
-19.057
-19.25
-5.86
-16.334
-9.498
3.5798
-10.931
3.4747
-7.5608
-8.4502
-3.595
8.1742
-1.8102
18.798
28.868
10.632
10.698
22.71
12.168
-6.3952
-31.351
-11.327
18.363
-4.3876
-27.508
-35.494
-18.576
-2.669
38.843
57.486
39.814
17.731
-26.723
-34.391
-9.9333
-5.0939
-19.284
-17.427
-0.89889
5.2758
0.4765
1.5049
26.079
10.745
21.355
8.8226
17.227
10.943
0.014148
-24.162
-35.189
-9.4608
-0.015105
4.4419
9.6124
5.0612
-18.033
-18.832
5.4544
-14.485
-5.2406
14.8
6.3403
-24.594
-7.8448
-25.846
-4.1996
12.857
3.1627
6.1768
5.0326
20.166
16.014
2.4307
-2.7503
4.8928
1.9979
12.627
1.536
-15.174
-30.954
-26.302
1.941
10.909
24.861
15.911
7.5272
25.775
40.089
27.825
4.8523
-4.7249
17.537
-4.446
-3.0784
-9.6798
-34.078
-31.54
27.507
19.374
2.8629
-16.057
-29.111
-44.235
-24.824
-26.481
1.441
8.2923
-28.909
-47.266
-11.986
1.0622
-5.5078
-1.7154
23.676
15.672
16.34
-5.434
4.7254
8.6828
12.338
14.027
25.446
17.647
14.884
47.626
52.104
36.175
16.672
2.9467
-17.837
-7.7557
-16.829
-12.163
-8.0965
15.289
-6.6883
-18.735
-21.422
2.0623
-19.691
-34.097
-34.245
-34.552
-28.923
-6.1047
18.039
20.013
20.509
8.6488
-12.879
-22.549
-5.3904
4.0714
-8.3089
-22.013
-16.234
3.8917
6.2051
10.086
22.371
9.955
6.2434
19.45
34.122
60.295
36.853
-9.2217
-24.051
-24.352
-10.995
0.83509
-11.177
-9.1679
-11.329
18.555
31.66
-5.6899
-27.543
-12.438
-5.2008
-8.9387
5.6549
21.348
17.835
3.7274
14.302
-6.0903
-7.4299
-23.357
-4.8967
-8.0753
-1.8997
-2.0964
21.411
4.5776
-19.712
-18.825
-7.6463
25.581
16.883
-32.158
-40.823
-5.1622
-3.7023
-10.394
-6.8567
-4.1144
-12.586
-16.571
-8.3259
2.6146
20.857
21.441
18.412
4.8949
3.8167
13.099
30.13
31.566
13.647
12.324
4.3017
13.383
33.777
28.706
27.483
1.8006
3.1979
-12.59
-33.875
-25.65
-27.852
-44.968
-44.187
-19.83
-3.0661
-2.4807
-6.0769
-3.8635
3.2803
-4.7359
7.2553
1.6492
-6.3993
11.042
-0.37056
-25.69
0.56984
-18.593
-30.769
-2.4568
42.931
48.813
48.813
