51.984
-9.2799
-12.304
6.4985
-6.8103
-0.65486
-33.629
-24.418
16.01
45.643
7.6624
-9.1806
2.3896
6.6525
3.7302
-9.0017
1.2854
15.533
4.1919
-1.5015
-3.8357
-27.179
-39.131
6.0076
31.909
30.914
-13.687
-28.263
-21.906
13.41
5.3398
-2.2441
-6.3773
9.8556
4.4437
10.361
8.0016
-11.33
-6.4336
-11.394
-16.37
-11.762
20.355
11.519
-8.9251
-23.719
-37.006
1.5516
36.88
29.772
-3.6727
-6.2439
17.584
22.213
39.664
4.0769
-4.4634
-28.477
-19.199
-18.724
-15.621
13.996
42.563
8.4631
-15.202
4.7045
6.0754
12.385
11.132
-9.2584
-2.2145
16.503
-14.706
-38.379
-16.262
16.998
-22.62
-46.441
-34.168
-22.341
-4.8283
-12.725
29.779
49.545
38.113
-7.3659
14.372
-16.125
5.8316
12.267
-5.0266
-26.417
2.0792
18.814
23.85
-1.434
12.503
16.073
32.777
13.34
-7.7864
-16.13
-0.76911
24.23
0.34165
-14.466
-8.5491
-30.551
-21.222
8.0815
-9.2586
2.0781
-16.61
0.42018
-31.193
-31.562
-8.5269
1.0932
11.83
-4.5965
-7.8437
7.3038
29.282
29.252
21.248
-12.848
-20.814
7.0236
12.979
-3.1839
-20.397
13.684
21.931
0.13836
-7.434
13.04
6.0954
-4.7945
-10.856
15.268
5.3856
-10.981
2.0812
28.104
26.978
22.5
23.235
-8.1507
-41.548
-31.493
3.6386
-3.3667
-33.002
-27.758
-24.479
-29.005
-40.779
-3.6686
11.523
20.059
34.546
32.618
29.561
10.075
10.453
-4.2128
-2.5797
-2.9995
4.962
-31.157
-25.24
-17.434
-13.524
0.65093
15.588
23.347
38.057
47.204
29.827
-36.315
-20.662
17.518
28.352
-15.209
-21.988
-12.875
-2.7639
13.154
-20.418
-31.543
-26.233
-1.6876
14.614
40.192
15.804
7.7793
-9.1384
-10.644
-11.283
-42.017
-29.714
10.486
-3.8634
-2.313
-1.3642
59.538
42.923
4.5188
-36.638
-9.2695
-29.385
-25.179
4.6979
10.609
11.781
26.571
17.139
10.264
18.63
10.452
-12.28
-14.229
-5.6288
-4.1412
5.3799
-26.274
-0.9523
6.316
16.375
22.269
-11.294
-36.902
-6.3373
-9.3558
-19.9
1.9086
44.768
23.565
26.796
-29.547
-9.1812
18.297
12.09
13.301
-6.3158
-36.672
-41.676
-17.295
-28.677
-19.042
-11.018
17.78
39.633
1.6729
27.764
