-7.2021
-14.999
3.045
5.802
19.852
0.70104
-17.575
-33.373
-18.516
-39.994
-22.645
12.319
20.799
-10.838
-8.1248
0.0063117
10.622
-7.923
1.1551
1.5254
5.7839
13.295
14.353
0.30272
5.477
8.0605
-0.45653
1.7426
20.456
15.028
20.575
17.858
20.173
0.021398
-13.589
-22.408
-5.4336
-10.697
-3.1922
-11.319
11.893
-16.847
-38.07
-17.565
-17.066
13.457
7.1232
9.2399
-17.409
-2.0637
-1.8761
6.2974
5.1322
3.4678
-10.413
4.8663
11.749
20.835
26.783
34.936
-1.9976
-8.5101
-10.294
-2.8976
-1.8923
5.4682
-8.3389
-26.006
-19.784
-9.5334
-14.399
-5.9352
14.912
9.5694
0.55886
-5.9966
10.325
1.2714
21.024
-6.6959
4.1837
20.455
4.2062
-5.0158
-16.79
4.2194
4.0553
5.5856
4.3582
-1.2764
5.8973
30.969
5.3286
-26.076
-45.642
-20.871
-11.836
3.7045
-0.046351
18.056
11.965
-10.015
-9.7737
6.6363
-8.2406
-10.919
3.5286
4.3956
6.5769
21.117
3.0838
0.6192
-2.6266
18.664
16.02
-5.2106
-2.1165
10.445
3.2774
-9.3092
-10.06
-15.92
-6.7961
-15.189
-5.5794
-1.0157
1.5716
-12.924
4.7833
19.466
-5.8155
-7.7484
9.0809
25.622
19.457
10.691
11.715
5.861
-6.0808
-7.5807
-7.0627
10.314
0.36182
-24.215
-23.156
-31.546
-8.4439
12.438
1.3632
-5.0978
-12.467
-12.754
-21.868
6.8555
15.106
27.97
4.4684
-0.32143
13.337
12.217
-10.98
-8.1229
22.229
9.6004
14.6
0.13196
7.9287
1.2524
6.3367
8.8366
-1.1571
13.145
9.9288
-12.416
-15.947
-18.445
-20.656
-24.378
-16.857
-2.9432
16.695
2.556
-4.8704
13.533
11.955
-21.699
-6.0626
-1.8748
8.2113
-4.4222
-16.358
14.605
7.873
-5.2463
-10.629
-8.179
2.2854
-8.7099
11.377
31.402
19.255
10.462
0.25813
10.916
-18.814
-16.405
4.7178
11.333
0.48191
1.5865
2.6068
-0.75473
10.944
-1.7813
4.5188
-7.9107
0.57707
17.99
-19.227
-9.2801
12.916
4.1627
9.8028
-6.8728
-20.335
-29.296
-31.211
-17.829
-9.0972
3.1219
-8.5161
6.1783
3.965
12.723
18.335
-2.8019
5.7766
5.3156
17.362
16.47
5.3714
3.5649
-2.5251
6.5874
6.5465
-14.83
-9.5811
12.379
-1.0994
11.408
1.2763
11.851
9.2282
3.8085
1.2342
