-10.382
-15.952
12.387
7.8823
11.722
-20.607
13.023
9.7416
-0.59678
-17.548
20.552
-10.983
37.582
17.282
5.4412
-8.5597
-16.63
11.163
-8.5437
-4.1427
-1.3359
-21.653
-15.249
2.8958
-10.683
24.262
21.664
17.563
-8.3264
-23.46
-16.952
-5.2285
-10.291
24.942
12.47
8.317
-16.073
5.1526
20.714
33.357
-5.1545
0.8654
0.20945
-1.079
-20.407
-9.7695
-29.704
1.6414
-11.345
-6.4688
-26.363
-10.734
18.593
10.569
-3.7386
14.142
-8.7768
-17.018
7.6524
7.7329
5.012
6.1179
7.4588
-5.9169
4.5642
11.538
0.14917
4.3652
11.394
7.7725
26.574
3.8143
11.461
0.70943
2.0918
3.0526
-5.6222
-20.048
3.4675
-6.5177
-32.051
7.4204
-1.4344
-13.207
-8.4862
-4.4126
-8.852
-15.399
5.0406
-10.838
-6.5527
10.002
21.437
-4.9919
4.4544
-2.0077
-12.953
17.91
11.383
-12.552
0.46425
-14.323
17.784
23.294
-2.7166
-30.175
2.2108
17.843
3.325
1.6585
-17.33
-8.9854
-5.4875
25.242
28.331
16.502
7.8812
20.054
0.7975
-3.6538
26.918
-2.3167
-0.97555
-19.607
-30.04
-15.969
-8.235
-34.282
-6.248
-1.3591
-30.438
-7.6366
3.2071
1.0598
-4.9312
-22.635
23.621
0.73702
20.823
9.0042
-3.9019
21.592
29.772
24.963
-30.319
-11.083
3.1373
-1.7203
2.0623
16.558
7.1698
-8.7853
0.50585
7.8584
-3.1058
6.3492
-8.4719
6.975
26.421
16.377
-9.5775
0.50684
-1.2996
-12.562
-21.087
-13.001
-15.662
-24.999
-9.0319
9.463
-3.9131
-11.861
14.748
0.46642
-2.5772
-9.9508
22.551
2.8218
-10.974
7.8167
1.8894
-18.448
11.18
-1.304
-21.774
2.7401
12.286
-1.0044
28.843
48.246
29.264
-20.194
-21.732
-15.998
10.287
17.223
28.953
-12.106
10.296
-11.101
-22.395
-15.837
-14.82
-0.01208
14.62
-12.849
-2.5931
-3.0263
-3.6291
-19.823
1.7023
-12.276
-10.207
4.5726
-7.0828
-20.587
3.1339
5.9677
15.671
-9.9144
32.853
4.5493
9.4109
5.5246
-8.2561
-10.976
-6.676
35.168
13.742
2.4423
17.263
10.031
-12.759
-11.335
6.2369
0.14244
11.489
19.211
2.9762
15.653
-22.942
-32.557
5.2105
-4.1968
-23.891
-33.104
-21.254
5.9204
-12.402
-7.5606
-10.742
5.3162
6.2632
-0.96405
5.6552
5.1097
18.101
18.338
-2.2353
-5.0258
15.1
33.795
2.7104
-9.2225
-1.2596
-5.1558
7.648
-8.9258
-1.2382
13.354
8.5891
-28.642
2.0801
23.051
17.69
-7.8369
5.8144
-1.865
-2.239
-8.3456
-23.03
-4.6567
-17.178
-19.56
-10.402
0.1792
25.311
-4.7767
15.041
-2.0376
30.536
-4.0878
-14.702
-26.432
-6.4441
-11.831
40.733
7.02
-11.902
-19.87
-9.9219
2.8567
-23.682
17.242
28.075
14.657
5.7179
10.693
4.5181
-3.8424
-22.954
10.317
-10.562
3.7411
18.708
-19.723
4.276
14.765
31.862
-6.763
23.949
-41.823
-19.257
-29.64
-7.2259
5.3671
23.63
29.046
8.6734
-23.67
-8.5521
-9.3044
-15.739
16.348
4.3507
7.9492
-16.369
-11.371
