13.042
-6.0678
-35.913
-13.444
6.2977
10.365
4.0603
2.3208
6.0998
15.163
4.3656
-22.002
-27.776
-16.042
-7.4776
3.3619
14.083
25.258
17.996
13.108
8.121
5.286
11.067
2.8179
-14.613
-11.395
-11.081
2.5498
-1.3804
10.769
-0.8308
5.6675
-21.415
-30.648
-7.7056
-0.16809
2.0297
-3.521
4.7053
10.211
17.985
10.483
0.87474
-12.024
-6.2187
2.7802
7.7868
9.3239
12.709
14.511
-1.5907
-6.2087
-0.88876
-13.032
-9.252
-16.292
2.348
13.774
2.4436
-2.6623
-14.01
-23.681
-34.984
-21.013
-2.2337
2.7146
23.802
11.172
5.0989
-5.8134
16.313
34.848
28.207
11.275
16.195
13.984
27.492
16.276
-14.413
-27.561
-7.9003
0.025123
-8.9472
-9.0323
-11.432
-0.95609
-18.278
-24.678
-18.498
-14.157
-14.351
1.6638
-3.1257
-13.66
-12.87
-8.1356
13.009
30.141
42.349
32.052
-8.003
-21.019
10.831
25.176
2.866
-16.205
-14.358
-6.1539
-6.8276
-24.102
-25.008
5.52
17.409
1.5702
7.3624
5.8811
11.718
11.42
18.742
33.518
25.748
15.95
6.0085
-5.1609
-12.262
-7.3802
6.2023
-5.9669
-22.47
-19.473
-32.266
-35.122
-17.826
9.2006
22.88
-3.4369
-19.379
-35.789
-30.24
3.1916
15.064
8.3157
7.0489
9.6035
11.392
4.8748
5.94
11.81
19.917
14.617
2.795
10.16
13.503
1.6647
13.007
12.392
1.9842
-6.3121
8.4315
-0.033612
-9.8579
-25.807
-20.049
9.6096
3.2816
-6.5806
-0.29934
7.5805
4.9708
-8.4352
2.3517
8.9729
-4.9939
-25.042
-25.662
-25.952
-1.9123
-7.417
5.039
12.552
12.894
9.4991
-2.0344
1.6291
11.478
9.124
5.9424
1.1382
-14.349
1.1221
11.646
-3.6126
3.8261
-5.4879
-12.79
0.93815
22.355
5.5974
-15.476
-5.851
5.3876
9.1777
0.065327
-22.037
-5.0445
-5.6863
5.2714
19.954
18.635
-6.992
1.0841
13.3
20.948
8.6104
-9.7401
-1.187
13.752
12.599
-2.4196
-12.466
-17.729
-8.8256
-23.891
-28.882
-12.144
-1.3183
-2.0366
-4.8113
-15.91
-22.728
-13.037
-2.8526
10.829
7.6505
1.4556
1.0085
19.514
28.219
25.981
36.63
8.341
-5.789
-1.5364
5.5222
26.824
23.839
23.025
-11.525
-23.809
-31.346
-22.008
-15.584
-4.8057
-18.378
-11.397
7.7961
8.9668
-23.428
-0.11046
17.101
6.5825
10.532
-7.4556
-9.3112
-3.9748
-5.9854
7.6242
12.604
18.05
-0.17928
-10.538
-3.5422
-6.4641
-9.318
-2.8999
-3.2583
-8.4014
-1.3859
7.8829
-3.2221
5.5398
8.9581
19.617
11.329
-8.2634
-7.7554
11.066
-6.2317
3.6358
0.63621
5.7215
17.009
19.404
-6.5235
-12.478
-8.7566
5.7732
-10.991
-23.757
-20.453
-0.69324
1.5383
-10.18
-4.2889
5.2017
5.3486
-16.981
-1.404
25.52
18.237
4.362
6.7612
18.849
22.657
-3.1482
-6.4979
-9.4795
-34.805
5.4262
6.6688
-14.629
-14.861
-2.7671
5.831
21.081
9.5389
