19.112
-12.395
19.762
42.235
20.414
-4.8571
26.684
25.609
6.4935
4.7952
-15.936
-27.754
-16.326
-18.964
-16.943
-14.026
-20.124
-11.683
-19.096
-7.2065
22.376
19.087
-2.0341
-9.6397
-24.289
-6.6008
12.177
15.382
-2.7357
-13.463
-13.915
-27.213
0.061486
18.815
17.319
25.616
24.946
10.34
3.2409
25.617
4.0647
-3.6961
6.8567
7.6732
22.534
12.621
7.0784
-21.22
-36.382
-19.26
15.193
12.526
1.8213
-13.443
0.6726
-13.15
-2.1971
-0.49799
-32.434
-37.539
-19.609
14.284
32.71
16.944
8.7165
10.168
20.637
19.677
19.846
27.986
-9.3134
-33.985
-12.439
-28.034
-45.028
-23.59
-20.774
-1.945
-7.7718
2.908
-16.488
10.949
25.636
1.9141
3.2963
8.9191
26.727
20.502
22.68
-7.593
-22.047
-10.577
30.122
17.85
0.1637
0.47626
-1.505
-3.0267
-9.2334
-3.529
23.963
28.559
20.096
11.133
-11.583
-23.902
-2.8037
7.7905
-9.1137
-21.204
-18.598
-7.7865
-12.486
9.2136
5.5336
-0.4361
15.744
10.031
13.88
-21.644
-32.357
-22.675
-9.4036
-18.071
-31.966
-15.092
-17.814
13.394
0.74526
-6.8019
0.0069294
21.788
42.812
12.466
15.411
-10.535
-21.073
12.348
22.247
21.784
7.8535
-13.412
22.094
16.408
10.438
20.418
14.78
43.432
3.5516
-3.5476
-19.013
-10.2
23.709
-10.298
-13.101
-12.305
-46.135
-37.877
6.5653
26.331
5.6091
-14.944
-41.727
-20.264
-10.543
-28.375
-12.061
24.631
10.2
8.0647
-14.448
-30.005
-17.792
-13.695
5.0247
1.963
-18.496
32.013
33.886
-11.766
0.7025
35.649
29.442
29.792
25.929
30.84
10.355
-22.86
-23.172
4.5295
13.733
31.49
-10.834
-0.36093
29.638
25.736
-15.571
-42.67
-28.912
16.038
-4.4024
4.7424
-3.5976
-1.9656
-11.002
-16.027
-4.1376
-37.829
-39.486
-27.202
-5.048
-4.29
-2.2687
5.3039
12.314
26.639
8.6671
-1.7805
-5.8611
10.331
19.025
-9.977
-19.734
0.61325
14.464
15.226
-13.984
-25.064
-19.178
2.2081
30.59
18.708
9.8887
16.482
6.7828
20.684
24.969
13.685
-14.907
-15.221
14.838
16.459
0.592
23.923
10.096
-9.6326
-12.49
-18.566
-14.038
-1.128
0.72099
-14.073
-10.759
-2.2221
11.208
-13.157
-30.309
-39.489
-21.765
12.165
16.653
21.949
3.5395
-14.497
-24.628
-19.705
-5.1856
7.5395
-13.101
-2.2495
8.647
10.247
-1.6085
-7.9618
-3.394
6.4709
24.768
24.011
26.203
22.985
6.64
25.47
13.913
-5.9008
-2.7217
6.1232
8.7572
3.7123
-7.1167
-10.25
7.8267
15.071
-5.5239
-6.9549
-24.503
8.7774
0.86293
2.8436
-13.699
-22.124
-9.3879
-8.0914
5.1903
-1.6682
-5.3197
-28.976
-24.751
-33.513
-14.302
7.4097
-20.978
-7.2535
19.369
7.9723
24.695
10.918
13.649
6.2083
12.505
8.1792
14.053
22.164
-3.3908
-7.7576
3.1873
4.0714
20.997
3.4065
-14.356
-3.5813
-3.4671
22.885
0.20629
-18.767
-45.612
-21.301
