4.7878
-8.5845
-1.8678
2.5116
17.651
12.202
-12.74
-39.241
-8.8557
-18.059
-13.951
10.864
23.233
-6.3086
-9.1026
-10.229
0.59401
-4.4854
4.0387
-7.1007
1.9849
2.6326
0.78501
7.4651
-1.519
8.8667
-2.5704
9.8717
22.275
5.2554
21.463
18.727
5.2527
-2.7438
-8.4049
-14.919
6.3498
-10.045
1.9794
-7.3383
0.39042
-12.719
-29.163
-0.99236
2.3434
4.8576
-12.369
0.64821
-2.3153
5.8844
-8.0249
5.5094
8.4685
2.3428
-0.30905
1.5688
-0.23968
8.6025
21.626
21.783
-9.4432
-5.2914
1.9659
-8.4556
-18.888
5.6434
-9.2397
-17.927
-16.716
0.55296
-3.8077
3.1845
10.711
4.3311
0.61516
0.23121
16.407
13.139
15.677
-10.462
-3.1539
4.44
-5.4346
-1.3149
-9.8679
-1.7095
-2.2939
6.4935
4.615
5.7832
13.316
14.34
3.773
-3.3801
-19.923
-20.599
-8.5239
8.7281
4.8907
13.122
1.9405
-15.298
-9.6765
9.9701
-10.747
-15.804
-6.0924
-7.5189
-5.8411
8.5708
-2.2878
-0.048087
-6.9779
13.483
25.617
-0.68765
1.492
11.471
16.868
-0.53759
-3.146
-12.199
-6.7926
-11.52
-8.4576
3.2037
-2.1046
-2.9888
8.0652
16.082
-0.8214
-5.9402
2.8027
18.779
15.425
4.1377
11.342
10.51
3.2023
-4.6043
-11.893
-2.79
3.7098
-22.215
-25.499
-27.032
-15.158
4.7974
-6.509
-23.483
-10.889
5.4504
1.4645
5.9682
11.18
27.405
1.504
-8.4462
3.9114
6.7029
-7.4166
0.14
21.644
11.264
22.597
7.8936
10.791
-1.3624
4.6884
-1.1833
-10.079
14.846
16.379
-16.904
-5.9672
-14.901
-2.8377
-21.485
-5.8191
-4.6559
-3.7112
11.855
0.47317
11.906
3.9425
-17.54
-10.678
-2.6476
-12.115
-5.5372
-16.92
3.2467
6.7042
-4.5256
-18.154
-12.112
3.3084
1.1546
1.9001
21.107
17.664
19.771
7.4626
7.0909
-20.675
-6.7481
16.823
23.929
20.326
9.9332
6.0008
9.8071
13.698
-5.9079
-6.8133
-9.8828
-1.9175
13.359
-23.929
-21.086
-4.6064
-5.9676
1.5391
-13.334
-15.154
-22.801
-20.312
-13.685
-12.859
-2.3203
-6.6878
7.3874
5.7614
10.145
15.814
0.55035
8.9495
13.795
31.136
17.781
8.373
6.2364
-2.3642
0.23522
4.5736
-10.891
-15.863
11.379
-8.2984
3.438
0.67842
6.0313
12.369
-8.6835
-5.7387
