3.7419
1.0016
0.49666
-8.7155
-24.947
-1.5431
23.474
17.197
-9.008
16.837
-2.0881
10.83
17.161
3.4716
-14.677
-1.5281
40.209
30.829
-28.377
-19.343
-24.787
9.2704
15.707
15.25
9.3392
-14.511
-8.4344
3.0797
13.021
-6.8975
-16.662
-6.9976
0.29581
-17.416
-22.331
-4.9716
0.020954
-32.225
-29.223
2.5695
7.0152
15.981
11.221
13.393
24.675
-19.521
-8.9445
18.991
33.95
26.003
23.807
12.844
4.065
13.011
-5.8058
-5.8443
1.5687
24.35
-8.1524
-13.698
-31.439
-47.161
-26.917
-9.4259
10.94
-29.825
-19.268
3.874
13.307
31.317
24.246
11.766
-5.0121
-5.6192
-10.816
10.449
10.299
-13.731
-5.0224
-9.3407
0.27961
3.3681
-3.176
-2.1504
2.5246
24.515
18.503
0.13704
7.429
-4.9964
-24.253
-18.376
13.29
15.396
-10.483
-13.976
-19.484
-15.907
-1.6285
5.5283
20.721
15.732
12.41
10.459
33.37
9.3867
2.469
17.705
26.571
32.853
15.289
-23.275
-54.12
-43.521
-54.178
-36.084
-22.857
-41.859
9.1681
32.598
18.363
7.5262
18.355
-0.61635
-10.963
-9.7185
4.1625
1.9885
1.021
-9.5978
-9.9462
9.7849
23.723
41.85
52.258
49.636
4.7635
-20.866
-14.89
-23.103
-23.466
-12.72
4.0714
9.6652
5.3529
6.6606
-7.3082
-4.5117
-6.6811
-12.803
10.023
26.016
6.2657
-20.705
-34.069
-22.925
-4.4291
-2.5884
-27.506
-22.702
-1.2844
10.7
8.605
19.832
12.313
13.943
36.762
36.689
-0.15716
-27.119
-20.17
-4.935
-8.5636
-18.597
-25.894
-13.561
0.44558
3.4577
10.591
7.4095
-5.0686
17.123
35.218
36.978
16.169
37.77
32.477
9.8773
-21.115
-29.089
-25.613
-6.1201
7.7942
-13.579
-23.674
-22.805
-37.399
-40.321
-15.835
9.6255
-0.74639
-6.427
-0.73202
32.934
36.549
1.6644
-14.234
-2.0838
12.766
8.8585
13.051
10.128
-12.469
-21.553
-4.4278
28.664
19.639
6.5989
13.692
1.3242
-14.314
-3.3767
8.6168
35.75
16.427
-27.138
-33.887
-22.688
5.3741
-9.2019
-43.753
-25.362
-9.8781
20.508
21.643
4.3829
-7.0584
15.604
25.853
9.3764
13.023
-14.954
-30.993
1.1734
0.9882
31.266
31.389
9.7772
5.5159
-15.095
-13.296
2.0033
-14.345
-0.55955
15.133
-20.852
-19.018
-4.8842
5.7568
16.291
14.766
-26.249
-51.418
-14.748
10.696
5.2922
-1.1777
11.943
28.755
7.0149
3.7749
-3.3462
-1.4177
9.4579
6.9238
15.967
-9.9506
-12.248
-19.244
3.8939
4.5109
34.176
20.085
35.246
-6.1612
-26.154
-31.124
-4.3637
-5.2088
-16.518
-22.442
-6.5329
12.098
19.457
20.233
21.507
-6.0993
-25.897
-21.62
-5.0628
-5.6579
3.6367
0.74107
5.5892
4.3258
4.3985
0.82737
0.35112
5.1341
-3.5824
-15.736
-32.41
10.248
6.4917
8.4712
22.7
28.836
16.557
13.815
-3.7983
-11.196
-19.038
-9.2455
6.2511
-1.9432
-21.877
-1.5687
19.92
30.14
-2.2808
0.44728
2.1958
-12.023
-15.357
-26.117
-9.4323
10.337
-19.636
