14.305
0.43649
6.7548
-7.6648
-15.792
2.1422
-4.7999
-8.5175
12.312
32.078
18.495
-12.051
-4.2458
16.929
11.865
-2.9743
3.5314
6.3297
6.963
0.085102
-10.312
-16.219
-31.001
-6.4737
14.886
4.443
-20.393
-27.868
-24.6
-6.489
-9.3902
-16.157
-5.2632
-1.1249
-0.36225
10.326
27.682
17.247
3.113
5.3075
11.665
8.1427
18.761
25.519
5.9112
-6.1221
-35.248
1.32
11.361
13.003
-17.047
-20.805
-1.8917
3.9153
14.898
6.2286
-1.4945
-14.323
-5.3147
-3.8419
-15.821
4.5699
23.804
10.613
-8.0434
-2.8286
-1.8179
5.577
7.3282
8.9218
14.248
13.938
-12.547
-16.175
-4.198
11.114
-9.7601
-31.297
-19.064
-18.775
-3.297
-8.5947
12.898
25.153
11.613
-9.0956
1.0551
-11.531
-5.304
-3.6096
-11.323
-12.224
-12.378
1.4888
24.873
26.89
23.906
19.266
22.769
11.596
-8.7146
-5.7093
4.2145
16.358
-4.9442
-12.078
-8.0052
-14.752
-8.6769
16.396
0.021905
8.9565
-1.6148
9.2773
-14.058
-20.623
-11.121
-1.1581
-8.6496
-9.7262
-9.654
-2.2097
11.231
-1.0314
0.6486
-10.779
-23.696
-5.7985
5.4336
-9.7188
-22.278
8.6728
12.844
0.30556
-8.8624
5.5812
3.4649
5.1962
15.759
25.028
20.226
18.639
28.209
28.709
24.56
22.347
24.622
-2.2194
-17.295
-6.5085
-18.487
-17.9
-23.756
-18.458
-26.787
-26.532
-28.076
-11.499
-18.912
-2.3243
5.5488
9.1894
16.016
4.6155
0.78362
-17.098
-9.6311
-8.4418
-3.3744
-8.0089
-2.3067
-4.541
-15.977
2.3855
21.703
25.293
32.808
49.488
37.702
3.2758
-0.63741
-0.17524
7.2926
-10.548
-10.262
-16.088
-7.8047
5.7785
-1.2304
-14.969
-9.4042
9.1832
7.1632
23.105
25.212
21.83
-2.0558
-13.282
-14.592
-32.531
-38.157
-17.099
-28.082
-18.651
-24.281
20.228
14.888
-8.4517
-25.293
-16.444
-23.569
-27.142
5.0111
11.508
34.577
27.92
29.18
41.411
24.99
13.927
2.3812
15.822
25.582
32.409
26.181
-14.212
-10.137
-7.6175
-3.106
15.483
-12.52
-33.773
-27.385
-25.995
-25.104
-17.011
11.394
2.1052
-1.0648
-20.487
-9.2467
3.1584
3.4711
2.0207
-2.8204
-2.8764
-19.808
-6.4368
-6.274
-1.9299
-8.8369
13.091
25.038
12.512
27.916
