-13.153
-23.096
-99.953
-45.481
10.963
2.3747
-4.8882
25.201
3.9407
43.046
50.072
64.313
29.763
37.622
31.466
23.693
23.293
13.548
39.629
40.469
17.56
-38.837
-42.022
8.2949
4.7334
13.181
8.2131
-29.092
-80.253
-70.685
NaN
NaN
NaN
NaN
-3.6731
24.219
5.6807
57.714
75.514
66.458
31.299
-16.21
6.2098
39.567
-11.127
-0.77897
-41.062
-31.852
-46.696
-21.211
-0.17275
18.272
-34.452
25.47
18.518
0.3652
-14.313
-59.172
-31.775
36.462
42.258
60.092
37.279
-32.575
-20.191
-20.654
25.461
44.395
23.809
23.07
-47.291
12.783
NaN
NaN
NaN
NaN
-70.02
-57.179
-51.421
-20.209
-54.583
-48.598
-36.98
-22.812
-41.369
26.061
22.386
-27.758
44.269
56.037
34.922
20.914
34.826
12.732
4.3548
-13.236
-22.029
-24.371
26.668
14.136
31.713
7.1822
-42.442
13.862
-8.9223
-60.384
-9.0413
28.241
-7.6437
45.866
13.188
14.508
69.654
34.542
35.372
-46.839
-42.803
-62.703
-43.604
-42.4
-38.948
-12.321
14.52
9.8631
NaN
NaN
NaN
NaN
-29.842
43.252
-3.5214
54.539
74.252
14.945
-13.114
2.9981
-25.764
6.9005
17.417
26.076
18.179
-7.1069
6.2352
-1.9429
-42.616
-7.7138
19.726
-55.448
-7.2146
-8.5675
-14.571
-61.625
28.48
28.924
46.197
-5.5013
31.339
-17.308
-40.606
-33.321
2.8429
-12.642
33.804
-40.694
-12.757
13.062
26.64
-17.378
59.382
58.848
24.925
5.5167
-22.487
27.177
2.1423
-0.34806
-15.745
-6.4966
-11.564
-12.147
10.212
-20.051
12.024
-10.905
-29.369
-80.85
-60.319
-10.696
-3.1407
16.025
19.81
18.485
24.596
43.769
30.977
33.297
-3.6088
-9.334
-3.4275
21.052
-35.973
31.345
-12.705
-12.2
-52.855
-11.947
40.124
4.9682
52.653
64.538
31.136
-25.258
-109
-18.711
-11.464
25.77
25.251
7.2507
-21.769
-31.977
8.4142
-45.504
22.798
-3.2063
NaN
NaN
NaN
NaN
-20.348
26.437
34.442
39.226
19.429
-4.822
-7.1506
-30.165
-26.461
-63.266
12.107
1.3179
23.976
53.593
57.21
28.559
-6.1814
-37.946
-32.095
-22.225
4.8729
-60.51
25.616
-4.2694
-27.057
11.878
9.7687
-42.73
31.742
-18.297
6.9884
48.5
13.904
-43.837
60.427
48.804
48.318
-7.9453
18.609
-4.216
NaN
NaN
NaN
NaN
9.0064
-30.941
-47.245
16.241
-12.725
-16.059
3.0859
-22.9
-5.7776
-7.424
-18.404
-35.214
-50.315
-32.441
3.5191
42.12
-18.1
22.024
65.744
35.245
83.822
36.528
30.725
1.5472
9.181
17.047
17.141
40.227
-25.613
-36.731
-10.533
-25.794
8.9474
40.666
-25.747
-24.962
13.029
-14.796
-25.167
-64.268
-63.891
