-2.6136
-23.572
-35.881
16.148
-18.6
9.379
41.826
58.868
35.747
-64.572
-20.771
74.041
91.551
36.771
-46.521
-21.619
-11.339
-57.461
-28.566
-13.745
17.858
38.355
-11.868
-31.844
-14.633
-17.464
-0.55432
15.723
-4.5372
3.7606
-8.8174
7.5704
35.748
21.711
-24.953
-41.396
9.1559
-11.12
-39.559
-30.322
-11.572
40.799
-6.1257
12.176
36.934
29.793
13.11
-0.16275
-25.807
-6.423
-33.428
-25.071
-46.908
27.314
67.925
-8.9501
-39.194
18.305
37.814
51.034
51.616
19.479
-34.281
-21.547
10.576
-58.342
-65.666
-15.011
87.566
44.289
-10.042
-10.351
5.6694
-7.6622
-19.451
28.104
1.9368
-19.778
-48.104
-6.608
16.788
12.732
0.24829
45.902
52.392
-24.435
-45.365
-8.2629
3.3259
-18.613
-44.078
-44.091
-29.886
0.037235
-1.9983
-0.73969
8.7769
-27.654
-54.724
3.5748
33.263
52.12
22.486
11.885
14.13
62.753
61.376
28.637
0.19744
20.924
-0.2399
0.72305
6.9896
-17.756
-32.865
-15.374
-12.719
-23.529
25.63
17.427
-1.0486
-2.0672
-53.071
-34.936
9.0942
22.576
37.051
6.035
-78.808
-66.937
-48.465
-7.0535
3.246
22.869
69.194
50.684
7.0013
-75.32
-44.007
-15.182
-2.9291
41.38
26.381
21.694
43.508
82.833
51.51
20.812
-18.244
-32.947
-46.776
-19.519
-12.179
-18.053
-8.4625
-46.39
-78.207
20.399
-22.927
-11.447
31.377
62.856
7.3927
10.373
75.663
76.744
-9.7065
-51.076
-23.002
17.021
-29.123
-45.071
-17.476
36.225
24.849
5.3012
0.57441
-8.9682
-21.348
-4.7826
2.3975
NaN
NaN
NaN
NaN
-39.837
-61.378
-11.482
3.2628
-12.549
-43.221
-18.793
15.84
14.894
-7.1018
-10.545
0.41128
24.362
25.25
36.408
22.325
-66.389
-34.322
26.378
13.949
18.791
52.173
36.187
-3.6312
-20.951
48.332
53.804
29.431
8.2203
-58.859
-46.787
-16.496
20.21
-26.565
-54.395
-44.869
24.715
3.5388
-68.015
-75.053
-24.289
23.314
NaN
NaN
NaN
NaN
63.197
49.224
29.546
-46.917
-60.007
7.1522
-10.346
-83.063
-44.868
-51.388
-40.939
-22.638
11.415
-8.0378
39.143
24.021
69.21
