NaN
NaN
NaN
NaN
NaN
-53.786
-23.132
-43.787
22.371
64.987
35.759
124.82
40.997
-53.106
-1.1455
-73.082
-35.403
-12.882
-44.33
-37.113
-6.2785
11.429
61.668
28.441
82.112
30.598
43.433
-17.411
-46.826
-17.778
-20.014
17.49
-30.809
6.9228
-25.679
17.873
44.49
0.43492
-17.155
-43.205
-19.848
35.033
-1.2979
3.6251
-32.058
-29.614
-23.816
15.83
9.7434
33.139
28.46
11.356
-56.671
-22.581
24.301
51.047
33.178
12.194
-21.295
42.615
57.469
-18.017
-32.668
-73.794
-29.28
-49.626
-5.4841
NaN
NaN
NaN
NaN
2.2564
-30.09
-19.533
-8.3457
95.517
9.5277
22.149
30.143
-30.114
29.119
-10.777
-9.4539
-18.842
47.899
-2.5985
16.953
10.622
-0.35684
0.43879
-31.057
-7.236
-72.865
21.46
-9.1302
-19.727
39.076
28.263
29.095
-18.716
-37.445
-83.809
-7.6863
0.55406
68.368
18.996
-15.84
-27.981
6.9772
35.313
-0.40776
-2.7925
-6.0041
24.415
NaN
NaN
NaN
NaN
-2.8776
4.2845
10.655
42.195
-48.27
-43.787
42.879
47.928
52.358
-14.843
-47.39
2.6663
25.941
-9.9522
-47.739
-11.938
-66.932
4.0748
23.563
8.4263
38.519
-59.835
-13.519
-0.8032
-15.401
-50.686
24.629
-10.337
50.618
76.13
45.37
-31.946
-52.17
27.316
67.771
19.474
-17.617
25.85
-39.468
-16.396
27.742
33.839
-14.457
-76.934
-36.637
-32.107
-8.9898
-54.441
-12.051
-43.266
-71.066
69.687
80.73
68.198
0.56398
-9.1842
27.982
77.681
77.825
74.114
-24.091
-59.288
11.522
-49.757
-34.681
-16.15
-48.905
-30.891
13.7
31.881
-75.235
-34.664
-41.362
41.942
54.601
45.722
-35.358
-25.967
-17.524
-25.372
14.155
14.888
-10.426
19.049
57.321
22.761
-36.101
25.821
22.634
43.789
-0.10271
9.5723
NaN
NaN
NaN
NaN
-22.394
-39.507
-19.132
31.557
-6.8225
-27.901
-16.085
-14.761
20.002
20.527
50.092
28.467
-0.086917
35.67
-76.163
-23.046
-5.6187
-5.2836
21.279
9.2113
18.469
34.595
-22.263
-62.901
-33.831
14.808
87.617
19.459
-71.686
-48.638
-4.3877
-13.794
61.428
-14.787
-96.261
40.754
29.051
50.527
81.164
31.175
-60.322
-43.165
9.3061
10.427
22.087
28.059
4.2618
-55.088
6.1594
2.8637
23.131
16.014
-66.991
-35.393
-5.5364
-19.476
26.575
-47.571
24.513
78.792
23.857
-63.469
50.144
19.192
-21.704
36.967
-28.434
4.0439
-51.854
-56.087
41.844
-13.293
-10.546
-14.567
-67.434
21.187
-11.935
19.493
13.513
23.073
48.911
24.765
54.835
-6.4306
64.929
2.9286
-45.744
-37.254
22.242
-36.381
36.45
31.103
25.316
