15.805
-39.001
-35.081
-0.13564
-9.0182
-11.293
29.258
29.634
32.601
-7.8815
19.264
63.035
85.535
54.932
7.8412
-8.3648
-39.504
-42.135
-11.177
-34.826
-0.72632
4.5989
-10.3
-28.938
23.26
11.472
-13.052
18.181
38.232
-7.678
-3.9514
-36.499
24.617
31.494
-2.5128
-35.627
14.766
-10.675
-26.042
-55.439
32.651
35.985
-0.55747
-24.893
-27.848
-11.97
2.2922
35.299
23.09
3.4748
-44.663
-4.5962
-22.918
-47.712
-6.667
-24.007
-55.337
-22.604
4.1501
51.327
42.504
51.205
4.226
-10.572
29.774
4.3953
-3.5562
28.16
98.725
85.971
47.327
-47.891
1.6116
19.497
-39.376
12.131
-38.352
-44.78
-25.88
-51.798
-16.613
10.655
31.081
21.674
33.48
-33.831
-57.428
-34.014
3.334
22.452
-51.86
-55.927
2.8338
-18.557
-16.164
-27.813
-3.1302
9.6457
6.0011
-27.449
11.728
55.211
49.338
35.62
46.899
58.17
82.4
48.8
-16.826
-48.881
-35.375
-18.563
-28.079
0.82156
6.5861
-28.222
-24.086
-35.979
-6.5682
-8.9096
17.35
11.188
16.305
-13.938
-18.113
13.31
51.198
34.754
-26.62
-0.89633
-37.701
-3.5022
-12.472
-17.374
37.386
50.718
2.5981
-74.681
-38.698
1.2366
33.647
23.327
-25.259
-15.304
-33.234
61.655
82.392
16.519
-20.392
-18.117
-14.602
-19.95
3.9656
-32.809
-0.96388
10.76
-42.426
-56.149
-19.572
-15.004
-26.892
-3.5962
-0.62709
28.661
49.989
104.51
41.289
-48.441
-28.635
41.78
9.5067
14.56
-4.1677
25.059
42.89
9.1919
-20.025
0.45646
3.324
-1.068
5.4559
NaN
NaN
NaN
NaN
-48.312
-43.23
1.3282
27.816
-40.367
-26.951
-4.8432
3.745
30.093
19.791
5.6272
0.98041
2.5002
-24.362
-11.691
1.016
-69.173
-43.208
6.774
24.262
15.096
50.619
53.06
-4.7265
-34.02
-5.5922
-2.1809
27.965
48.877
19.911
-2.8032
-10.535
-34.508
-20.874
-9.2556
-12.151
14.762
55.574
18.464
-8.5401
26.302
-9.023
NaN
NaN
NaN
NaN
8.4885
9.4541
6.7519
-5.7309
-27.203
-20.043
-15.205
-110.55
-72.512
-26.008
32.674
-0.88408
-14.551
16.493
27.533
-8.1799
-6.3146
