-0.38209
11.696
-30.409
27.513
26.897
22.495
36.995
9.6486
-27.527
-1.1897
-6.2102
11.947
-15.142
-2.3052
-0.98912
30.868
37.917
-18.822
9.5262
10.332
-35.043
-12.268
-32.719
23.887
14.017
-22.27
-18.257
-4.0986
-32.635
-38.959
NaN
NaN
NaN
NaN
1.4236
-33.474
-44.596
-8.3185
16.068
11.406
12.058
43.149
6.2887
33.386
41.32
18.563
30.861
-19.118
-19.341
-21.502
6.0677
-0.34838
-31.218
-7.3291
12.166
10.729
-2.8493
-4.2744
-13.048
15.604
-12.061
7.3535
8.0882
-32.189
-9.4663
17.042
23.445
-12.38
-13.886
20.79
3.6957
7.2987
NaN
NaN
NaN
NaN
-56.25
-13.239
3.189
16.314
8.9066
18.351
23.801
15.013
2.5829
4.2053
6.6755
8.6548
26.043
18.135
-11.764
-19.948
24.699
17.251
16.433
-11.507
-14.149
-29.142
-7.6439
-7.4304
-20.895
-6.7923
21.722
19.197
21.825
16.777
-25.891
-14.842
-40.01
7.609
16.761
13.971
19.156
6.3391
-15.947
-18.602
-25.577
-30.088
-38.731
24.057
5.5521
12.616
-16.144
-3.2637
NaN
NaN
NaN
NaN
83.364
-0.16642
-35.715
-45.065
-16.151
18.001
-3.6413
-12.072
-25.697
7.4891
-5.6202
-3.7179
-16.781
24.957
11.311
-9.0343
15.212
-15.329
15.268
7.4036
1.6936
-6.7009
17.391
-7.6749
-7.6197
30.375
28.81
4.2503
-12.123
-28.126
13.398
-6.5952
9.6966
34.965
-4.5936
-53.687
-55.947
-30.036
-28.848
-21.936
-14.391
-36.384
-1.4609
13.336
18.055
10.85
54.955
57.849
56.708
58.409
13.396
12.555
-12.465
-16.264
-7.0127
-31.459
-21.227
-4.2943
5.9239
-27.506
-4.0385
-16.775
-24.87
-16.463
-1.0036
17.485
15.576
-9.246
-0.67526
23.863
3.9183
-24.142
11.796
19.573
-13.347
23.479
-19.638
-4.2455
4.7688
23.09
-18.067
35.418
-8.8811
-40.448
-28.58
-9.865
0.18367
11.961
22.201
-16.269
-24.205
-3.3803
19.832
17.227
7.979
25.469
NaN
NaN
NaN
NaN
2.7711
-14.512
-10.445
-9.8774
13.88
-10.158
10.824
18.158
17.273
-21.332
-12.031
11.553
-0.16232
-18.324
7.0068
21.136
-13.247
21.173
25.022
-18.942
-15.424
-2.1608
-0.85879
14.136
5.6191
-31.522
2.9359
-41.846
-23.62
1.8924
8.6561
3.6656
-4.5533
-9.9463
1.6438
-2.4827
20.718
-7.8079
4.7298
28.152
NaN
NaN
NaN
NaN
20.741
11.327
8.0094
49.82
21.539
14.137
38.146
-33.596
-28.796
-24.438
-14.137
-20.594
-5.0919
14.468
-0.57265
-5.8333
-5.3763
-18.01
-5.5497
11.67
-14.446
-19.573
-9.0238
-8.3215
4.733
22.957
24.743
-0.70256
1.8326
28.359
17.589
5.645
-22.654
-43.384
0.096335
-4.7397
-5.1556
20.916
-21.872
-20.084
-0.78012
