-3.3956
-0.88209
-63.057
-40.114
-40.994
-25.108
27.267
2.0093
32.46
-22.263
36.059
6.1071
17.211
5.9236
-6.929
12.106
19.24
-50.446
43.168
13.455
6.7213
46.127
2.4182
12.511
-0.51442
-47.44
-19.37
-6.7031
-13.447
-16.665
-26.067
-1.0495
-34.587
2.6601
14.882
24.848
9.6055
29.267
-9.9904
44.01
-47.157
-9.6954
22.306
90.327
26.055
-30.056
-74.067
-18.587
-23.006
-2.7113
-14.246
10.241
-28.235
-40.922
-20.086
43.921
-22.905
-8.8854
-15.107
-3.7649
53.386
16.215
66.853
26.963
5.1467
-46.597
11.884
-32.27
66.957
5.0308
43.687
-29.248
-17.665
25.435
-24.825
-35.052
4.4561
2.2949
-2.6488
-12.517
5.6534
-11.251
13.172
6.394
40.429
76.001
21.752
-49.559
-60.808
-69.431
-48.4
-9.3886
-22.091
38.015
-4.0621
-22.939
-0.44714
-15.993
11.045
-16.576
55.171
-0.59465
-5.8428
55.91
-38.739
-14.221
13.207
79.098
7.0749
0.52463
-23.358
-12.173
-25.338
-50.372
25.283
52.316
-0.3666
28.498
69.708
58.749
-30.964
-0.28872
-26.935
1.4923
-49.765
-27.693
-5.4584
4.5423
-30.67
-35.743
-40.01
6.7068
10.216
44.72
36.457
37.031
-16.003
-1.0935
-94.133
-43.063
-27.405
17.457
15.922
11.405
65.129
9.0117
46.418
5.6304
-17.186
33.832
-30.031
-51.985
21.931
-17.762
-13.257
-88.579
21.157
-12.508
25.207
7.6252
-7.1468
94.031
53.544
-28.992
-13.25
45.438
32.326
2.9483
-16.845
-14.802
-24.792
-39.143
-12.275
7.4063
27.156
74.829
-16.092
-3.469
-30.905
-19.957
3.2174
NaN
NaN
NaN
NaN
11.257
-30.138
-63.332
-25.718
9.8028
21.437
-12.758
-37.007
92.069
61.517
33.797
-22.341
-20.358
9.5409
29.127
45.991
-45.143
-26.764
12.166
20.861
-9.0222
21.277
-16.107
10.499
-15.264
9.655
24.775
13.216
-6.3321
-2.4349
-19.481
-28.107
-41.746
-58.627
41.185
-8.2372
0.93996
17.844
-4.3787
-26.206
7.3063
46.808
NaN
NaN
NaN
NaN
-21.821
9.4308
-2.9488
-1.1091
-43.092
17.693
56.591
10.62
-39.08
-33.985
13.353
-51.551
-36.435
-14.867
41.296
37.047
76.539
