NaN
NaN
NaN
NaN
NaN
-6.6578
13.451
5.9632
63.765
38.19
-44.499
-8.2435
-65.421
20.32
-25.631
3.2857
-7.2921
44.819
-21.79
-43.542
20.248
0.85739
4.4856
14.522
30.541
17.991
79.89
29.48
10.866
-5.8178
-40.329
21.372
-52.839
-52.979
26.08
56.779
-24.517
-31.756
-55.215
1.0135
-53.289
0.50584
-21.398
16.427
-33.484
21.13
-16.502
-13.265
39.532
76.112
31.447
43.188
34.312
-64.267
-45.484
50.265
-26.014
-28.598
31.502
-30.82
-12.094
10.669
18.687
40.716
-17.016
17.042
27.887
NaN
NaN
NaN
NaN
-76.719
49.521
-15.072
-20.571
55.738
-11.633
18.773
22.003
26.394
36.423
-4.5442
-33.913
7.7059
45.281
-5.8637
-42.435
14.921
8.1246
35.112
39.881
-47.408
-49.619
-4.7162
-17.423
-21.656
-18.742
-7.4611
-5.5374
-52.465
8.7634
26.668
59.753
34.571
-11.187
-23.029
8.0766
-8.1007
-30.911
1.3172
-0.34084
-43.863
-6.3662
48.654
NaN
NaN
NaN
NaN
54.653
41.895
-47.947
2.4093
12.751
15.305
14.359
69.943
-46.627
-32.095
-43.014
11.822
-8.7463
7.972
-33.303
-25.509
5.9105
-40.332
-4.7741
-40.21
-46.555
-43.456
5.1732
-0.84455
31.259
-7.4104
13.332
21.962
81.615
50.976
-0.43035
-46.906
27.093
39.93
-0.47767
36.92
4.8601
17.426
3.3461
35.753
34.665
-28.932
-84.159
-62.308
-31.399
-22.758
-11.669
20.995
-15.23
-7.3318
50.335
13.452
19.927
-11.441
-30.701
5.8468
14.716
0.31064
65.329
16.094
2.9959
-7.7305
-52.004
-15.05
-34.53
-8.2223
-28.879
-44.5
22.526
28.282
-7.8879
-28.735
-1.119
52.262
5.5412
57.235
13.89
-37.607
-14.095
-15.572
-26.455
5.7635
4.435
87.48
31.942
50.485
31.762
-48.58
-17.902
0.6689
-17.153
7.1524
NaN
NaN
NaN
NaN
-33.409
-8.4612
-31.477
-35.61
24.462
-0.022215
-12.524
12.747
3.7443
37.336
24.284
43.548
25.614
32.543
-38.149
-68.859
-31.38
-61.821
36.469
35.083
-24.657
17.831
39.701
-29.199
45.477
-8.4347
1.8999
0.43715
-31.486
41.19
-28.142
5.8049
8.8085
-7.5204
25.558
-17.9
9.2046
33.095
26.985
64.835
42.876
-27.258
19.529
0.1587
-49.286
-56.714
2.2215
-38.782
-31.081
-127.84
-48.056
32.202
-20.725
-51.362
-0.44981
62.093
131.06
31.073
11.928
-116.39
-36.35
55.778
43.711
13.736
109.68
44.586
-1.472
21.196
-26.173
-38.193
-60.197
-51.061
12.371
12.037
28.295
-2.7661
-31.793
23.18
-4.0614
5.6632
7.0227
20.201
-10.615
-12.229
-0.27278
-1.0389
27.015
-21.869
-78.452
9.1486
-22.133
3.0866
60.457
