NaN
NaN
NaN
NaN
NaN
19.176
2.498
5.9004
-5.4501
10.171
15.238
33.429
74.795
30.516
3.3578
5.7013
-65.859
-3.1283
-3.8724
1.6912
-63.271
-22.55
-39.228
-33.874
-41.754
33.179
14.072
17.757
-18.412
-7.7501
-2.3457
-9.3213
-44.496
-13.982
-4.6146
11.855
11.655
-0.40113
37.733
53.647
26.195
-27.135
17.092
44.112
18.354
3.7524
18.551
7.4436
6.3147
22.928
-11.894
-28.325
-33.704
-7.2329
12.557
-31.472
-12.766
50.733
0.63625
-23.966
-6.4037
-14.762
-12.471
-12.111
-43.215
5.0907
31.377
NaN
NaN
NaN
NaN
-19.937
-11.534
56.595
2.3281
10.274
55.049
14.879
11.978
-43.522
-31.793
-22.781
-3.1442
10.523
-16.628
-28.333
1.2666
11.74
4.3602
-47.63
-10.869
37.19
-15.566
28.811
49.539
54.834
53.356
46.652
8.4254
24.39
-8.0899
9.8656
-11.115
-66.648
-32.216
-29.668
-43.787
22.108
17.585
35.049
12.921
-63.45
-71.041
37.964
NaN
NaN
NaN
NaN
-36.339
57.442
66.553
-23.826
-23.498
4.3632
20.494
12.539
14.465
-13.759
49.883
20.559
58.683
17.55
42.976
28.24
6.4781
-50.202
-0.11144
5.2057
5.5266
3.4882
-12.143
-11.302
28.227
5.5952
-10.408
-17.885
2.4807
-48.372
-30.765
-34.87
-47.782
-50.416
-82.525
21.927
-5.0047
-17.313
-23.634
-0.16782
33.653
33.166
60.827
80.756
28.576
33.465
29.079
31.42
28.875
35.46
-19.719
-45.189
-8.8798
23.886
23.158
-35.38
-14.86
-23.353
-24.033
-41.333
-22.039
-43.521
-3.1817
-33.84
-8.5443
-15.088
8.3067
18.636
19.965
-12.152
-1.3009
9.1225
41.83
8.3383
31.021
13.759
-4.9209
33.032
1.3191
18.502
-5.4939
39.463
48.349
-14.298
-65.095
-14.758
-1.9592
8.3517
-7.2017
-3.252
-28.911
-19.88
NaN
NaN
NaN
NaN
3.6408
10.308
-17.124
-0.23927
-11.593
-33.66
69.602
22.027
10.436
27.828
44.629
-3.2357
-43.464
-54.199
34.633
24.512
39.61
19.025
6.8003
-8.7088
33.943
7.5011
-48.033
1.0421
-26.097
7.8273
-3.7673
-13.909
17.715
0.015281
-11.902
-4.3143
-38.283
-8.8623
8.3193
-1.8704
31.368
-14.696
-20.891
-16.241
-3.795
3.1012
7.5869
-37.362
-30.575
5.3449
2.2065
-45.291
35.624
33.605
52.534
37.33
35.822
-42.917
-32.754
-17.373
-5.4853
34.05
45.484
11.108
16.515
-41.765
18.84
73.197
41.596
-7.6674
-4.4037
-28.96
-6.4565
2.4018
-42.393
-22.433
-57.074
-18.378
8.1175
-13.64
-9.5464
-8.8229
-50.211
1.0127
-1.6408
-55.443
18.969
47.996
-18.889
10.015
40.033
43.342
23.335
46.149
4.9952
-12.918
-45.224
