-2.8045
-21.869
-25.781
1.0925
-22.898
3.4492
17.99
50.006
28.455
-38.381
-17.239
79.431
104.38
46.801
-38.946
-26.251
-15.112
-20.1
32.806
-33.405
7.4282
12.219
-25.648
-35.636
19.888
11.172
-5.8629
-16.279
-20.434
-8.9795
-0.99601
-33.917
18.013
51.751
39.39
6.1361
8.9277
-23.325
-7.5714
-5.2646
34.781
32.293
-36.802
-30.761
-32.165
-3.5138
-8.1211
0.78113
5.8744
-5.7521
-41.393
12.645
-11.517
-19.766
11.256
-11.099
-51.676
20.298
-13.554
5.1323
28.769
37.04
-2.729
-24.754
36.519
-4.945
2.3955
36.717
102.02
40.843
-24.998
-32.905
9.3781
-4.3265
-4.1553
27.96
15.994
4.861
-50.856
-35.689
-31.154
3.0955
32.463
-1.9967
-14.63
-38.796
-14.84
4.2427
35.939
-8.9817
-44.526
-56.215
5.7792
-0.70562
-50.42
5.0486
14.568
24.281
-26.048
-5.2164
13.58
22.427
34.025
44.632
43.435
80.166
50.727
33.198
-10.975
-38.991
-30.471
-51.915
-37.561
13.264
-3.2014
-49.643
-16.872
-48.122
0.93298
-8.0737
11.632
4.1777
20.915
19.519
-7.7104
14.397
30.756
-2.8812
-38.857
-15.076
-31.74
-19.277
26.591
45.173
52.275
35.511
34.825
-21.784
-25.153
-4.922
-23.969
18.014
-7.4641
-21.695
21.433
54.409
49.192
8.5655
-13.186
-38.456
-29.024
-40.632
-46.672
6.5912
24.62
-26.034
-61.405
-50.438
-18.255
-9.1239
10.912
5.462
-13.588
44.77
58.67
40.072
-22.798
-33.414
10.421
60.519
17.165
-8.3423
8.2294
37.1
4.8936
-25.789
-19.227
8.8133
5.3741
7.9028
17.307
NaN
NaN
NaN
NaN
-30.133
-48.247
18.294
7.4839
-32.956
-29.247
2.1627
-0.83869
4.0005
21.432
19.521
-22.685
-37.877
-20.106
-18.466
0.25774
-58.437
-52.133
-16.586
-12.929
22.425
42.213
35.782
-1.3671
-2.4066
7.8389
-11.897
12.337
30.619
41.834
20.708
8.9008
2.2247
-4.3933
-46.48
4.9605
23.482
46.601
-20.725
-33.086
-2.5254
-1.395
NaN
NaN
NaN
NaN
20.457
43.602
38.023
-3.4294
-38.241
-2.9866
-44.549
-99.664
-72.326
-26.462
7.0697
-15.278
-4.9478
16.293
42.699
-14.835
3.003
