46.155
17.709
19.595
37.992
3.9396
2.1194
-33.198
-52.113
-64.331
10.257
29.052
20.591
-10.97
-1.8337
-33.826
-20.376
NaN
NaN
NaN
NaN
NaN
NaN
29.534
42.621
57.795
16.729
-37.03
-14.087
-35.741
NaN
NaN
NaN
NaN
NaN
NaN
NaN
NaN
NaN
NaN
NaN
NaN
-19.411
-57.588
-27.903
-35.33
-7.8153
-2.1396
-19.549
-29.663
-44.708
8.4376
-5.8693
-14.432
-31.837
-13.948
5.3523
NaN
NaN
NaN
NaN
NaN
24.148
4.7286
29.269
45.783
23.259
-12.65
-16.217
-9.5191
13.985
-21.306
-41.567
-49.599
-52.389
-53.828
-64.767
-65.441
-38.9
NaN
NaN
NaN
NaN
NaN
NaN
NaN
NaN
NaN
NaN
NaN
NaN
NaN
16.466
46.601
30.14
15.714
-18.335
-6.0556
18.85
20.331
-3.7994
21.336
19.11
-1.5226
5.484
28.491
30.717
15.615
33.379
6.0186
0.72673
-8.7172
4.5185
5.3447
14.352
-8.8114
-26.492
-23.06
8.1652
10.644
17.115
31.706
4.1174
-27.365
-83.289
-69.669
-28.662
-24.755
-26.17
-54.043
16.616
27.304
13.527
5.917
-1.8685
-10.824
-9.9129
7.5063
14.636
16.826
NaN
NaN
NaN
NaN
NaN
NaN
41.098
22.043
-5.8224
6.3402
40.381
6.6009
0.0021487
9.002
-17.338
NaN
NaN
NaN
NaN
13.708
-3.9803
2.5829
-7.6366
-17.993
2.9761
-3.3121
-15.016
-36.103
-49.446
-14.088
-5.8437
-7.8327
NaN
NaN
NaN
NaN
NaN
NaN
-10.455
-13.634
-18.699
3.9749
22.215
-10.215
NaN
NaN
NaN
NaN
NaN
NaN
NaN
NaN
NaN
NaN
NaN
NaN
NaN
NaN
NaN
NaN
NaN
NaN
NaN
NaN
NaN
NaN
NaN
NaN
NaN
NaN
-74.986
-49.187
-47.893
-32.848
-22.513
6.7647
1.9848
-12.408
-14.584
-7.5923
7.5871
19.605
6.6398
7.5258
38.469
19.273
-20.237
-7.8229
-4.5998
4.1914
NaN
NaN
NaN
NaN
NaN
NaN
29.178
23.605
8.6137
-5.4844
0.28202
-6.8405
-3.8604
-24.784
-41.397
-7.8481
2.773
1.2169
15.578
9.9241
1.4154
-13.981
-5.8974
45.922
41.429
44.317
10.907
-15.761
7.2058
-70.73
-14.346
-26.559
-34.329
-21.642
-5.0614
-8.7802
15.423
33.937
26.991
-11.312
-29.703
-36.825
-55.449
-29.619
-37.004
0.80742
45.845
59.035
19.734
16.33
-6.5815
21.971
6.8985
-16.783
13.224
15.022
47.761
30.352
55.573
28.722
17.494
-6.5452
3.6582
-11.22
-20.536
-45.69
-37.724
-16.158
-19.86
-42.615
-11.37
-29.985
-34.896
-56.563
-31.113
38.036
40.482
42.694
NaN
NaN
NaN
NaN
-4.2375
-9.0211
-2.781
10.887
24.536
-24.097
-9.8126
-20.189
-3.483
-24.952
-40.602
-30.987
-37.069
NaN
NaN
NaN
NaN
24.079
-0.80329
-36.658
-1.2622
-2.1825
37.082
36.072
NaN
NaN
NaN
NaN
NaN
NaN
NaN
NaN
14.897
8.988
-10.813
7.2686
-16.191
-3.9521
-14.094
-17.435
-45.431
NaN
NaN
NaN
NaN
NaN
NaN
NaN
NaN
-63.87
-41.869
-4.808
0.88333
2.4139
18.259
21.288
22.43
-0.38981
NaN
NaN
NaN
NaN
