-21.452
-11.974
12.914
32.767
59.948
58.898
19.471
-87.233
-119.73
-58.01
-76.775
-87.519
-63.575
-58.285
-72.183
-64.956
-25.813
18.213
59.331
47.254
49.514
31.871
42.659
41.216
44.28
27.285
0.68076
6.8005
23.348
32.26
19.42
12.644
2.3524
-6.403
-18.484
-17.667
-19.247
-22.925
-1.0923
12.056
30.848
23.075
21.014
-8.7102
-23.674
-43.538
-29.602
-20.019
-19.063
-46.976
-53.637
-32.116
-13.254
13.183
15.798
12.73
18.673
19.39
12.299
19.518
22.774
26.374
67.501
72.278
56.497
-10.867
-32.13
NaN
NaN
NaN
NaN
-45.352
-5.0957
1.6218
-8.328
-7.6358
12.705
-24.546
-17.519
-26.218
10.859
29.475
36.194
29.588
48.844
13.421
33.619
41.871
55.404
-6.7995
-30.004
NaN
NaN
NaN
NaN
-35.942
3.1697
44.65
25.828
-17.958
-13.504
-9.007
-13.188
-6.9658
14.08
-3.9276
15.884
51.103
66.453
58.197
7.2704
-23.825
-19.895
-36.392
-54.292
6.816
31.033
51.276
35.343
20.971
8.057
-43.535
-40.77
-40.633
-33.521
-22.01
1.4561
3.6464
-12.013
-6.8482
3.7278
3.2995
14.584
30.61
27.177
24.238
-1.6877
-25.669
-23.385
-29.517
NaN
NaN
NaN
NaN
-13.673
-0.066182
28.695
34.855
51.701
36.141
57.324
14.199
10.268
1.8731
4.4763
-14.116
-20.658
-42.287
-13.84
-78.227
-32.644
-28.941
-19.812
16.949
NaN
NaN
NaN
NaN
NaN
-7.4318
21.884
35.312
54.729
32.493
32.96
-5.3009
0.087866
-23.592
1.5653
-21.244
13.033
15.479
13.226
20.916
-2.3798
-29.397
0.2723
25.929
25.666
20.948
8.3481
5.9064
2.7703
13.788
-10.2
-4.3217
-32.418
-33.29
NaN
NaN
NaN
NaN
-47.694
-23.452
-37.623
5.3451
20.273
56.593
26.476
10.965
3.3236
9.4581
14.229
22.633
31.891
32.153
46.624
51.498
53.626
21.558
-13.637
-7.1259
-12.159
NaN
NaN
NaN
NaN
-8.7479
-13.444
8.26
7.2995
2.2225
0.82121
-58.608
-95.221
-66.752
-17.926
-18.254
-3.1865
NaN
NaN
NaN
NaN
NaN
NaN
NaN
50.383
48.06
21.595
13.645
34.802
45.847
61.36
68.118
80.858
