-96.822
-68.362
-65.329
-34.603
-38.983
-26.805
-21.962
11.069
10.994
-18.572
-20.014
-15.638
-22.752
-7.2907
1.5361
16.603
NaN
NaN
NaN
NaN
NaN
NaN
36.294
-12.49
47.323
18.016
-18.533
25.008
40.475
NaN
NaN
NaN
NaN
NaN
NaN
NaN
NaN
NaN
NaN
NaN
NaN
20.337
1.7298
-14.329
-26.288
-16.934
-15.358
-22.894
-24.895
-47.415
-13.977
-0.8276
-12.015
-39.353
-37.605
-11.672
NaN
NaN
NaN
NaN
NaN
21.339
31.362
37.439
43.835
49.345
59.913
29.333
9.7357
-3.4998
28.16
12.006
15.485
-2.457
-2.8036
-8.6806
1.9343
-1.301
NaN
NaN
NaN
NaN
NaN
NaN
NaN
NaN
NaN
NaN
NaN
NaN
NaN
-3.7283
45.55
45.472
14.586
-32.945
-32.616
-31.952
-37.842
-18.123
-17.876
11.154
-18.23
24.83
-14.574
-4.3492
9.6034
12.561
-1.0844
17.739
-4.0226
16.375
-5.613
-10.872
6.8598
15.931
8.8952
30.926
12.527
31.294
19.078
-36.951
0.80889
29.791
18.136
21.587
-3.2029
17.306
4.0725
1.414
-17.488
-17.781
-9.4512
-2.5501
14.473
28.358
31.783
16.062
-17.828
NaN
NaN
NaN
NaN
NaN
NaN
-44.784
-20.816
-14.46
-10.546
-1.7197
15.446
31.82
21.035
40.311
NaN
NaN
NaN
NaN
21.145
-1.8516
-12.538
-13.266
18.66
10.093
4.945
9.1807
23.415
16.649
43.386
33.407
44.874
NaN
NaN
NaN
NaN
NaN
NaN
-7.144
4.8564
17.962
10.509
-1.8159
-18.714
NaN
NaN
NaN
NaN
NaN
NaN
NaN
NaN
NaN
NaN
NaN
NaN
NaN
NaN
NaN
NaN
NaN
NaN
NaN
NaN
NaN
NaN
NaN
NaN
NaN
NaN
-2.204
0.54631
10.046
3.4638
14.043
7.3626
-3.6119
2.0028
12.361
-20.04
-9.1144
-16.164
3.7838
-15.254
-23.649
-21.207
-0.92481
3.6569
-12.595
12.489
NaN
NaN
NaN
NaN
NaN
NaN
1.8317
-0.86596
16.321
-2.7569
2.9864
29.586
43.201
21.46
33.877
22.914
8.617
-27.118
-30.293
-54.249
-43.966
-33.956
-51.495
-40.649
-9.0835
13.388
-26.848
9.6581
43.797
-51.476
28.358
39.504
53.517
44.363
26.573
-3.6388
0.74378
-7.4756
18.926
26.189
9.4087
15.436
11.469
19.844
-1.1706
-14.709
-14.531
-15.433
-19.643
-4.418
-55.405
-3.4814
-1.5598
-3.193
-5.8604
-11.366
18.789
-5.2744
-2.5223
-24.847
-24.019
-19.752
5.7816
6.9222
12.876
14.695
25.004
-9.5391
-5.6595
-3.7648
-10.833
-4.636
9.4004
25.914
0.96305
-10.003
-16.39
-61.931
NaN
NaN
NaN
NaN
2.2489
47.967
52.717
25.548
-7.2155
20.114
13.092
18.422
28.586
37.284
16.462
17.824
11.191
NaN
NaN
NaN
NaN
18.135
20.73
16.433
4.4012
-14.609
-23.794
-21.247
NaN
NaN
NaN
NaN
NaN
NaN
NaN
NaN
48.053
29.266
35.807
13.718
16.698
19.856
30.706
24.759
65.384
NaN
NaN
NaN
NaN
NaN
NaN
NaN
NaN
30.059
23.879
42.347
31.617
29.471
-8.101
2.102
-4.4526
33.995
NaN
NaN
NaN
NaN
