20.972
-12.662
38.126
64.902
58.086
-13.348
-2.3028
-5.7317
1.9725
7.8525
-9.6796
NaN
NaN
NaN
NaN
NaN
12.422
-139.28
9.6375
21.521
19.788
37.138
41.26
19.884
48.913
NaN
NaN
NaN
NaN
NaN
NaN
NaN
NaN
NaN
NaN
59.936
47.299
6.561
42.836
60.944
18.818
-0.90253
-40.933
-2.9964
22.023
7.4736
-12.661
-0.91902
6.0345
6.3692
10.348
46.553
-1.2008
-9.3392
2.5417
-16.153
NaN
NaN
NaN
NaN
NaN
16.299
35.702
24.118
13.652
-53.887
-0.93067
16.463
9.4668
27.389
-29.759
-2.8835
-6.6606
42.2
-6.6554
-14.883
-69.673
-56.819
-35.576
-82.989
-28.967
-16.001
44.486
38.14
16.601
33.8
9.2109
19.032
-3.1407
-47.623
-6.8029
-18.012
27.978
24.78
7.0902
44.787
13.306
36.712
6.9766
28.778
-14.256
36.08
-4.3432
-17.007
-5.2427
10.551
27.358
-17.127
16.727
NaN
NaN
NaN
NaN
NaN
NaN
NaN
NaN
NaN
NaN
NaN
21.222
39.173
-13.132
24.458
7.3931
-26.271
-2.6518
-16.049
-18.276
NaN
NaN
NaN
NaN
NaN
NaN
NaN
NaN
NaN
NaN
NaN
NaN
NaN
NaN
NaN
NaN
NaN
NaN
NaN
NaN
NaN
8.7852
10.898
35.73
16.326
-21.331
26.482
NaN
NaN
NaN
NaN
NaN
NaN
NaN
NaN
NaN
NaN
NaN
NaN
NaN
NaN
NaN
NaN
NaN
NaN
NaN
NaN
NaN
NaN
NaN
NaN
NaN
NaN
NaN
NaN
NaN
NaN
NaN
NaN
NaN
NaN
3.6354
32.361
1.783
18.936
16.673
41.691
22.878
7.5202
89.304
-49.823
4.2179
1.1683
NaN
NaN
NaN
NaN
-77.779
21.429
-24.895
22.303
78.797
73.836
8.696
25.323
43.182
14.761
-160.46
NaN
NaN
NaN
NaN
-20.481
-30.048
11.824
8.1385
-15.656
21.58
-18.932
-13.657
-4.3657
NaN
NaN
NaN
NaN
NaN
NaN
NaN
NaN
NaN
NaN
NaN
NaN
NaN
NaN
NaN
NaN
NaN
NaN
-82.699
-16.1
-34.037
-6.2169
8.1635
-31.445
3.795
26.039
20.882
1.9388
26.374
13.077
-13.75
-19.569
-27.329
-38.286
2.6708
33.444
1.731
68.767
2.3788
-11.012
-8.5541
8.221
-32.369
9.3559
29.867
-8.3366
16.141
NaN
NaN
NaN
NaN
NaN
NaN
-12.346
-32.784
29.495
-137.93
-63.928
NaN
NaN
NaN
NaN
10.055
18.216
21.191
20.472
26.341
9.7279
19.51
-22.636
15.813
12.127
59.695
NaN
NaN
NaN
NaN
NaN
NaN
NaN
NaN
1.7475
9.2775
-8.9374
15.755
34.523
5.9572
-15.706
9.2375
-28.31
11.986
-20.982
-9.2619
-22.292
-13.268
NaN
NaN
NaN
NaN
10.727
-22.745
-39.704
-44.154
6.7836
-30.811
13.061
-27.955
-4.8745
-15.609
