-6.4498
13.599
80.82
56.729
58.682
1.3524
-37.03
-42.633
-21.562
32.124
15.172
NaN
NaN
NaN
NaN
NaN
-15.732
-60.491
-24.864
24.234
6.0945
-1.9111
-42.716
-31.069
-37.974
NaN
NaN
NaN
NaN
NaN
NaN
NaN
NaN
NaN
NaN
20.803
19.003
56.497
21.063
13.52
21.13
17.886
5.0601
-8.4052
-27.121
34.685
11.315
25.09
-12.487
6.5322
-25.956
-30.487
-65.079
-22.339
-17.189
-5.7202
NaN
NaN
NaN
NaN
NaN
1.6253
21.689
10.676
14.618
-9.8393
15.484
-11.859
6.669
18.123
-15.416
-8.7619
-13.793
17.636
6.5606
25.141
0.80497
27.346
58.709
20.831
6.6016
-30.626
-22.257
-38.03
-6.087
-30.011
-57.073
-53.418
-38.263
-20.943
37.536
41.929
76.841
32.987
37.442
2.0194
0.17963
-6.2399
-19.898
-17.803
5.5737
44.277
2.7809
-9.7901
-12.243
4.4001
-17.765
-17.858
15.009
NaN
NaN
NaN
NaN
NaN
NaN
NaN
NaN
NaN
NaN
NaN
26.638
44.013
31.349
61.885
72.129
73.465
27.269
10.054
-21.071
NaN
NaN
NaN
NaN
NaN
NaN
NaN
NaN
NaN
NaN
NaN
NaN
NaN
NaN
NaN
NaN
NaN
NaN
NaN
NaN
NaN
-13.542
-13.35
5.2446
26.326
20.698
-31
NaN
NaN
NaN
NaN
NaN
NaN
NaN
NaN
NaN
NaN
NaN
NaN
NaN
NaN
NaN
NaN
NaN
NaN
NaN
NaN
NaN
NaN
NaN
NaN
NaN
NaN
NaN
NaN
NaN
NaN
NaN
NaN
NaN
NaN
-35.867
-25.211
16.883
-7.2579
9.4969
17.323
46.932
-1.3679
5.9942
14.443
-35.435
15.624
NaN
NaN
NaN
NaN
6.0633
-11.839
23.502
3.0199
15.368
42.532
63.836
51.139
44.928
42.544
-50.828
NaN
NaN
NaN
NaN
-20.379
-29.111
-9.288
14.177
-22.199
-28.712
-10.803
-31.786
13.904
NaN
NaN
NaN
NaN
NaN
NaN
NaN
NaN
NaN
NaN
NaN
NaN
NaN
NaN
NaN
NaN
NaN
NaN
-6.7458
-23.518
3.483
-18.054
-26.404
0.92228
-32.469
-21.278
17.441
-7.1637
56.633
26.131
45.595
15.455
-23.344
-34.247
-63.254
-26.911
-28.82
67.707
14.478
-16.221
-21.286
0.41317
12.596
5.0789
7.3568
12.772
8.2197
NaN
NaN
NaN
NaN
NaN
NaN
44.727
32.485
13.677
112.04
10.192
NaN
NaN
NaN
NaN
-67.092
-17.342
-12.714
-21.389
-0.12179
29.552
36.293
22.556
6.6854
11.361
15.676
NaN
NaN
NaN
NaN
NaN
NaN
NaN
NaN
17.03
-24.467
-27.236
-10.89
45.414
26.767
41.032
18.532
55.07
13.72
11.852
-5.0036
-6.6463
-22.372
NaN
NaN
NaN
NaN
-12.269
14.425
-12.61
-30.264
-24.772
-28.436
-39.789
-6.6382
-8.786
9.7851
