-18.475
20.338
14.555
15.6
-2.312
10.866
-15.119
-4.4345
-23.991
20.274
-23.982
30.883
32.066
25.05
10.987
12.77
23.882
13.247
-11.258
26.917
-3.3258
-15.228
-26.393
-10.044
-36.43
-26.424
7.3501
4.5594
-25.972
-11.473
8.7521
-15.029
-10.153
-5.6925
28.212
17.135
-6.3274
11.604
-23.929
-0.83576
8.2639
-28.354
-2.3081
-1.2915
15.358
29.159
-5.8516
26.685
14.893
25.789
-7.5836
3.0683
26.204
6.3319
12.314
11.049
-7.9654
-17.754
-35.577
-26.377
-6.911
-19.054
-9.2217
-13.205
-7.8963
-1.1651
-2.5426
NaN
NaN
NaN
NaN
4.6671
33.809
-25.947
12.524
-9.9268
7.6105
20.015
-29.417
7.4618
-7.6745
-2.5388
-6.2586
15.413
28.286
2.199
-17.775
-21.05
-33.257
45.429
15.048
NaN
NaN
NaN
NaN
-23.595
7.0085
4.001
23.466
-8.7497
6.5062
0.48136
-18.516
11.721
3.4216
1.7528
9.8799
16.885
-10.445
-21.6
6.2133
-7.1071
8.9915
-0.98173
-13.407
-11.701
-0.36544
-6.2303
-2.2874
25.432
28.285
12.814
-16.161
5.6411
-49.204
15.056
-2.2046
11.572
-5.4779
-18.456
-32.876
-0.027759
7.642
4.883
-9.316
27.577
8.1548
16.535
22.584
4.2713
NaN
NaN
NaN
NaN
-2.9416
-13.392
-4.0177
4.5734
1.2729
-1.1946
41.022
0.92407
-22.635
19.714
-10.629
0.83438
-48.892
-11.094
-6.3794
-14.344
14.26
-3.4423
-17.534
6.0056
NaN
NaN
NaN
NaN
NaN
15.529
-17.802
0.26371
-21.953
-14.883
-6.9316
27.58
15.98
5.0188
35.369
-6.5856
0.32925
-13.369
16.319
8.5565
-15.969
-0.59986
-1.1342
-3.7247
30.241
0.77575
-25.866
-15.751
-35.902
-4.6488
18.884
24.679
5.5868
-24.669
NaN
NaN
NaN
NaN
8.6029
15.525
-10.538
-1.2396
17.294
-7.7451
14.793
5.3504
-0.074761
2.3314
-0.43368
-3.3966
-17.763
6.0065
-0.95383
-13.642
-8.4951
-8.0506
10.12
4.4046
8.4265
NaN
NaN
NaN
NaN
28.865
31.194
-3.2581
-26.048
-5.3193
18.083
4.9681
1.3923
-24.148
-26.525
-10.634
-5.994
NaN
NaN
NaN
NaN
NaN
NaN
NaN
-5.2276
-13.8
-3.8364
-21.337
-12.462
-1.2948
12.867
-37.404
-21.197
