58.343
55.038
77.073
49.251
41.125
14.488
0.031481
-7.7796
5.3368
61.761
5.9047
NaN
NaN
NaN
NaN
NaN
-31.502
-68.029
-75.632
5.0674
1.8259
9.8126
-53.49
-41.811
-39.089
NaN
NaN
NaN
NaN
NaN
NaN
NaN
NaN
NaN
NaN
13.259
16.867
81.968
32.519
22.515
-31.353
-10.776
20.524
-5.6925
-60.875
54.688
18.151
39.042
16.019
17.832
-6.5208
33.469
-5.4553
-3.9685
-13.556
9.3656
NaN
NaN
NaN
NaN
NaN
-12.086
-23.329
-4.6923
14.744
-24.617
-17.579
-49.934
-17.057
-4.8709
6.0581
57.321
24.733
-14.057
-35.103
-17.225
-3.0684
38.556
56.601
3.632
3.0016
-32.07
-37.753
-46.91
0.58032
-34.197
-43.16
-16.697
-29.598
-9.9481
30.877
3.642
26.497
-3.9314
9.8203
1.6963
29.837
28.069
25.709
41.257
48.785
37.253
-9.4242
-2.7156
6.4903
56.349
6.8175
17.805
36.8
NaN
NaN
NaN
NaN
NaN
NaN
NaN
NaN
NaN
NaN
NaN
16.228
28.441
37.659
15.905
36.272
64.848
65.972
24.272
2.3404
NaN
NaN
NaN
NaN
NaN
NaN
NaN
NaN
NaN
NaN
NaN
NaN
NaN
NaN
NaN
NaN
NaN
NaN
NaN
NaN
NaN
-23.168
-32.099
-15.183
15.059
21.709
-24.943
NaN
NaN
NaN
NaN
NaN
NaN
NaN
NaN
NaN
NaN
NaN
NaN
NaN
NaN
NaN
NaN
NaN
NaN
NaN
NaN
NaN
NaN
NaN
NaN
NaN
NaN
NaN
NaN
NaN
NaN
NaN
NaN
NaN
NaN
-33.182
-15.119
79.824
13.881
25.754
70.73
99.978
41.581
59.512
98.895
-1.6618
11.005
NaN
NaN
NaN
NaN
3.7416
-12.981
26.903
-24.028
-7.2791
11.948
9.5639
19.141
2.2402
20.609
13.104
NaN
NaN
NaN
NaN
-10.281
-28.725
-49.972
-63.938
-83.683
-65.682
-6.9606
-17.548
48.573
NaN
NaN
NaN
NaN
NaN
NaN
NaN
NaN
NaN
NaN
NaN
NaN
NaN
NaN
NaN
NaN
NaN
NaN
-28.359
-79.489
-16.715
-18.57
-8.5492
22.409
-44.81
-35.841
1.1504
-18.707
66.929
20.056
64.342
16.634
-29.387
-34.795
-81.549
-63.235
-69.387
-9.469
1.4645
-24.209
-20.751
24.803
26.34
1.6444
-25.657
-20.836
4.3062
NaN
NaN
NaN
NaN
NaN
NaN
46.039
3.1755
-22.906
74.555
32.478
NaN
NaN
NaN
NaN
-34.673
16.953
-40.659
-45.714
-19.903
22.059
53.407
73.068
47.89
41.787
38.073
NaN
NaN
NaN
NaN
NaN
NaN
NaN
NaN
30.325
27.757
5.577
-22.074
6.7048
-37.464
-6.0544
-19.528
36.009
-3.84
7.1484
-11.227
-24.882
-88.213
NaN
NaN
NaN
NaN
-52.777
11.246
-14.821
-46.529
-19.56
35.97
14.641
22.061
-5.5401
36.391
