-24.73
-10.664
-13.011
-24.158
26.355
45.813
27.73
-8.6552
-2.0969
-38.44
-45.626
-46.891
-50.093
-26.494
-0.083425
18.526
26.279
4.7258
4.4896
-10.804
1.7443
-3.1462
18.806
8.7447
16.629
7.3257
0.35717
-1.9251
10.332
5.047
-0.32202
0.51585
2.5198
23.415
-11.669
-17.226
-12.146
-6.0842
14.142
26.672
36.056
19.32
14.547
14.552
22.769
-14.06
-37.036
-46.912
-27.233
-43.535
-33.486
-22.343
-30.51
-14.064
-8.3692
8.991
0.49886
15.203
10.296
20.394
26.029
16.078
65.908
54.954
39.815
2.0308
35.862
NaN
NaN
NaN
NaN
-65.221
-47.674
4.5123
-36.498
-59.079
-7.4207
-18.031
-4.0375
3.6409
14.269
17.591
14.377
13.29
22.816
-12.89
9.8637
16.592
15.884
-29.188
-1.0742
NaN
NaN
NaN
NaN
48.601
22.135
36.828
-12.779
-15.205
-8.5271
-14.785
-8.986
-16.28
-5.3757
-34.372
-3.8484
14.489
16.488
9.323
-37.559
-28.448
6.126
0.9084
-27.903
5.8101
-7.198
27.489
6.8985
18.91
6.5717
5.5702
22.291
16.764
4.3135
-31.303
2.5473
2.3522
-2.204
18.51
-2.1974
-2.1303
3.5429
19.209
17.968
11.98
-14.104
-22.877
-12.606
-31.598
NaN
NaN
NaN
NaN
11.253
-0.88205
19.145
24.536
37.654
11.32
15.607
-10.54
8.96
-14.155
5.7329
0.89172
-8.7431
-8.319
-17.37
0.30691
-19.43
21.626
11.212
5.9818
NaN
NaN
NaN
NaN
NaN
11.577
16.644
22.02
38.944
30.689
24.498
-13.462
-17.084
-29.321
-11.704
-29.625
-29.804
-44.096
-9.451
-18.006
-10.941
-7.3124
23.594
37.153
36.794
32.603
15.85
32.93
12.973
48.71
12.1
5.9934
-20.255
-12.936
NaN
NaN
NaN
NaN
-21.915
-2.7435
-48.139
1.0644
-37.457
6.4165
-9.6611
8.3098
3.4061
13.058
21.593
43.737
30.466
16.854
25.711
21.553
48.557
26.529
6.8466
-15.857
-14.774
NaN
NaN
NaN
NaN
-4.4299
-5.7056
1.4123
-24.172
-24.579
-7.0456
-15.775
2.4469
10.123
9.5375
3.2828
24.88
NaN
NaN
NaN
NaN
NaN
NaN
NaN
6.5896
33.933
5.2879
2.0326
31.238
26.156
27.158
29.735
4.1116
