18.062
7.0006
9.464
-10.193
-8.7408
11.236
-16.074
-30.13
-26.54
-4.9575
16.104
17.019
-10.222
-0.54505
-19.683
-19.232
NaN
NaN
NaN
NaN
NaN
NaN
10.28
21.83
69.97
5.4221
-17.393
15.246
-41.62
NaN
NaN
NaN
NaN
NaN
NaN
NaN
NaN
NaN
NaN
NaN
NaN
6.9832
-16.143
-19.261
-9.6316
-1.9769
-4.5683
-33.929
-18.361
-29.567
10.388
7.7302
-7.4686
-31.513
-21.346
-11.206
NaN
NaN
NaN
NaN
NaN
16.509
-3.7401
13.324
12.588
-12.437
-42.99
-20.869
-21.648
5.491
-7.4238
-18.464
-15.027
-19.35
7.2998
16.524
4.5292
27.502
NaN
NaN
NaN
NaN
NaN
NaN
NaN
NaN
NaN
NaN
NaN
NaN
NaN
-6.0483
31.255
24.761
-4.5459
-25.234
-9.3135
20.521
39.707
22.895
40.798
6.4275
-22.923
9.4681
8.3217
12.722
21.038
14.999
-3.0394
-12.935
-3.4683
-2.3068
8.9913
13.148
9.3607
-1.6768
-11.106
29.544
4.832
10.841
17.691
-7.5632
-16.41
-39.971
-42.526
-28.88
-20.578
-25.836
-21.872
-18.889
-1.6181
-8.1914
4.928
28.364
17.428
-8.6583
-29.214
-1.0429
0.55988
NaN
NaN
NaN
NaN
NaN
NaN
47.685
20.661
-13.549
-6.596
26.806
-7.8826
-12.288
-0.80424
-12.359
NaN
NaN
NaN
NaN
3.0229
-12.92
-2.0827
4.0441
-2.1103
3.7338
-8.699
-17.024
-7.4996
-15.179
1.6309
4.6836
-5.0744
NaN
NaN
NaN
NaN
NaN
NaN
-19.268
-2.6241
-18.817
-15.066
-28.515
-37.911
NaN
NaN
NaN
NaN
NaN
NaN
NaN
NaN
NaN
NaN
NaN
NaN
NaN
NaN
NaN
NaN
NaN
NaN
NaN
NaN
NaN
NaN
NaN
NaN
NaN
NaN
-53.926
-38.967
-46.782
-46.98
-30.468
-19.947
-5.7469
-27.806
-21.308
-12.857
-4.7862
5.465
3.0136
12.169
44.102
25.797
-6.7157
12.451
9.6766
23.356
NaN
NaN
NaN
NaN
NaN
NaN
46.982
15.596
5.6673
-14.374
12.484
-3.2872
-0.79691
-29.126
-16.164
-19.199
-28.888
-15.29
-12.691
-11.335
-12.415
-25.95
-8.2092
32.726
38.939
55.053
18.593
13.296
16.402
-26.571
2.7152
-9.956
-5.2216
-22.934
-13.398
-27.935
-2.7823
0.91956
0.99441
-25.946
-42.149
-34.609
-50.867
-14.528
-10.798
2.4099
34.239
35.87
8.9969
21.87
12.271
55.08
10.476
6.5981
22.011
30.434
49.415
18.462
34.642
-2.8549
8.6384
-6.7469
13.919
-6.4846
-4.3542
-37.007
-25.181
-18.233
-3.7056
-28.85
-28.816
-18.896
-41.889
-40.768
-33.452
10.823
-13.446
-3.1308
NaN
NaN
NaN
NaN
13.198
45.804
26.037
4.4144
-8.8702
-4.8839
28.953
45.289
18.813
-14.592
-40.22
-22.743
1.384
NaN
NaN
NaN
NaN
49.702
8.9061
-20.939
-35.95
-47.629
-7.7177
3.0575
NaN
NaN
NaN
NaN
NaN
NaN
NaN
NaN
-14.519
-20.362
-37.954
-7.3888
-24.775
0.77886
-5.1862
-1.5893
17.858
NaN
NaN
NaN
NaN
NaN
NaN
NaN
NaN
-14.414
-17.845
13.081
0.47938
-2.791
-9.8431
13.736
29.069
22.262
NaN
NaN
NaN
NaN
