NaN
NaN
NaN
NaN
NaN
NaN
NaN
-2.8281
20.791
16.379
4.1583
16.524
18.392
7.5065
-2.1085
-4.9966
-0.86762
-28.737
-41.763
-45.534
-6.0548
14.642
-36.126
-54.132
-16.503
-10.175
14.933
6.7933
23.11
4.4966
22.328
14.047
17.781
-2.8364
4.791
1.5236
20.247
10.293
5.6969
8.182
6.9819
18.306
-3.6455
18.439
28.894
15.393
21.11
-10.502
-15.266
3.9438
5.4533
0.83699
-12.203
25.898
NaN
NaN
NaN
NaN
NaN
NaN
-8.4958
-18.344
-27.653
-2.4674
-3.1181
-5.5419
5.4683
14.146
8.0193
-1.4941
10.651
15.854
13.775
10.899
21.316
7.8402
21.973
27.061
22.782
24.758
47.528
18.386
3.6246
-50.257
-13.549
-31.152
-29.188
-34.343
8.9916
5.4841
5.2645
-13.335
0.90261
17.81
12.686
3.89
-6.6186
5.2966
2.9107
17.755
-23.637
2.6423
-9.258
-14.546
-19.358
-26.516
-19.127
-16.506
8.606
8.3379
-3.3869
-1.6317
-4.7001
6.1369
4.7354
7.0552
25.579
33.808
10.955
29.645
NaN
NaN
NaN
NaN
NaN
NaN
NaN
-1.1735
22.177
12.381
26.268
37.287
33.897
4.2183
4.1928
-25.372
-4.4794
-26.984
-34.041
NaN
NaN
NaN
NaN
NaN
NaN
NaN
NaN
NaN
NaN
NaN
NaN
6.9944
3.4421
-31.883
-3.5119
-18.996
NaN
NaN
NaN
NaN
NaN
NaN
NaN
NaN
NaN
NaN
NaN
NaN
NaN
NaN
NaN
NaN
NaN
NaN
-8.7819
-21.551
-7.5496
6.9924
-23.876
-59.107
-36.287
-5.2696
10.819
-6.437
4.4414
-13.346
3.6873
7.3925
17.917
29.601
40.937
11.776
19.176
16.845
NaN
NaN
NaN
NaN
NaN
9.3238
9.4598
30.638
5.0708
-26.386
NaN
NaN
NaN
NaN
NaN
21.151
4.655
0.066422
-17.564
0.47171
-18.7
-10.528
-19.185
-11.104
-21.356
-13.917
0.97024
29.964
11.732
28.158
10.044
19.67
27.333
35.118
33.784
8.3461
23.858
13.802
-27.529
-0.53006
-21.724
-31.923
-11.016
-43.769
-46.126
-33.22
-5.8013
-23.291
-17.988
6.8381
5.5612
7.1021
16.803
20.505
8.2192
7.4537
-3.6196
-1.6623
-0.92908
22.329
21.223
11.934
2.4421
-10.404
5.3686
2.6322
7.3937
-0.077415
26.529
12.516
12.169
-2.853
12.419
-1.4853
0.39036
-37.148
-11.553
-7.5958
1.146
NaN
NaN
NaN
NaN
NaN
1.0985
18.506
11.655
14.264
-13.138
11.189
18.153
47.902
35.667
29.028
NaN
NaN
NaN
NaN
-41.363
-41.759
-43.09
-9.2901
-20.4
-24.175
-2.5792
6.0667
44.166
5.4918
14.145
6.8185
14.229
NaN
NaN
NaN
NaN
NaN
