-2.5269
-6.8786
19.144
11.499
25.205
0.54361
8.1741
17.786
36.817
61.696
24.499
NaN
NaN
NaN
NaN
NaN
-68.911
-86.626
-25.397
42.745
45.712
50.107
16.612
19.301
24.726
NaN
NaN
NaN
NaN
NaN
NaN
NaN
NaN
NaN
NaN
7.5593
3.7394
26.295
6.2334
9.966
-5.6357
7.3543
13.24
-5.2318
-30.058
15.155
-3.9668
22.94
8.8208
40.855
21.1
44.005
1.066
-4.5758
-11.5
4.5049
NaN
NaN
NaN
NaN
NaN
-29.051
-21.038
-19.188
4.8269
-32.272
-12.562
-27.379
-8.0047
3.0027
-10.285
-6.8206
-24.908
-21.269
-32.704
-9.7999
-13.514
21.941
28.512
-31.193
-24.034
-1.5248
22.633
5.0098
42.23
17.225
-0.49063
5.8935
0.035302
-18.728
-13.75
-50.374
-13.612
-21.026
-1.0901
0.44388
13.667
20.44
21.879
44.799
18.55
19.775
4.5294
31.742
21.999
27.253
9.4497
11.851
23.732
NaN
NaN
NaN
NaN
NaN
NaN
NaN
NaN
NaN
NaN
NaN
2.2497
6.4099
-10.105
-18
-3.5753
15.853
6.14
-1.0881
0.27965
NaN
NaN
NaN
NaN
NaN
NaN
NaN
NaN
NaN
NaN
NaN
NaN
NaN
NaN
NaN
NaN
NaN
NaN
NaN
NaN
NaN
17.611
21.347
36.051
20.326
-3.7389
-31.316
NaN
NaN
NaN
NaN
NaN
NaN
NaN
NaN
NaN
NaN
NaN
NaN
NaN
NaN
NaN
NaN
NaN
NaN
NaN
NaN
NaN
NaN
NaN
NaN
NaN
NaN
NaN
NaN
NaN
NaN
NaN
NaN
NaN
NaN
-6.4975
15.236
48.993
11.678
15.292
37.418
71.037
29.917
42.047
26.908
14.796
13.99
NaN
NaN
NaN
NaN
-19.713
-6.7447
3.3139
-5.7343
21.564
22.59
13.873
19.089
10.436
23.267
-37.578
NaN
NaN
NaN
NaN
22.759
4.703
-19
-11.678
-24.51
3.5416
3.5046
-20.871
1.6575
NaN
NaN
NaN
NaN
NaN
NaN
NaN
NaN
NaN
NaN
NaN
NaN
NaN
NaN
NaN
NaN
NaN
NaN
-65.651
-63.056
-9.2436
3.2341
10.369
15.378
-6.1048
7.7758
16.805
-4.2206
41.59
-11.085
6.2387
-5.5389
-7.5694
20.696
13.467
16.485
-30.212
-5.3328
-36.41
-40.639
-8.5618
9.8026
18.4
7.6809
-4.7903
-14.323
-3.3502
NaN
NaN
NaN
NaN
NaN
NaN
2.1907
-9.2279
-23.397
5.4269
-12.047
NaN
NaN
NaN
NaN
-15.93
15.093
15.535
20.953
33.599
29
41.212
39.049
28.326
25.014
31.422
NaN
NaN
NaN
NaN
NaN
NaN
NaN
NaN
11.693
15.814
14.776
-6.9645
4.2909
-21.099
-12.008
-22.85
15.97
-4.9368
-5.698
-16.5
-24.582
-44.709
NaN
NaN
NaN
NaN
4.2848
17.537
4.2987
-29.459
-1.6728
28.449
28.178
24.409
4.7298
5.5614
