24.284
26.331
-14.194
19.101
25.204
45.9
21.395
-5.7999
22.42
-48.348
4.7511
-22.24
-24.514
-28.257
-10.46
-0.62863
-13.366
-19.452
8.0311
26.716
39.189
-10.427
-7.8768
-10.157
12.77
8.9956
-20.477
-30.564
-0.2051
-7.2465
18.393
3.064
-17.453
12.614
26.066
11.176
40.585
32.544
5.6212
-27.123
-4.6163
-0.16802
-3.8578
-56.659
-10.522
-9.906
14.384
7.1355
26.937
12.632
7.8503
-10.126
-5.7634
-2.1117
-14.072
-25.468
5.4501
2.1419
-8.8653
16.398
2.2129
10.644
-25.04
-5.3718
6.002
-19.567
-1.2285
-13.626
-5.4261
-12.223
-1.7813
10.168
9.4167
8.1216
28.615
54.492
23.315
-24.296
-18.149
-7.6443
20.703
47.968
12.868
-11.441
-1.4452
-14.122
-13.199
-0.041993
-9.0648
-9.9566
-21.334
-29.086
-15.285
-13.296
-22.753
6.7885
3.5778
22.038
13.057
-22.348
-10.292
-7.8056
-16.129
-0.080943
21.305
22.965
30.825
33.461
-10.725
1.1905
1.7465
-13.268
-17.175
8.813
29.495
7.8564
-9.7933
-9.7734
17.214
-15.651
3.3952
2.3738
-2.8257
-4.9186
-19.718
-24.794
22.396
14.405
-22.813
5.5146
16.187
27.336
-16.651
-18.821
-1.5722
-1.6737
11.672
10.013
27.717
-5.7466
-17.266
-16.068
-32.813
-38.338
-2.1068
-12.253
-3.5608
-22.916
22.457
9.8237
24.01
19.706
0.36857
-8.7244
10.968
21.483
14.228
10.725
32.265
25.216
7.2808
-2.1241
-19.457
-17.683
-28.867
7.4682
27.011
-0.85021
8.738
7.7309
-14.1
-16.009
-14.664
-28.448
-6.4257
-22.937
-25.527
-8.4445
2.3319
-8.2985
-2.7157
10.123
-23.737
16.329
27.254
19.172
19.925
-10.023
-25.161
5.6734
38.52
11.264
16.822
-25.653
-11.391
1.2905
42.298
28.39
13.324
-14.653
-7.6335
2.8806
7.8259
-26.433
-6.0932
20.456
-2.0762
-29.368
-49.472
11.535
11.505
3.5799
-18.128
-13.087
-7.2441
-18.974
-28.773
0.59862
6.8054
30.815
52.99
26.615
-36.8
-42.043
-25.197
15.902
38.607
47.197
3.1876
-28.217
7.6134
15.308
17.921
17.472
27.022
-11.164
-10.6
-27.732
-2.7957
-15.615
-20.799
-38.518
-24.989
24.483
4.0296
0.24785
5.2128
4.5886
0.69416
11.937
25.205
-26.159
-34.148
-1.5011
-14.726
