33.305
10.237
5.9066
17.212
20.993
16.431
-15.455
14.823
-10.718
-42.017
-10.757
-0.35673
-4.3884
-44.191
-22.191
50.198
36.514
-26.639
-21.415
7.0611
2.2385
37.704
-23.61
-47.911
2.561
25.858
-5.1057
-30.99
-52.613
-8.7432
62.625
5.0299
-15.114
-15.993
23.101
-2.7276
-6.8112
33.6
4.4781
8.4493
28.329
-3.7913
15.49
7.2034
9.9954
-9.4866
11.6
22.339
22.112
15.382
-23.137
-59.283
-49.512
-33.298
-25.052
4.0129
-20.9
36.387
25.158
21.842
-6.9131
6.78
7.4372
7.4947
-4.7177
4.9145
-20.049
-19.427
14.793
18.114
2.6316
12.276
-0.26031
-16.91
-10.061
30.891
-16.559
-17.947
-13.827
-10.809
-3.1847
36.501
14.132
9.3972
11.638
-20.458
-32.497
22.265
-6.7128
-13.024
24.916
3.873
1.168
26.721
8.7187
-8.3913
-29.466
30.798
-26.75
-13.506
21.018
-19.202
-11.99
-13.706
-7.2191
19.318
38.544
-9.1497
-13.397
-12.141
12.843
-10.462
10.442
15.505
0.84105
-28.208
-14.083
-7.3455
-8.276
-10.102
6.3631
-4.7966
-13.197
19.006
42.258
34.213
-1.886
-23.72
-42.909
14.385
32.322
7.5598
1.1645
-22.67
6.0757
-16.61
31.443
33.129
30.786
60.116
8.1393
-36.01
-10.619
-53.28
-48.115
-46.411
-65.95
-37.321
15.769
8.7535
49.012
26.687
5.0934
8.2645
-7.4736
-19.675
15.085
23.716
28.046
30.76
-16.165
-11.281
-12.286
3.3543
3.9685
24.943
26.963
5.5163
7.8377
2.3989
-20.322
-19.969
9.5835
-35.766
-8.3917
5.4544
5.3063
-24.131
-4.5211
-9.4483
-5.783
-13.478
19.083
3.7334
61.809
-24.301
-36.611
-4.8613
1.2724
-8.774
7.7771
4.3808
19.111
-25.451
-33.498
-1.2625
35.102
25.658
-3.5332
55.193
19.749
-7.0647
-3.5408
2.4069
-5.6472
12.472
2.6375
-18.962
-16.953
-6.8281
-13.49
14.959
-22.686
-27.624
-34.535
-7.2535
-23.927
-11.14
15.893
40.33
5.909
34.113
-29.313
-33.977
-0.14393
24.916
19.571
17.007
15.834
-3.7853
-5.4983
52.072
50.379
37.164
35.222
14.309
-42.185
-33.909
2.1498
-49.701
-75.392
-30.703
-81.33
13.581
-5.1686
-33.903
10.33
-15.352
20.435
63.984
57.965
-29.798
-40.376
40.466
27.037
