27.504
29.426
-6.6365
-24.053
-12.401
-15.001
9.5207
-6.7812
-15.751
-2.2897
21.243
18.355
8.9772
13.936
17.531
-37.566
-31.247
-2.473
-12.367
12.372
30.449
63.842
16.679
-23.017
5.0858
34.452
23.948
-0.26056
-36.096
-39.296
-26.365
-4.8007
7.6696
-4.3517
-19.72
-18.85
6.0264
-3.3847
-26.471
-35.292
6.0981
2.7598
51.448
NaN
NaN
NaN
NaN
18.292
8.6143
18.037
-32.167
-42.224
-7.0346
15.536
43.474
24.815
-0.80991
-36.935
-15.39
-11.997
-23.342
-15.287
-4.6645
2.9511
11.133
-3.1713
5.6476
15.088
4.8755
-10.184
-10.372
-24.013
20.391
52.656
77.28
42.084
NaN
NaN
NaN
NaN
-55.19
-10.537
0.17709
-19.038
-2.3327
11.756
12.76
-41.134
-36.554
-17.31
-8.7379
-11.532
-11.162
0.3301
-23.826
-24.826
-24.053
-31.065
4.8309
71.215
41.212
NaN
NaN
NaN
NaN
NaN
-19.359
-7.5349
10.515
27.174
-0.38659
11.504
-11.836
-40.289
-15.332
9.6919
NaN
NaN
NaN
NaN
NaN
-12.364
-30.648
-43.815
-7.042
8.6407
-21.254
-23.788
-16.061
-22.847
-5.5338
-12.612
-28.588
-14.367
-7.5451
-21.837
-15.707
-15.811
-0.72856
12.649
42.194
19.816
20.718
4.4611
10.653
43.957
28.548
30.969
44.013
36.964
4.5335
-21.755
-2.4488
-16.561
-25.18
-35.205
-36.604
-42.691
1.6425
13.689
-30.267
4.2182
-15.406
-38.796
-20.647
45.84
24.195
28.186
64.073
36.065
23.26
6.7942
9.075
-18.593
-13.31
-26.09
-34.795
-40.198
-32.139
-7.1674
-1.3237
-30.568
-23.369
-14.48
11.103
31.814
26.03
17.37
17.258
-5.666
-21.273
4.1321
16.408
10.591
-25.223
14.16
44.809
0.89771
NaN
NaN
NaN
NaN
NaN
NaN
NaN
NaN
NaN
NaN
NaN
NaN
NaN
NaN
19.058
21.575
24.365
-3.4658
-45.022
-27.837
7.0525
31.317
-2.1032
-21.348
3.3422
5.426
3.0811
-29.25
-14.772
-19.639
-13.98
-22.276
-6.4547
13.513
27.952
9.2297
NaN
NaN
NaN
NaN
NaN
NaN
NaN
NaN
NaN
NaN
NaN
23.476
0.040941
19.935
11.47
2.1685
35.938
38.402
7.9344
-13.149
-28.047
NaN
NaN
NaN
NaN
NaN
NaN
NaN
NaN
NaN
NaN
NaN
NaN
NaN
NaN
-22.821
-18.964
23.291
59.083
68.248
63.928
60.121
65.67
85.24
70.383
68.146
58.518
-2.6745
-24.492
-64.254
-44.056
-20.478
-28.608
-21.246
-21.235
-48.525
-0.69128
NaN
NaN
NaN
NaN
6.4308
-13.567
5.025
11.483
8.3578
-0.86692
-9.2566
16.508
15.271
