30.477
1.8038
-23.152
-6.1791
-15.973
-8.4526
-30.872
NaN
NaN
NaN
NaN
-11.864
-11.387
55.317
49.39
-3.9262
-30.606
-3.0362
17.906
10.78
7.203
-3.1037
0.25049
-6.2126
-1.3325
NaN
NaN
NaN
NaN
-17.08
-16.075
8.0111
11.377
21.727
-4.0403
15.348
9.7859
-13.365
-33.938
-5.8089
5.9553
NaN
NaN
NaN
NaN
-28.552
-22.471
-19.206
0.86789
9.1097
-3.6841
-23.156
-25.528
-10.706
NaN
NaN
NaN
NaN
NaN
-8.2064
33.952
5.9662
-17.851
-26.598
-27.03
2.7268
17.573
11.494
-4.4265
-1.217
-40.279
-23.704
-13.646
0.8084
-27.678
-22.085
-27.802
-33.754
5.6139
0.92162
-0.15697
27.45
30.483
45.567
60.983
52.883
53.054
-15.409
-18.438
-19.823
14.915
6.1413
3.802
-13.426
-4.4026
-2.2074
-12.915
-3.7826
8.1792
-3.8836
-10.741
-8.3977
0.26364
-17.446
-7.0978
-32.392
-35.609
-24.5
-21.403
-41.338
-2.8117
2.4718
-12.133
-26.373
-11.963
0.59868
30.656
34.304
18.752
22.541
60.109
61.162
52.995
39.864
32.63
34.792
23.759
10.75
-9.0135
-36.913
-24.294
-8.959
-29.43
NaN
NaN
NaN
NaN
NaN
NaN
NaN
40.063
39.803
28.392
23.595
13.569
NaN
NaN
NaN
NaN
NaN
NaN
NaN
NaN
NaN
NaN
10.463
15.155
6.5321
23.355
14.622
NaN
NaN
NaN
NaN
-16.697
-15.866
-23.206
-0.52255
2.3862
19.81
12.844
3.7867
-5.7585
NaN
NaN
NaN
NaN
NaN
NaN
NaN
NaN
NaN
NaN
NaN
NaN
NaN
NaN
NaN
NaN
NaN
NaN
NaN
NaN
NaN
NaN
NaN
NaN
-26.965
8.2337
23.845
-2.3448
-14.427
NaN
NaN
NaN
NaN
NaN
NaN
NaN
NaN
NaN
NaN
NaN
-5.387
-25.376
-4.493
13.503
8.0812
-0.06949
-13.585
-0.35106
-5.2517
-1.6337
6.3916
4.169
-22.567
-35.024
-13.738
19.78
0.43819
-20.791
-33.822
-15.892
-3.7256
-22.989
-18.943
4.8793
7.4914
45.548
59.788
37.6
20.505
10.136
17.774
13.079
62.402
0.38887
-25.866
-1.7055
1.4949
-14.503
-29.743
-32.309
-34.039
-47.485
-56.992
11.48
0.4281
-47.503
-18.862
-0.48147
4.5644
17.85
37.698
52.134
16.405
0.86862
-17.744
-2.1342
26.829
55.482
66.558
76.796
52.968
13.381
-49.376
-56.486
-41.219
-50.19
-61.032
-55.997
-29.498
-5.0342
4.6539
-17.176
-0.88555
-7.346
-3.0729
7.6072
34.053
18.295
15.073
NaN
NaN
NaN
NaN
NaN
NaN
NaN
NaN
NaN
NaN
NaN
NaN
