-12.746
3.8176
3.278
30.162
22.772
-0.24208
0.13856
-37.284
-10.811
-39.483
-29.92
-12.061
17.355
19.502
-15.929
36.247
26.906
2.7494
-3.6179
13.084
34.317
28.186
40.071
1.4045
18.954
19.598
5.4111
-9.9875
-3.3632
4.8393
-11.308
-19.213
-47.577
-68.357
-15.394
37.944
52.151
36.684
-37.496
-66.151
-28.204
7.0676
-23.43
16.158
50.729
13.66
3.969
14.043
-28.386
-3.4337
-23.397
15.538
12.839
-33.412
-21.713
7.6004
29.534
7.6307
-24.59
-22.607
29.418
35.718
5.7373
2.158
-18.844
24.86
46.88
-4.6644
-39.505
-55.299
-29.965
49.328
67.561
46.413
1.522
-31.169
-26.622
-12.928
15.848
22.586
18.963
10.606
-1.0045
-15.105
-3.0642
-1.8743
-19.735
-39.12
-14.268
-35.304
-56.506
-54.836
-39.251
-22.561
-15.343
-17.789
27.03
53.414
72.165
38.009
22.074
-7.0114
19.744
61.943
42.422
33.497
-7.8247
-14.772
33.381
23.71
-20.684
-2.328
-9.3551
25.982
15.721
-16.237
-38.607
11.709
-15.653
-53.327
-57.583
-32.938
-28.516
-43.292
-44.495
-40.964
-15.944
-12.553
-4.4877
40.674
71.433
52.524
17.587
-2.7798
16.582
5.4207
15.779
13.458
46.254
33.334
-8.853
-42.578
9.7708
10.566
4.4008
9.4605
6.7227
-12.356
53.798
34.429
-1.2892
12.005
-21.237
-30.281
-31.24
-29.589
-28.689
-32.636
-24.318
-36.45
-29.66
-11.961
-9.0997
-37.995
-18.357
-6.7399
-28.869
26.585
48.374
52.727
56.845
59.35
25.582
29.553
19.474
-13.589
23.691
27.766
54.142
11.365
-31.963
-46.175
-66.008
-40.322
-19.14
-23.346
13.926
-31.052
-25.181
-19.489
15.139
10.361
-11.259
-13.826
-32.294
12.964
46.716
58.979
21.203
-3.0584
0.41272
16.045
20.531
21.008
-14.467
-36.17
-32.211
-27.288
-12.682
-7.9469
19.402
6.2902
3.6094
14.25
16.329
35.329
13.791
-33.767
11.814
24.587
29.387
-7.5232
-33.325
9.6294
-23.427
-27.246
-8.3391
17.309
-1.3909
-5.555
-30.952
-48.253
-36.924
-26.559
-12.657
-19.735
-2.5903
30.233
44.321
46.847
25.802
21.081
18.03
28.2
56.405
66.44
63.33
-34.042
-45.272
-41.237
0.34486
-9.0162
-8.8164
-58.53
-83.392
