16.567
-18.894
5.1438
5.5076
-18.311
2.1219
-16.715
-30.204
12.44
31.462
12.089
-4.0042
42.023
16.08
21.479
-16.624
13.777
19.699
15.471
1.6764
-17.85
-0.82364
-23.145
-17.653
-11.223
-22.311
-19.987
-37.231
3.3004
34.452
14.372
-26.031
-21.238
9.3081
-4.6006
15.901
10.744
24.038
54.262
6.4199
-23.639
-12.439
-10.111
-14.715
30.711
13.4
7.3377
26.818
-24.353
-10.785
-26.738
-17.625
-22.103
-29.266
-11.293
4.7012
9.2774
35.703
31.56
-4.3282
-5.1155
21.857
-2.1298
-28.421
8.3317
15.696
7.618
-8.2353
-3.4981
23.983
-2.9411
-21.645
-13.504
23.836
10.804
-10.437
-17.57
-5.3644
21.241
14.297
-35.477
-10.468
-17.374
-16.125
-23.671
-13.53
10.519
0.9103
11.155
32.102
7.9383
23.246
11.451
16.607
-7.7919
15.908
8.9309
2.926
-11.452
-1.9514
-16.789
8.8181
13.024
-19.021
-0.78392
9.0043
-18.414
-4.9255
-3.3092
-18.604
2.6
27.59
-17.141
-34.643
-25.26
25.361
14.656
48.51
-23.263
-10.883
-11.86
-32.847
-6.1284
1.9976
-11.947
3.7131
10.424
22.197
29.691
11.143
-4.2691
11.581
4.5546
-14.906
14.434
18.048
28.134
-8.064
22.287
17.537
-7.511
-18.438
-14.767
-5.4252
-48.463
-27.385
-32.533
-11.344
-11.529
-7.526
20.052
-4.1952
28.179
-11.022
31.099
35.044
7.535
-3.7689
-18.153
22.93
-1.2158
-28.024
-13.427
18.024
6.3363
-39.751
-6.3331
-0.85026
7.7981
24.26
19.975
-9.6586
6.2487
-4.926
-9.6919
25.598
41.556
5.7475
19.171
7.1877
-34.086
-24.276
12.228
0.87725
-12.855
-9.693
-16.064
-17.33
14.737
-5.445
-31.418
-23.276
-21.888
-25.74
-6.6752
-11.9
17.022
24.513
-0.19005
31.098
42.095
28.991
51.435
-28.902
-7.2272
-9.0219
20.01
21.544
16.913
-17.994
-0.25843
-3.9619
1.9688
-16.476
-22.858
-6.6009
-20.855
2.8611
-10.311
-37.385
-5.5689
9.7281
-14.316
4.8967
28.101
-6.4622
13.688
-19.45
-7.6076
-6.0715
1.5762
20.239
17.059
24.97
29.022
-33.532
-17.963
9.238
3.2648
3.7943
-1.1463
8.1702
9.1476
10.591
15.66
-18.436
1.9033
15.764
3.9548
-5.1057
-26.28
-19.737
-39.322
-4.4088
11.722
