23.866
-10.177
-14.746
-28.469
-14.984
-33.727
-30.159
-23.725
-3.614
14.316
16.683
23.117
31.251
8.2518
4.926
5.5392
-1.7125
-8.2376
7.945
16.814
7.8387
25.972
16.585
-14.116
17.654
11.989
-3.0023
8.6492
13.482
11.213
-37.819
-43.405
-31.974
-10.764
-11.913
-12.82
7.0316
25.269
28.607
19.733
-6.8618
-6.1337
-3.287
-31.189
-33.398
-34.586
-3.7448
19.727
0.35401
-11.771
-43.432
-28.633
-26.255
-7.5004
33.817
64.402
94.716
60.014
20.671
13.324
10.71
13.933
32.009
41.172
15.406
-35.855
-38.147
-46.247
-37.95
-65.535
-37.019
-10.346
6.6115
-14.408
-17.402
-1.4009
-18.049
11.656
19.53
-6.5932
NaN
NaN
NaN
NaN
NaN
-9.9204
18.887
-5.0419
21.982
20.24
-6.4256
-3.0212
18.322
13.652
4.1013
21.154
19.364
5.4126
NaN
NaN
NaN
NaN
NaN
NaN
NaN
40.732
59.28
23.127
-47.569
-71.206
-19.227
-9.4992
-16.695
10.075
13.988
28.657
37.469
-15.06
-48.443
-16.67
-15.284
3.7681
2.9586
-23.062
-14.752
7.7755
5.0449
-2.7934
12.85
27.627
11.287
20.05
-5.946
-15.413
-17.388
NaN
NaN
NaN
NaN
28.703
29.468
-1.1926
10.455
9.9535
6.0575
5.8043
4.7314
-22.608
-11.395
-13.978
-26.295
14.54
-1.8846
49.479
29.984
-25.286
-20.891
-16.324
-34.36
-23.32
-25.452
-31.722
-25.304
3.6394
-30.708
-15.777
-7.9312
-5.0626
-5.0407
1.9377
24.219
31.322
10.726
17.563
20.793
57.637
63.922
28.967
26.714
16.472
1.2073
16.14
-3.3331
-25.856
-26.139
-20.183
NaN
NaN
NaN
NaN
NaN
NaN
NaN
10.589
-9.2157
-26.616
-18.583
8.3434
-19.084
-53.396
-27.912
7.8437
9.0525
-3.7651
NaN
NaN
NaN
NaN
50.087
14.208
-7.9893
-18.161
-12.486
32.313
26.745
10.511
2.685
-24.865
-39.831
8.8542
-6.4347
-7.2863
6.5908
14.52
59.82
48.839
62.853
47.835
-1.8522
-33.154
-50.437
-80.147
-51.158
13.486
-21.422
-47.572
-28.81
-15.099
11.401
24.932
38.536
-2.4333
-25.063
-18.801
-17.445
10.368
29.793
15.507
18.257
-10.367
-29.057
-2.6934
29.817
12.846
5.4497
14.752
-25.428
-30.478
6.8014
20.966
52.748
44.589
14.975
15.71
NaN
NaN
NaN
NaN
-19.941
-41.808
-45.398
-35.429
-43.478
-22.236
-25.621
-11.569
4.6019
-13.733
16.271
25.443
23.317
23.431
6.2433
1.2554
5.5672
-17.441
-18.207
-6.8546
-35.572
-26.379
15.779
27.59
37.611
63.466
7.9047
6.5885
-5.0227
12.391
3.596
7.8806
8.5941
8.3604
-8.5748
-6.7651
-9.0174
-16.281
-9.7667
-19.932
-9.828
-23.639
-16.714
5.4475
7.9643
8.3009
15.337
24.658
