-2.9629
0.87807
5.3769
7.5605
-13.143
-18.921
-31.934
-13.076
-14.218
-3.4936
-30.647
-11.094
-18.335
2.385
-34.235
-17.506
-3.1424
1.7291
-35.458
-39.2
-15.942
-12.43
-22.224
-6.5958
15.816
28.998
39.925
24.718
29.796
NaN
NaN
NaN
NaN
NaN
NaN
NaN
NaN
NaN
NaN
NaN
NaN
NaN
NaN
NaN
NaN
NaN
NaN
NaN
NaN
NaN
NaN
NaN
NaN
NaN
NaN
NaN
NaN
NaN
NaN
-42.908
-19.794
-18.086
-21.664
-24.87
-26.122
-19.552
-7.6048
-9.5951
-14.225
-10.702
7.3256
11.335
7.7479
4.1443
10.786
10.934
9.8546
-2.1681
3.2563
-4.0744
-20.948
-6.7704
-4.1709
0.33294
-2.2988
0.57308
NaN
NaN
NaN
NaN
NaN
NaN
NaN
NaN
NaN
NaN
NaN
NaN
NaN
NaN
NaN
NaN
NaN
NaN
NaN
NaN
NaN
NaN
NaN
NaN
-29.769
-17.07
-11.741
-23.419
-25.374
-29.601
-25.803
-27.574
-5.8979
-10.086
0.77627
-0.78955
-7.3753
10.072
15.471
12.156
2.9773
10.83
7.9955
-11.992
13.417
NaN
NaN
NaN
NaN
NaN
NaN
NaN
NaN
NaN
NaN
NaN
NaN
NaN
NaN
NaN
NaN
NaN
NaN
NaN
NaN
NaN
NaN
NaN
-16.504
-7.6976
-19.177
-17.55
-22.872
-4.7159
-11.762
-17.268
-37.067
-11.441
17.732
26.004
15.309
17.383
5.7702
-17.681
-0.044329
-22.815
-35.486
-34.632
-17.042
-28.844
-31.421
NaN
NaN
NaN
NaN
NaN
NaN
NaN
NaN
NaN
NaN
NaN
NaN
NaN
NaN
NaN
NaN
NaN
NaN
NaN
NaN
NaN
NaN
-69.951
-62.413
-51.314
-15.747
67.923
4.4328
0.85445
-40.901
10.722
-28.403
-38.307
-48.554
-11.839
-29.194
-13.444
-11.408
-13.399
-13.792
5.7464
10.175
-6.1217
-11.384
-18.525
1.7029
NaN
NaN
NaN
NaN
NaN
NaN
NaN
NaN
NaN
NaN
NaN
NaN
NaN
NaN
NaN
NaN
NaN
NaN
NaN
-5.7115
-0.79634
-47.118
-24.65
-18.611
-2.7728
-22.272
3.3792
-18.499
-17.275
-38.515
-9.3919
-36.139
-14.144
-27.25
4.5638
-31.084
-9.9863
-19.828
-5.9045
-20.481
9.4002
-5.0886
-0.9251
-15.885
1.1063
-18.592
NaN
NaN
NaN
NaN
NaN
NaN
NaN
NaN
NaN
NaN
NaN
NaN
NaN
NaN
NaN
NaN
NaN
NaN
NaN
