-17.804
0.96102
22.485
24.413
23.131
26.585
11.817
16.663
-4.2702
-17.352
-26.953
-21.613
-23.338
-10.948
-16.875
-25.979
-29.965
2.3995
16.769
4.9025
-15.838
-19.989
-24.353
-30.061
-28.895
-22.542
-20.765
-30.581
-25.649
NaN
NaN
NaN
NaN
NaN
NaN
NaN
NaN
NaN
NaN
NaN
NaN
NaN
NaN
NaN
NaN
NaN
NaN
NaN
NaN
NaN
NaN
NaN
NaN
NaN
NaN
NaN
NaN
NaN
NaN
-5.854
-24.267
-38.929
-28.747
-12.548
-1.0799
-7.4774
-15.071
-23.914
-4.2377
7.3625
13.89
6.6989
4.1876
-5.5897
1.4239
12.754
28.564
27.388
13.404
13.714
27.57
7.2275
-28.75
-23.481
-20.427
-15.387
NaN
NaN
NaN
NaN
NaN
NaN
NaN
NaN
NaN
NaN
NaN
NaN
NaN
NaN
NaN
NaN
NaN
NaN
NaN
NaN
NaN
NaN
NaN
NaN
21.006
23.279
19.054
15.683
12.528
-3.2734
3.8207
-5.6183
-16.601
-21.683
-18.255
-13.665
-6.5992
0.67332
-12.657
-17.143
-27.213
-28.561
-39.207
-53.965
-38.481
NaN
NaN
NaN
NaN
NaN
NaN
NaN
NaN
NaN
NaN
NaN
NaN
NaN
NaN
NaN
NaN
NaN
NaN
NaN
NaN
NaN
NaN
NaN
1.0672
-6.35
-26.326
-22.403
-23.002
-4.3758
-10.888
1.3469
3.0492
8.0336
4.832
12.618
-1.3858
-26.144
-42.971
-31.691
-2.308
-7.2451
-5.3375
-14.35
-34.268
-38.168
-41.962
NaN
NaN
NaN
NaN
NaN
NaN
NaN
NaN
NaN
NaN
NaN
NaN
NaN
NaN
NaN
NaN
NaN
NaN
NaN
NaN
NaN
NaN
-8.7357
6.1857
1.9115
-10.327
21.268
8.4767
11.089
-21.887
6.6517
-14.884
-23.293
-35.841
-45.028
-43.513
-41.011
-23.754
-22.512
-26.634
-16.304
1.7535
0.64905
-6.7799
-23.669
-29.04
NaN
NaN
NaN
NaN
NaN
NaN
NaN
NaN
NaN
NaN
NaN
NaN
NaN
NaN
NaN
NaN
NaN
NaN
NaN
21.958
5.4787
5.8283
6.0132
-1.5056
1.9568
-23.091
-19.546
-8.0361
-19.235
-16.955
-14.149
-24.023
-17.337
-14.437
-25.367
-33.858
-23.385
-20.789
-26.369
-26.158
-10.1
-11.126
-16.957
-8.9953
-1.523
-2.1702
NaN
NaN
NaN
NaN
NaN
NaN
NaN
NaN
NaN
NaN
NaN
NaN
NaN
NaN
NaN
NaN
NaN
NaN
NaN
