NaN
NaN
NaN
NaN
NaN
NaN
-37.715
59.884
-16.701
-20.691
23.673
36.355
25.734
-3.9156
NaN
NaN
NaN
NaN
NaN
34.473
-13.387
-20.282
-15.946
1.4497
43.348
NaN
NaN
NaN
NaN
7.2578
-47.863
-8.9277
34.991
84.86
53.364
-5.3926
-50.629
5.1016
NaN
NaN
NaN
NaN
NaN
NaN
NaN
NaN
49.265
85.61
1.4881
13.811
-25.509
24.469
NaN
NaN
NaN
NaN
NaN
NaN
NaN
NaN
22.147
43.574
-18.555
-35.993
-25.115
NaN
NaN
NaN
NaN
-6.4971
-5.3831
-59.246
-56.934
-51.875
-43.607
-75.982
-16.418
2.0065
-78.632
-5.6355
-16.14
77.951
71.095
140.96
6.7375
9.8729
24.141
NaN
NaN
NaN
NaN
66.237
17.993
1.2938
-62.937
-37.215
-52.877
-54.835
-45.854
NaN
NaN
NaN
NaN
NaN
NaN
NaN
NaN
NaN
NaN
NaN
NaN
NaN
NaN
NaN
NaN
NaN
NaN
NaN
NaN
NaN
NaN
NaN
NaN
NaN
NaN
48.834
-25.044
-56.49
-27.574
-1.8985
1.1815
-5.0352
-31.769
NaN
NaN
NaN
NaN
NaN
NaN
NaN
NaN
NaN
NaN
NaN
NaN
NaN
NaN
NaN
NaN
NaN
NaN
6.2916
58.846
20.737
50.591
40.319
-54.987
-65.627
-40.232
-2.7875
-15.147
12.087
-68.397
-4.114
-43.868
-24.046
-97.939
-76.062
4.2947
-72.082
NaN
NaN
NaN
NaN
56.383
-0.36125
7.7065
-21.285
-12.842
82.685
64.716
32.237
30.932
34.093
NaN
NaN
NaN
NaN
NaN
45.149
-13.065
-66.802
-82.615
-12.324
-53.883
-49.83
-32.56
0.78962
-4.232
-0.74826
-38.76
-32.16
-19.98
59.716
NaN
NaN
NaN
NaN
NaN
NaN
NaN
NaN
NaN
NaN
NaN
NaN
NaN
NaN
NaN
NaN
NaN
NaN
NaN
NaN
NaN
NaN
28.72
-0.04954
-38.694
-8.2369
62.879
67.118
48.375
NaN
NaN
NaN
NaN
24.835
-1.0749
-54.127
-79.846
39.314
-16.313
35.335
42.717
-56.332
-74.476
-41.492
-3.8874
1.166
-8.038
-23.78
-58.001
NaN
NaN
NaN
NaN
NaN
NaN
NaN
NaN
NaN
NaN
NaN
NaN
NaN
NaN
NaN
NaN
NaN
NaN
NaN
NaN
NaN
NaN
NaN
81.265
12.248
-9.6138
37.981
44.667
14.886
16.976
15.613
50.359
-59.038
50.429
37.236
-40.474
77.086
-1.3826
21.512
-93.494
-12.573
-22.394
-24.887
-30.936
2.3352
-50.047
-51.632
-33.689
-0.80141
-34.86
3.9647
22.06
-61.423
24.058
