16.757
114.63
109.08
52.809
35.604
19.408
82.093
84.252
52.221
89.625
-30.953
60.581
-60.236
23.946
-14.878
37.23
14.098
-4.7575
-116.86
-165.14
-116.71
-25.512
-37.201
3.5165
-51.342
-81.87
-124.85
-56.249
25.214
368.25
NaN
NaN
NaN
NaN
-68.51
9.9435
20.676
-21.35
-80.335
-137.63
-142.45
-88.176
-77.46
16.022
41.918
113.51
-56.498
-56.109
-4.5164
65.237
-69.843
-52.987
-87.711
-72.043
-133.23
-46.133
47.974
84.142
131.02
139.08
221.26
66.394
-0.51653
-65.571
-19.809
-53.852
3.7836
70.517
118.87
127.13
-4.5183
64.234
-7.076
-25.587
-85.079
-98.934
-121.92
-32.079
-37.301
-52.182
-45.038
-94.715
-87.235
-68.866
12.055
-84.5
-45.348
59.072
123.23
82.291
119.63
41.585
-26.935
-80.661
53.185
126.37
31.098
44.913
56.119
49.906
-40.587
-35.808
-72.546
-86.498
-7.664
-3.9205
80.425
10.564
-38.823
-103.89
-18.444
-103.58
47.059
NaN
NaN
NaN
NaN
NaN
NaN
-121.19
-122.45
-60.358
-48.916
-105.76
94.18
10.096
131.73
5.4728
48.247
29.92
-67.152
-88.633
-183.3
-87.086
-116.29
36.629
NaN
NaN
NaN
NaN
NaN
NaN
-22.289
24.28
27.44
-19.79
-63.174
-95.622
-69.493
NaN
NaN
NaN
NaN
NaN
NaN
NaN
NaN
-65.166
-82.872
63.049
39.115
1.5305
85.952
41.209
205.02
138.66
NaN
NaN
NaN
NaN
NaN
NaN
-88.762
-25.355
-43.93
-68.467
-36.231
-6.2078
-76.366
-124.11
104.63
18.875
162.54
-45.342
34.928
-146.37
-90.792
55.185
-13.641
-11.737
7.4139
62.131
NaN
NaN
NaN
NaN
NaN
NaN
-56.141
-110.44
16.206
-15.694
25.646
164.05
57.819
89.953
-6.9908
NaN
NaN
NaN
NaN
NaN
NaN
NaN
NaN
NaN
NaN
NaN
NaN
NaN
NaN
NaN
NaN
NaN
NaN
NaN
NaN
NaN
NaN
NaN
NaN
NaN
NaN
NaN
NaN
NaN
NaN
NaN
NaN
-33.204
-163.53
-126.5
-155.97
-25.585
14.612
-77.295
-41.2
-12.696
-33.007
-15.297
-63.304
-38.945
-48.914
-81.428
-86.862
