-95.528
-28.281
-11.753
14.886
15.702
13.935
6.6007
-4.8256
8.7267
8.091
13.764
-6.1071
-13.588
11.322
-14.237
-34.506
-15.866
-18.336
6.1735
-21.367
-3.5923
9.6686
2.7345
3.2986
31.042
16.327
-2.8905
-14.907
-12.091
29.482
13.992
25.77
21.574
-10.727
-1.0593
-29.349
-20.826
NaN
NaN
NaN
NaN
NaN
NaN
NaN
NaN
NaN
-32.804
-8.1413
-26.095
-5.666
2.4197
32.349
19.71
34.544
33.791
4.5767
16.811
14.402
12.598
16.707
6.6849
22.253
2.5563
12.328
7.564
-2.2844
-64.092
-42.854
-78.954
-13.849
-28.56
16.687
4.0103
9.3659
16.382
10.037
11.794
NaN
NaN
NaN
NaN
-12.612
-19.816
-26.231
2.3075
15.342
40.94
21.745
0.46234
4.325
4.1665
31.068
5.7517
31.983
22.203
-6.4247
12.502
5.339
8.0267
21.753
20.526
5.6278
NaN
NaN
NaN
NaN
NaN
15.714
-12.355
-14.022
15.18
-0.35245
-20.457
-16.308
12.134
-27.116
11.734
NaN
NaN
NaN
NaN
NaN
NaN
NaN
14.066
-25.472
-45.692
-18.354
-28.146
6.9439
48.55
62.891
48.476
20.351
9.4803
-7.2771
-4.7336
0.97155
2.3
-3.756
-1.6784
15.093
-6.3033
2.7159
9.7429
2.2789
-10.115
-9.5599
-0.6334
NaN
NaN
NaN
NaN
NaN
NaN
NaN
NaN
NaN
NaN
NaN
NaN
NaN
-22.888
-16.999
-40.12
-32.741
-22.124
-35.473
-11.932
-9.9564
-50.429
-11.049
12.577
30.575
12.565
28.656
37.898
26.931
37.568
24.71
41.015
8.2166
4.1094
-4.2869
-24.985
-30.015
-4.1205
-19.687
28.009
-17.94
1.0052
1.3791
30.563
-4.7022
-7.7933
-1.2674
2.3681
-17.738
15.736
3.9824
-0.24045
23.626
NaN
NaN
NaN
NaN
NaN
NaN
-23.058
-23.959
-23.767
-47.207
-15.333
-39.193
11.303
4.4474
23.771
36.563
27.244
9.7435
10.349
13.386
15.858
19.636
8.0561
-18.981
-33.117
17.244
38.349
NaN
NaN
NaN
NaN
NaN
NaN
NaN
NaN
NaN
NaN
NaN
22.223
27.48
18.196
22.711
-38.723
-14.948
7.0342
-13.215
NaN
NaN
NaN
NaN
20.372
-2.3693
6.9949
-5.1171
5.3452
-7.6177
-8.619
12.6
-0.95182
-14.539
12.68
5.9542
6.7758
46.702
30.131
-10.96
-9.0214
-25.248
-27.275
-39.534
-25.105
-25.145
-26.198
-29.106
-10.166
NaN
NaN
NaN
NaN
NaN
NaN
NaN
NaN
NaN
NaN
NaN
NaN
NaN
NaN
NaN
NaN
NaN
NaN
NaN
NaN
NaN
17.289
11.775
-10.492
5.3574
1.9616
5.6339
5.1557
NaN
NaN
NaN
NaN
NaN
NaN
NaN
NaN
NaN
NaN
NaN
-9.3284
18.282
25.114
14.141
7.5948
-1.5014
-12.228
-37.667
-38.433
-15.77
11.81
10.343
-1.8287
-20.881
0.35132
-7.7379
7.6347
26.152
26.124
13.485
10.601
14.338
40.918
21.785
33.925
7.3539
