-5.982
-6.1368
-6.094
-45.601
-27.639
-16.885
-8.4461
29.262
-26.054
1.1592
21.625
58.932
63.812
39.544
2.5145
-24.436
-34.352
40.189
-20.877
52.312
21.052
27.571
-27.308
4.6586
-21.949
-57.12
2.5256
-11.679
-17.023
66.847
NaN
NaN
NaN
NaN
-4.4057
-43.429
-14.146
58.369
3.0829
62.656
-61.434
-7.6386
-33.871
22.162
41.11
61.871
42.676
-30.018
-28.505
8.1866
-23.777
-2.5311
-17.066
-4.113
-44.662
-15.081
-4.4033
5.6856
42.703
10.101
-10.912
-16.607
14.522
48.822
17.984
-15.188
46.621
46.345
-2.7173
32.583
6.862
-6.0573
-59.115
-30.882
-13.784
-12.718
-55.858
-15.33
0.17406
-8.7843
19.276
-36.677
-37.282
-10.632
60.146
3.7486
-41.178
24.767
26.394
-3.4525
33.851
6.1454
-39.245
-0.99586
-31.975
17.738
49.245
42.492
75.766
82.726
11.725
-74.996
-46.482
-4.4065
-38.482
20.749
-6.2075
-21.22
-24.571
-47.392
16.707
-20.645
-17.025
NaN
NaN
NaN
NaN
NaN
NaN
-26.272
14.19
82.432
12.341
24.664
-17.322
-78.383
-15.487
37.148
62.829
112.88
20.91
-38.644
-86.242
-68.238
-74.337
-2.2919
NaN
NaN
NaN
NaN
NaN
NaN
-8.5307
34.329
111.96
14.567
-20.514
-42.624
-6.2129
NaN
NaN
NaN
NaN
NaN
NaN
NaN
NaN
-43.582
11.009
49.295
32.407
-72.387
-23.913
-49.422
-12.745
20.681
NaN
NaN
NaN
NaN
NaN
NaN
-22.582
12.4
-3.6409
35.359
46.195
11.22
6.8578
18.882
-22.561
3.0276
14.984
16.897
38.819
-30.821
-49.088
-4.0136
8.8356
-36.315
-17.787
14.661
NaN
NaN
NaN
NaN
NaN
NaN
-30.7
-64.679
-33.59
-29.596
23.518
58.265
35.654
83.428
50.856
NaN
NaN
NaN
NaN
NaN
NaN
NaN
NaN
NaN
NaN
NaN
NaN
NaN
NaN
NaN
NaN
NaN
NaN
NaN
NaN
NaN
NaN
NaN
NaN
NaN
NaN
NaN
NaN
NaN
NaN
NaN
NaN
7.891
-7.4689
-22.752
-30.96
22.911
-10.643
-39.831
-33.602
44.849
-5.9316
-0.57644
27.326
18.231
0.64684
-45.566
-27.614
