-12.879
-7.2053
-1.9087
-75.143
-21
-19.941
-7.2237
-16.664
-35.528
-52.925
-29.792
11.566
-46.473
18.933
-63.383
-60.851
-42.548
19.486
88.03
64.278
8.4014
70.29
24.824
52.533
-17.239
16.058
-59.003
17.128
22.342
-34
NaN
NaN
NaN
NaN
6.0955
-2.5348
6.4813
47.74
29.078
44.815
-2.8002
-0.97945
-50.512
-56.657
-41.853
-0.99996
2.5236
8.4546
48.151
50.63
-22.9
8.6729
14.426
6.9629
-9.9477
-19.08
-22.542
-26.754
-11.831
-77.155
-38.769
-0.073121
-3.5143
72.297
103.07
82.245
-4.6085
-48.689
-127.19
-3.3362
-16.448
-3.3176
1.0468
15.32
42.463
33.034
1.8693
-4.8508
-7.0744
7.2449
15.484
12
2.2039
-21.721
12.895
24.748
72.133
87.27
0.6895
-128.22
-93.898
-63.145
-41.261
43.911
9.2407
69.165
12.733
3.8445
-20.334
-22.715
24.533
4.1818
15.035
27.204
-31.997
-67.088
-30.966
22.349
-16.27
-3.4286
62.232
4.768
44.005
NaN
NaN
NaN
NaN
NaN
NaN
-3.3895
50.421
86.987
35.366
33.27
-1.6656
-118.89
-74.224
20.86
55.439
95.001
21.474
18.738
-10.294
-19.92
-6.2972
57.567
NaN
NaN
NaN
NaN
NaN
NaN
-16.15
-35.586
-2.6462
23.707
39.42
4.0864
61.007
NaN
NaN
NaN
NaN
NaN
NaN
NaN
NaN
-21.532
-25.838
-86.986
-84.328
-57.864
-4.0641
-69.568
33.872
3.4954
NaN
NaN
NaN
NaN
NaN
NaN
35.35
-36.502
-26.873
-2.2201
30.705
39.694
37.777
14.445
19.251
-9.3771
-51.931
-26.103
18.489
-48.937
-113.81
-56.773
-19.797
-50.798
-33.493
72.937
NaN
NaN
NaN
NaN
NaN
NaN
-16.84
-23.771
-42.441
-5.2425
-23.027
78.686
37.075
-42.114
14.955
NaN
NaN
NaN
NaN
NaN
NaN
NaN
NaN
NaN
NaN
NaN
NaN
NaN
NaN
NaN
NaN
NaN
NaN
NaN
NaN
NaN
NaN
NaN
NaN
NaN
NaN
NaN
NaN
NaN
NaN
NaN
NaN
-8.4574
-54.271
6.1427
51.09
35.796
75.064
-48.651
9.5474
55.071
-15.682
79.478
37.16
28.004
74.317
38.048
-35.277
