-208.26
-2.8828
69.501
12.025
-12.894
-1.8788
-31.771
39.085
9.5324
-38.558
-20.702
-12.323
13.652
3.5907
-6.9524
-2.4146
25.64
19.105
-67.755
-23.092
7.8755
-6.0018
12.41
-22.313
-40.766
20.502
14.997
5.8588
20.543
-39.971
-22.679
3.1769
87.43
-1.9202
1.9889
-30.981
17.146
NaN
NaN
NaN
NaN
NaN
NaN
NaN
NaN
NaN
-18.935
-17.951
18.937
-7.1845
-20.676
-3.6711
7.7384
10.328
28.292
19.53
-15.709
-23.179
40.201
15.57
1.6996
-19.793
-31.388
14.473
37.042
42.073
44.634
4.9977
-33.956
13.041
32.355
-3.1008
-65.86
-73.316
-5.5688
12.561
29.905
NaN
NaN
NaN
NaN
-22.452
0.57933
-25.926
-31.334
34.067
9.4836
-7.0854
9.9576
8.475
31.996
25.068
15.435
37.242
14.98
-31.557
-61.915
9.5591
28.099
48.973
0.38497
-25.312
NaN
NaN
NaN
NaN
NaN
-26.367
-18.538
1.1795
7.8921
49.808
65.385
-54.365
-31.932
-37.484
22.552
NaN
NaN
NaN
NaN
NaN
NaN
NaN
-6.1827
-33.445
14.067
-6.1995
27.098
39.276
87.056
89.594
69.824
44.764
-52.022
13.251
-59.833
-9.9834
-54.557
-17.793
52.569
47.622
44.919
40.903
5.769
-38.441
-45.66
27.929
35.23
NaN
NaN
NaN
NaN
NaN
NaN
NaN
NaN
NaN
NaN
NaN
NaN
NaN
47.222
-6.7267
-31.99
-12.699
-29.22
-33.615
0.76569
-18.736
-47.301
-26.7
3.1435
-15.379
154.55
11.166
42.503
24.155
-5.3582
-44.34
-43.399
-66.418
-25.607
29.058
21.582
66.588
-12.393
33.596
20.532
-1.6469
37.165
34.095
7.3765
37.435
-18.337
-0.083798
-13.444
-45.667
-19.021
-20.009
-12.203
27.185
NaN
NaN
NaN
NaN
NaN
NaN
11.71
-17.405
37.731
-16.831
-25.569
38.76
52.309
33.708
-13.149
29.77
6.6683
3.9688
-48.292
-37.816
59.049
-5.6788
-5.9986
42.916
47.884
88.927
24.027
NaN
NaN
NaN
NaN
NaN
NaN
NaN
NaN
NaN
NaN
NaN
-3.4383
33.64
44.115
25.048
47.79
35.307
56.591
52.411
NaN
NaN
NaN
NaN
12.433
51.918
-8.3875
-82.397
-42.452
-9.6195
21.604
-5.2172
-81.15
-66.521
-0.25784
17.118
-34.203
-28.434
18.48
7.4413
73.759
-23.871
-23.366
-11.462
-17.489
3.2691
-32.458
-37.627
-19.438
NaN
NaN
NaN
NaN
NaN
NaN
NaN
NaN
NaN
NaN
NaN
NaN
NaN
NaN
NaN
NaN
NaN
NaN
NaN
NaN
NaN
-24.184
22.1
22.706
36.141
18.355
21.678
5.2283
NaN
NaN
NaN
NaN
NaN
NaN
NaN
NaN
NaN
NaN
NaN
-63.962
-5.6508
3.3279
37.369
-0.90266
65.411
19.148
-18.683
-60.312
38.078
28.06
-7.2939
1.8975
-16.186
-16.99
-26.697
-31.37
-16.997
4.4302
62.446
-21.614
20.733
73.809
86.211
26.491
66.936
