NaN
NaN
NaN
NaN
NaN
NaN
1.1518
78.603
23.709
34.654
25.738
-10.744
-25.087
49.783
NaN
NaN
NaN
NaN
NaN
-5.3235
-19.465
-88.452
-66.349
-2.4376
-32.65
NaN
NaN
NaN
NaN
-35.581
-27.948
23.726
96.454
145.03
96.963
104.34
43.868
-5.6791
NaN
NaN
NaN
NaN
NaN
NaN
NaN
NaN
50.694
67.869
-18.561
29.248
-26.438
0.30436
NaN
NaN
NaN
NaN
NaN
NaN
NaN
NaN
-0.1576
-17.975
-42.923
16.155
94.418
NaN
NaN
NaN
NaN
-6.5696
-23.48
-81.127
-35.691
10.544
-12.372
-22.935
-46.7
-6.9187
-10.278
34.124
-31.605
10.277
-42.028
50.355
-16.188
44.304
32.318
NaN
NaN
NaN
NaN
47.306
22.297
12.458
-64.642
12.742
-53.866
-71.64
-8.5868
NaN
NaN
NaN
NaN
NaN
NaN
NaN
NaN
NaN
NaN
NaN
NaN
NaN
NaN
NaN
NaN
NaN
NaN
NaN
NaN
NaN
NaN
NaN
NaN
NaN
NaN
49.851
8.0397
-49.513
-25.583
-5.0314
-33.116
-62.965
4.1225
NaN
NaN
NaN
NaN
NaN
NaN
NaN
NaN
NaN
NaN
NaN
NaN
NaN
NaN
NaN
NaN
NaN
NaN
20.988
9.5511
-4.7824
15.969
-53.701
-14.494
-38.796
-17.071
24.914
14.446
36.532
-5.8815
-6.1564
-67.439
-40.885
-61.307
-24.708
20.666
-33.67
NaN
NaN
NaN
NaN
24.68
88.655
49.426
47.89
64.631
86.493
28.535
13.813
42.076
-0.55191
NaN
NaN
NaN
NaN
NaN
-33.739
-40.281
-82.772
-3.0444
11.559
15
24.507
-13.261
-43.614
-19.339
51.853
-13.108
-16.926
34.482
61.534
NaN
NaN
NaN
NaN
NaN
NaN
NaN
NaN
NaN
NaN
NaN
NaN
NaN
NaN
NaN
NaN
NaN
NaN
NaN
NaN
NaN
NaN
-22.373
-59.367
-115.69
-89.416
-29.051
38.55
-18.96
NaN
NaN
NaN
NaN
-4.0303
-40.265
-32.216
-1.7326
55.274
10.701
-55.458
-1.1552
-66.661
-74.075
11.451
44.079
11.757
27.585
63.07
61.257
NaN
NaN
NaN
NaN
NaN
NaN
NaN
NaN
NaN
NaN
NaN
NaN
NaN
NaN
NaN
NaN
NaN
NaN
NaN
NaN
NaN
NaN
NaN
-4.775
-68.912
-85.706
-65.771
-35.187
-21.495
-15.1
34.85
92.007
51.713
75.43
23.436
-5.1574
-4.5229
-92.191
-9.0035
-27.62
-27.375
-61.883
19.359
10.655
40.869
24.847
45.343
47.349
57.515
-11.627
-3.125
30.452
-35.223
30.578
