-28.982
-29.06
-51.135
-30.919
-16.445
-10.004
27.059
20.457
0.60654
-3.8419
-2.2379
4.6587
1.3881
23.009
30.117
42.898
42.261
50.694
24.638
3.8061
6.1252
-7.6236
-6.6286
-25.348
-24.449
-7.409
22.259
27.576
24.372
-28.725
NaN
NaN
NaN
NaN
-2.5033
-8.1614
-3.4386
-21.224
-3.1564
-14.609
-30.993
-19.465
21.285
25.039
24.317
18.811
16.56
-11.456
1.6851
-14.149
0.70979
-5.8486
-9.2015
-23.167
-9.2466
8.7408
18.913
56.677
24.542
28.794
-0.036496
-5.7482
-20.462
-9.6904
-3.8267
-0.81234
3.6991
9.2846
17.851
7.5272
28.527
4.7851
-3.0425
-23.683
-3.6975
-37.777
-43.211
-12.419
-28.162
-10.335
4.4829
-10.538
4.7339
14.319
-1.0833
-4.2738
-11.758
6.8211
14.277
37.927
25.473
9.3828
1.6295
-18.971
-16.332
15.23
13.248
-1.0401
7.8401
-0.31807
-32.479
-14.136
4.7987
15.541
13.198
16.418
7.7597
-5.8144
-14.939
8.4609
-17.197
0.63734
-14.271
NaN
NaN
NaN
NaN
NaN
NaN
-1.1727
-0.63063
-17.237
-13.058
-6.2324
17.402
0.29378
-16.554
-8.2716
2.0656
-14.623
15.369
-17.282
-5.0021
-39.797
-0.69666
-29.155
NaN
NaN
NaN
NaN
NaN
NaN
-23.779
-14.529
9.8587
8.7047
6.2055
1.9188
27.064
NaN
NaN
NaN
NaN
NaN
NaN
NaN
NaN
14.048
-8.087
-1.5483
-16.143
-5.6845
-5.9905
5.3926
37.118
61.063
NaN
NaN
NaN
NaN
NaN
NaN
17.526
-28.871
-9.1668
4.2981
28.313
44.921
46.729
21.488
17.128
-29.74
-25.035
-14.16
-26.907
-23.302
-2.95
27.879
3.6838
-9.659
21.776
24.549
NaN
NaN
NaN
NaN
NaN
NaN
0.78632
-3.0678
-8.0941
-6.4265
-4.8762
25.317
22.11
25.674
23.383
NaN
NaN
NaN
NaN
NaN
NaN
NaN
NaN
NaN
NaN
NaN
NaN
NaN
NaN
NaN
NaN
NaN
NaN
NaN
NaN
NaN
NaN
NaN
NaN
NaN
NaN
NaN
NaN
NaN
NaN
NaN
NaN
0.68472
4.5262
6.701
19.866
-4.7961
-7.6336
37.498
26.75
31.546
7.0274
-17.453
-31.074
-61.948
-43.796
36.998
-21.016
