-24.882
29.994
26.239
15.864
-30.992
17.518
-19.468
-65.9
-4.1872
-36.494
-37.051
-18.452
21.761
5.4926
36.149
-16.731
70.309
8.534
-7.887
7.848
16.169
35.335
-21.481
-20.534
10.692
32.697
14.826
-27.201
-54.531
-4.0663
-56.235
-7.879
-48.1
-36.342
12.918
31.273
-6.3489
-15.134
35.014
39.94
21.255
20.021
-16.973
34.729
16.497
-46.646
-24.964
1.4529
-14.889
-37.987
-14.924
9.6917
40.324
39.41
40.694
46.21
34.985
27.496
-13.395
-31.594
1.3666
-9.3557
-80.798
-18.028
-2.7513
-22.864
-21.969
3.1061
0.78119
-0.40168
28.929
-1.1886
13.273
3.8867
0.092392
43.504
9.5934
-3.0147
-1.1887
-45.65
-34.087
14.638
0.77276
-16.152
-4.6501
-22.614
-8.5726
-15.328
-19.292
1.302
-0.076257
6.0416
0.44826
48.482
54.426
44.714
84.951
10.699
-54.372
-28.087
2.3278
-6.9597
-14.491
-2.3667
-8.6064
-2.4481
16.54
7.8589
-24.034
-9.279
-15.556
25.561
19.67
-24.92
-19.542
-20.416
-41.65
9.5244
11.35
6.1245
-15.462
0.17579
10.163
0.98871
-8.7133
-22.167
-10.524
46.389
59.655
-33.935
-57.434
-32.636
20.04
-11.712
17.123
30.703
3.0694
-11.117
25.87
23.407
-1.7999
29.781
18.524
39.532
28.535
40.425
22.011
-26.031
-29.675
-51.332
-26.505
11.637
-26.889
-34.175
-15.149
-40.089
-28.497
7.2347
59.33
21.511
-36.862
2.8604
1.9454
-5.8605
-31.064
-2.0912
-12.972
-63.862
-7.5365
31.117
51.26
40.554
-5.7605
-45.916
29.822
30.624
10.363
54.265
40.845
-26.375
19.2
25.893
64.033
3.1607
-27.095
-25.762
-45.026
-38.334
-17.636
-45.158
-52.764
-0.76266
-6.0967
-7.1036
1.0002
28.119
49.278
45.756
25.593
-26.214
20.521
43.915
-13.087
-25.752
-16.308
11.018
-29.598
-55.951
-51.043
19.693
25.859
-34.088
10.624
-31.783
-12.934
-39.715
2.0416
11.38
20.371
29.145
0.0066121
23.559
31.49
127.42
61.307
36.559
-4.1917
-23.869
10.021
-35.438
-1.9263
-18.883
-54.957
-21.662
-17.66
-23.826
-10.571
16.313
-6.0594
-52.108
-11.132
8.6177
-11.043
-14.811
-4.291
6.7071
25.048
-23.313
-39.427
-27.127
25.29
0.79865
40.032
58.474
79.315
