-2.2502
31
-8.8433
54.096
-75.583
-73.424
-25.285
27.799
4.1206
-24.406
2.835
74.699
25.461
60.146
-25.336
14.602
-0.44916
-17.863
-64.635
-22.698
-14.244
24.023
-68.835
-38.094
14.847
49.965
43.233
58.646
10.505
-2.0578
-4.7376
3.1935
0.74546
-0.99882
-24.669
-27.651
-4.1179
-0.37377
23.6
-3.9642
-65.631
-23.679
20.35
-13.257
12.162
-31.567
16.399
72.11
141.09
-30.358
-48.701
-1.2074
-19.148
-45.89
-65.441
0.30706
-21.855
15.35
73.838
120.46
104.06
-4.4169
-93.871
-1.4637
-7.3705
-97.449
-35.825
-7.9954
21.957
-48.4
-53.382
21.71
40.685
1.1047
8.4916
3.8052
6.1011
-3.7255
3.1885
-41.161
21.8
-41.365
20.498
36.533
67.79
-29.856
-13.794
-12.629
-0.49268
14.5
36.735
-15.181
-3.1372
25.26
-5.8708
44.807
5.9488
-3.7925
-67.031
-12.632
-0.46569
-55.643
-53.725
-35.018
42.309
96.623
120.72
57.231
-11.803
-19.697
-52.233
-14.214
-15.093
-64.398
5.3588
-36.387
-24.628
7.7391
93.264
17.686
6.8928
-44.581
4.7424
3.6835
-11.953
-24.861
-40.116
0.24279
-46.039
-15.925
16.65
21.624
-20.211
-28.351
-29.763
-2.9479
-21.503
-15.155
45.655
56.082
72.818
9.016
2.6578
38.658
20.274
-14.221
58.146
89.417
63.983
27.749
-8.1179
-40.16
32.503
22.203
-23.852
-130.26
-14.461
-49.912
-61.932
-25.119
-25.23
-57.099
-36.326
67.901
10.54
-61.907
-95.711
-29.63
NaN
NaN
NaN
NaN
5.9987
3.0356
8.9789
9.6974
4.1491
40.774
31.214
0.24134
12.064
31.927
73.349
22.133
61.155
14.901
-0.37708
-15.745
75.982
101.18
-89.327
25.823
-64.853
44.358
23.92
7.5958
7.3326
18.658
-70.519
-49.127
-92.144
-88.651
-57.675
-80.2
-47.41
-62.929
-7.2307
-73.379
-12.468
78.075
11.259
24.843
49.995
44.954
23.484
44.746
39.434
29.148
28.624
51.129
13.129
16.671
13.941
1.5702
17.444
-1.5331
-41.574
28.173
-14.452
29.932
-22.658
6.2062
42.754
22.631
22.069
-21.164
-29.391
-18.445
10.738
-21.736
-34.101
-57.376
-27.317
9.2896
-55.226
-48.685
-47.442
-48.931
-101.47
-5.2699
-12.881
38.929
53.4
91.47
34.237
-0.52346
29.007
90.452
46.81
36.708
22.468
-8.0927
25.861
25.224
-26.123
-28.216
27.819
5.3113
-73.352
-74.925
4.1916
-42.888
-43.645
20.041
40.024
39.209
