-20.712
6.0875
-23.729
-31.729
-2.7871
43.658
41.965
47.508
-47.143
-54.692
-17.909
8.0709
-31.452
-5.1293
-19.176
-26.176
7.4156
-52.466
-14.227
9.5133
8.9576
34.931
17.894
2.3364
-0.19443
-21.87
9.8921
14.456
-19.582
7.6372
-31.119
2.0171
4.4534
23.703
-55.399
-15.893
-14.256
33.023
40.331
44.236
44.519
13.397
-35.73
27.672
47.458
33.697
18.27
-12.161
-66.052
-37.845
18.895
17.268
-17.699
-19.217
-24.059
6.7257
29.917
17.417
-3.4393
-26.777
17.903
-22.078
-7.5499
-14.214
-25.129
-64.535
-18.948
1.6609
-11.432
34.085
1.4489
16.922
-45.988
-0.50593
19.61
-39.333
-1.4473
33.678
47.147
10.153
4.6068
-2.678
2.0997
44.134
9.8989
38.931
20.989
-1.2242
37.751
17.429
-10.189
-11.547
-4.8451
-19.978
2.2045
-7.1205
3.0403
-52.519
-52.481
5.1694
41.839
8.5092
27.976
-44.012
-0.1002
-8.9439
-27.529
-5.4808
-65.569
-25.899
7.5872
31.501
5.5389
14.186
-10.047
-32.184
-13.163
-5.9698
13.056
0.40565
33.65
0.41191
4.9823
-33.241
42.347
28.141
16.552
5.0575
1.6149
41.723
43.645
37.705
22.094
27.758
-7.6739
0.11052
-4.3054
-17.362
-8.3903
-56.283
-22.344
-13.368
-5.3496
-26.728
5.5037
-17.312
-10.835
-49.155
-53.511
-41.057
32.873
-1.2825
5.3947
35.62
16.697
20.159
-0.11399
-22.193
13.261
7.8979
-4.109
12.523
28.71
28.941
-2.7481
21.05
3.3412
5.5908
-9.4307
-29.8
-7.9355
9.0932
20.246
21.389
10.437
-1.7528
-13.262
-24.588
13.579
-31.646
NaN
NaN
NaN
NaN
NaN
-47.233
-13.627
2.2743
23.467
19.964
6.2157
-6.4782
25.237
4.7426
-21.38
-21.893
-14.468
18.054
23.06
-2.2141
-21.647
-12.447
-18.826
-73.243
-41.051
-8.8696
-14.101
4.2035
18.835
49.616
48.261
2.008
8.5118
30.47
1.3639
14.129
-7.1328
21.093
18.591
-6.2745
-12.099
2.511
-0.44344
-34.492
6.6167
-25.574
8.6063
9.6285
4.4741
-0.63097
2.0811
19.948
40.311
35.148
-45.999
-62.119
13.516
5.8742
4.0909
25.102
58.762
19.835
-47.273
-21.762
-45.854
-26.996
-25.634
-49.231
-85.631
-22.532
2.9682
-31.886
52.458
54.599
45.126
34.463
8.0887
28.951
13.034
-14.026
0.58365
19.682
-5.0212
3.4673
26.39
7.1624
14.535
33.826
