-3.7088
-12.871
8.1249
11.883
8.1087
23.503
-5.012
39.22
6.6694
10.818
22.215
16.133
2.7536
5.8371
-0.86071
-17.687
3.9403
-1.9608
-15.845
-2.2857
-2.7256
5.5505
1.7134
-3.5001
18.259
-23.663
-4.74
0.92138
-5.3954
-5.0926
-22.139
-5.1184
9.0661
-21.497
5.248
-3.8852
14.635
-0.35354
-20.159
15.052
3.424
2.6957
-30.352
-13.271
0.035787
-13.629
0.19635
-5.243
16.598
43.629
42.403
46.206
21.13
-3.9447
-11.273
-15.905
3.4724
-23.503
-25.709
-9.3054
9.8513
20.913
-1.0181
-26.174
-12.686
-12.161
0.024646
14.261
16.145
-22.039
-22.173
6.6628
6.9535
-5.4516
-4.8784
-16.377
10.941
-8.7206
-12.792
19.93
19.291
29.303
14.232
0.92484
-36.323
6.6343
24.418
13.181
11.711
4.279
-30.237
-33.791
3.8142
-9.472
1.5924
10.625
-12.992
-12.355
-10.279
-3.6673
-14.266
5.8649
28.233
6.8528
8.6652
-4.1746
0.93419
22.301
26.836
9.6567
13.648
-13.316
7.0209
25.857
1.5307
-47.384
10.751
-23.836
-5.8711
-37.402
-6.7062
-1.4781
8.443
-16.226
-22.51
-16.649
-7.8836
3.6272
-20.662
35.301
28.622
12.851
42.269
29.99
10.872
-20.001
-2.5807
-19.091
3.0921
13.998
5.0712
-18.946
-5.2394
14.792
-2.7804
-13.996
-35.322
-9.0472
14.441
-11.483
8.1666
0.40206
3.2237
7.7785
-4.3925
17.849
-0.66239
6.9708
0.91887
-37.3
17.03
9.883
23.372
18.275
-20.143
18.659
-10.235
-20.115
-4.4488
-5.3833
-1.2686
-8.6702
-4.2176
0.091503
-4.124
-3.853
8.5395
-21.042
-14.969
-15.988
16.843
19.359
-1.4912
6.8831
9.5796
3.405
1.1934
9.2593
-10.822
3.7967
20.405
13.926
15.656
-0.39776
-23.728
4.9746
14.873
6.1692
-16.268
2.3731
3.42
6.7966
-14.772
-34.248
-28.844
7.097
13.081
4.6484
3.1186
6.5294
4.2208
19.492
11.487
-6.7251
-16.018
-13.6
-32.791
-27.104
3.8295
-7.3701
-17.62
10.535
12.391
4.528
3.1302
-5.9354
49.821
12.276
-10.192
6.5154
-13.038
11.196
29.314
14.864
24.369
12.988
43.373
2.2107
-22.224
-30.22
-22.468
-15.43
-8.5424
-8.7271
7.1671
-4.081
-12.901
-6.7666
-13.232
-38.426
-8.808
-22.329
5.5304
5.9928
-3.4251
