-15.745
-17.044
-29.956
54.901
28.351
50.561
53.408
1.7601
-13.823
-34.317
-14.32
42.445
-11.429
19.299
-22.582
2.9986
17.527
29.508
10.37
31.121
-62.62
49.203
-10.978
8.2928
-45.4
11.376
74.823
90.433
-6.7292
-94.267
-96.064
-55.385
-81.293
-50.341
-40.787
-9.3033
25.34
26.035
33.449
25.665
4.0257
-2.3959
-0.0060065
52.65
45.032
-79.4
-79.768
-53.185
39.562
77.293
60.712
78.335
-18.538
53.953
-35.161
-17.913
-87.081
17.519
62.968
123.99
96.404
-47.362
-36.258
9.1393
9.6999
-68.612
-25.385
3.5873
38.149
-75.396
-87.64
-36.01
8.6704
18.98
10.756
-26.892
-16.853
16.341
-53.645
-52.285
62.36
8.5614
72
37.318
54.221
35.787
25.433
0.87648
-76.835
-57.115
21.272
-74.317
-46.396
-3.072
-20.47
-49.58
-49.646
3.2997
-30.4
1.4995
70.933
61.777
81.486
17.682
28.925
19.449
47.827
54.429
38.219
7.6736
19.849
-43.822
1.8852
28.647
62.212
5.9951
48.266
-46.463
-8.3497
-69.029
-23.308
-71.225
-67.677
-37.879
-50.477
-32.782
-73.442
7.0943
-53.796
-0.95782
7.8829
18.496
42.821
3.3744
-40.567
8.0038
15.754
-25.917
-18.565
-0.71514
31.061
83.289
62.202
5.9225
20.198
-5.3264
32.089
22.676
-1.1077
20.855
59.268
69.546
38.497
56.998
108.64
33.96
-41.401
-31.384
-71.322
-71.25
-30.389
-85.755
-91
41.565
41.743
-46.973
-130.16
-113.45
NaN
NaN
NaN
NaN
-14.087
-16.023
53.856
49.476
13.211
-21.392
19.492
3.0723
48.924
21.818
35.516
6.0885
22.229
16.077
48.031
73.356
32.522
28.443
-44.149
10.55
-79.763
-13.992
10.41
17.544
31.582
76.462
-59.019
57.605
33.094
-9.3791
-123.16
-88.255
-15.319
16.04
-17.408
-92.495
-82.557
5.6674
5.8279
64.476
60.614
67.678
17.03
0.14149
-30.068
-26.59
5.5054
66.272
8.3484
10.804
-21.823
-12.606
-10.695
-48.626
-85.564
-28.89
-8.3941
27.292
8.1681
-7.7491
30.311
-36.774
48.529
31.844
12.183
-19.271
-37.821
-23.791
66.685
83.485
121.3
110.81
69.711
20.335
-48.597
-25.881
-77.658
-60.599
-56.308
-66.909
-101.8
8.8645
31.724
9.5381
-3.2871
9.2809
-22.617
-10.299
-11.311
-15.661
-17.889
55.333
25.268
17.715
-9.2758
17.444
-13.145
-45.632
-24.344
17.547
3.6041
-7.8473
26.488
-21.755
