-4.258
-11.017
44.293
53.546
46.149
-0.10922
52.225
66.866
7.723
-26.868
8.7764
-4.8281
-56.373
-79.029
-12.012
23.138
34.151
61.588
52.551
32.633
18.238
71.127
98.239
50.689
-5.1422
-24.063
-3.4325
-28.515
8.6894
-92.994
-23.099
12.241
-0.74568
12.495
-52.806
-73.444
-46.708
-35.565
-0.93796
-13.017
15.81
20.25
-41.712
-10.799
20.297
12.002
-10.768
-7.1354
-5.5699
7.2081
30.44
23.206
-44.364
-79.053
4.3789
38.649
12.977
22.486
39.079
42.184
-4.4602
17.509
10.542
-31.445
-15.722
74.582
66.022
47.766
20.982
-30.64
38.829
17.267
-39.37
-68.387
-15.023
10.191
-35.504
16.264
25.635
-1.5906
21.238
-37.747
-28.346
-11.6
-35.468
-52.243
-60.628
-29.321
-4.0863
31.454
14.937
-18.682
-17.529
-17.984
-40.334
-78.807
13.604
44.161
49.677
38.379
48.981
46.936
53.089
44.874
59.791
44.112
-19.552
-31.278
-18.058
-14.328
18.664
26.935
-15.368
-17.444
-8.4221
-39.006
-44.998
-7.7895
13.851
7.7882
39.752
11.094
-37.573
-1.6358
-6.7666
-23.457
-50.077
-20.811
-40.577
-0.5099
39.719
40.718
6.6983
-41.47
-1.4709
18.944
-17.661
30.434
20.625
17.644
-4.0288
5.5209
-5.9477
-16.214
-31.618
-38.343
-19.369
-4.6803
19.635
36.063
47.798
6.3482
17.019
16.47
46.423
27.509
-36.234
-65.37
23.705
6.745
-31.354
-57.199
-8.4919
12.264
19.906
-0.93067
30.294
35.076
15.538
0.57241
10.943
-3.9545
-18.586
18.916
5.9597
-2.4512
28.375
20.772
-2.6914
-5.8227
NaN
NaN
NaN
NaN
NaN
-29.9
-15.435
-56.153
-27.785
-0.19807
8.391
8.7925
-75.086
-51.939
-24.092
4.8637
22.082
61.406
58.726
51.175
47.664
44.338
39.003
25.091
-0.9091
48.23
105.67
88.353
-8.2013
-56.694
-52.36
-21.656
-9.2828
-54.718
-19.151
-12.587
-18.775
22.658
35.835
-10.236
-24.904
18.674
-42.276
-66.87
-61.786
-7.1752
-12.635
-33.112
-25.489
-18.472
-23.711
-30.492
-29.772
-47.878
-5.3248
7.9293
0.15027
6.9094
-10.915
21.62
76.452
65.17
100.13
103.01
84.377
59.69
28.623
-4.5843
30.582
39.977
14.108
33.609
-18.406
-35.485
-25.534
-48.619
-23.681
2.5409
-52.603
-84.028
-66.742
-48.042
-25.368
-46.444
-75.135
-21.774
-25.07
-21.744
