4.4861
1.4967
-30.557
-2.9157
4.1658
20.399
5.6067
22.671
-30.555
17.38
14.387
0.10336
11.545
11.324
3.5219
5.3152
-13.791
-15.736
-10.203
43.285
15.071
8.1023
-14.221
-5.1253
-8.8041
-4.4589
0.63595
-4.951
1.0038
-47.272
-37.099
-14.244
-21.765
7.7185
39.757
10.76
12.951
2.158
-3.786
-3.8919
-0.1737
34.192
6.86
21.434
11.19
4.8683
-4.91
-26.542
-4.2909
-22.151
12.061
-1.4003
30.304
11.48
-25.718
-23.116
-8.6193
9.849
43.305
42.962
17.391
34.983
-28.909
-37.088
-41.198
-10.219
-38.693
13.061
-17.454
-30.156
-65.185
0.24308
-18.158
4.8994
30.19
28.823
26.85
3.5305
-10.52
16.038
12.97
52.65
37.946
-3.507
3.239
13.503
17.737
23.46
-12.441
13.502
14.643
-82.314
0.87743
-5.6316
-41.801
-7.1193
-18.277
-17.056
-17.413
-30.153
-14.867
16.017
24.052
29.037
20.705
9.3778
13.662
5.0446
-7.3906
-12.624
-6.2633
-2.5151
-0.41116
14.359
-7.8803
14.361
-0.02016
-4.2199
12.374
5.7905
4.9012
-12.861
0.15734
-10.458
1.4803
3.3937
14.075
28.661
-13.632
-4.8841
2.8003
-12.585
-17.548
8.9396
-21.021
-20.653
-53.512
-17.036
-11.824
8.6547
27.577
29.177
40.217
21.457
21.62
38.827
-11.729
-45.473
5.5251
-15.237
-6.6229
-4.0618
20.52
26.076
12.996
-9.5352
11.105
-14.846
-13.252
12.72
22.816
-17.514
-31.22
-0.92931
1.1066
-65.933
-23.6
-61.87
NaN
NaN
NaN
NaN
13.966
18.356
26.865
33
31.585
17.545
-20.2
-3.9389
6.3143
14.411
-1.7161
1.4911
14.332
0.12164
10.126
13.948
-19.424
-42.931
-7.2443
-12.894
8.1966
-13.774
-9.6241
-31.627
26.946
16.375
40.171
11.538
-27.147
-11.012
26.037
27.352
1.2558
-24.917
-26.521
-67.975
-39.074
-14.737
-5.1431
19.299
-2.011
20.963
40.205
16.343
0.47667
-15.156
20.112
30.039
4.2472
48.913
5.0595
-6.5115
1.4535
-1.3441
-12.165
1.5417
13.703
-13.548
-19.966
-12.47
-17.678
-8.5198
12.9
6.4359
4.2162
-36.95
-0.69611
-19.668
-34.032
0.5183
25.878
19.949
-14.078
14.376
20.66
-0.3257
11.287
-7.0808
13.523
9.5911
-27.794
-10.022
5.6677
19.25
16.174
28.927
-17.311
-26.565
-35.693
-31.449
-2.8463
2.9721
39.7
25.264
5.3018
30.914
3.4037
-10.396
2.9618
-6.8485
5.9014
16.53
-40.74
-42.729
