-2.4339
34.45
-46.08
-6.201
-31.105
30.166
-12.977
32.775
-72.669
-36.99
-9.4922
36.659
-10.917
8.2753
-34.112
13.796
10.795
-60.455
-24.715
-6.4787
15.837
-11.651
24.169
7.7687
-1.9415
-24.605
-32.353
-23.301
-27.533
-83.811
39.441
26.745
31.373
8.3347
16.8
-36.317
34.862
23.48
75.827
46.316
36.047
14.403
-16.814
22.118
26.628
38.09
28.414
24.513
-82.908
-29.68
-16.027
-26.856
-2.4997
-32.982
-15.418
-16.817
22.29
19.66
-24.829
26.502
6.2018
-26.967
-28.824
-13.503
34.678
19.145
-64.205
28.013
-44.435
-97.972
-19.95
-29.323
-39.724
40.398
9.1328
11.395
-17.709
46.699
21.837
24.898
54.604
-15.285
51.726
41.509
81.538
-26.339
-6.1213
35.014
23.919
36.79
0.76794
-31.046
-32.686
-4.9874
-9.9852
-4.2772
28.178
-27.681
1.842
48.636
64.162
-42.157
-60.004
-89.221
-15.946
-6.1928
-49.194
-53.618
-88.721
-55.299
39.156
-4.024
32.359
31.761
-19.201
-53.693
27.693
41.959
61.41
14.508
43.857
-28.937
3.126
-3.4466
31.801
21.244
18.177
54.283
16.087
37.991
17.524
45.706
39.565
7.6964
2.3202
-19.603
-39.513
-20.086
-26.159
-49.446
-23.568
-50.928
-26.38
1.4999
-4.5785
-3.0551
-0.072033
-17.599
7.6332
-10.194
13.79
-97.681
-45.786
2.7275
37.813
10.405
-1.5389
1.6279
25.082
7.707
34.214
-9.7444
21.418
65.045
42.283
16.177
34.099
28.665
-9.1707
-62.885
-68.652
15.119
-13.434
35.867
10.427
-10.218
3.0223
-10.698
-19.647
5.8462
NaN
NaN
NaN
NaN
NaN
-74.933
-65.268
26.07
22.319
-0.087703
35.188
46.737
27.827
-6.3301
28.466
-8.0402
-33.621
-6.5574
-36.299
-24.811
-5.766
2.8579
-48.265
-9.1143
-36.163
-7.962
-19.034
-17.588
-7.5295
67.919
0.15978
12.178
-10.578
25.81
46.218
29.261
8.7821
29.552
45.129
-18.544
-56.593
-6.4794
9.3442
1.2892
-18.232
-9.3977
-3.4654
3.786
11.554
36.413
-34.592
15.676
-2.487
25.343
31.053
0.2056
27.375
44.78
75.196
4.9825
-36.233
-70.062
-60.033
-62.536
-40.255
-70.992
-22.193
6.5583
-69.836
-48.235
-67.323
-1.4229
41.56
46.807
43.394
63.957
13.748
61.868
10.351
18.934
9.1583
29.735
40.414
17.416
-5.4623
34.21
-14.384
22.02
