-6.4634
-26.432
3.3906
77.742
70.423
0.58741
7.4741
63.155
29.095
-17.039
-6.4993
13.885
-89.448
-146.09
-8.4213
-6.4867
63.016
60.15
12.248
7.193
10.016
49.197
-25.484
-57.132
38.391
-10.489
13.521
-15.732
-62.411
-59.518
-42.285
18.81
26.203
19.489
-32.653
-42.278
31.18
28.217
22.062
-5.4311
32.863
63.075
12.178
73.856
54.361
29.15
7.297
-19.023
-64.372
-66.066
49.231
25.597
-76.715
-93.398
-34.653
-40.682
-84.415
-101.32
59.499
146.25
76.301
-8.0179
39.236
10.932
-6.0465
9.7822
-8.3235
37.341
-9.3165
10.135
19.591
-2.2509
2.8986
-85.925
-39.232
-4.9022
56.935
63.334
2.1755
-31.092
-63.066
-20.807
-21.374
5.6482
38.763
31.335
-62.683
20.301
-3.9681
41.583
-1.4414
-12.317
7.0418
19.405
-57.04
-41.677
10.832
17.459
13.089
8.0581
14.22
57.733
68.89
72.813
-61.236
-60.938
11.538
0.56243
-25.036
-91.313
-0.27002
87.323
31.95
-25.685
-16.757
-106.78
-70.083
-11.659
48.807
46.324
2.5565
53.13
47.991
-1.2199
-38.845
-36.654
9.9422
10.434
-24.267
-22.469
37.039
48.083
-21.663
32.348
7.3029
-8.7954
-42.618
7.1846
16.045
12.264
1.0581
-16.893
20.691
8.4785
2.51
-19.468
-30.227
18.865
28.688
-42.356
-66.425
-17.317
73.331
51.045
-7.1899
23.735
10.974
10.581
-13.301
-39.76
-45.318
-50.946
-10.045
-17.357
-23.95
42.706
-3.6251
60.926
-6.5487
1.2503
4.365
-0.68374
1.3485
38.993
9.3583
-26.364
62.759
14.113
-19.234
-11.325
NaN
NaN
NaN
NaN
NaN
-27.427
28.337
-7.5244
-1.9829
-28.833
-30.576
-37.75
-54.487
22.379
-68.287
-71.853
72.421
98.215
38.26
10.155
25.711
42.905
14.613
17.162
25.125
-8.1452
-9.4709
-16.816
-60.209
-57.461
-8.2037
-59.487
33.277
28.339
42.131
18.039
32.773
-56.614
-35.733
-70.005
3.725
-0.74831
31.964
5.9004
-1.0921
58.004
28.461
16.199
-1.649
9.3503
-2.8404
44.151
-23.324
-21.134
44.09
35.844
-41.731
-44.598
-76.074
-4.2543
28.065
-7.3023
6.971
-15.732
-7.4064
-34.645
-48.106
-4.6455
35.816
35.622
72.74
61.895
36.792
-6.1684
-17.249
-19.775
-20.508
-37.665
20.914
-17.502
-20.25
-47.233
-32.532
-12.259
33.442
-0.7397
-9.1853
-1.0325
