4.5102
2.4175
16.934
58.135
77.871
36.442
53.048
48.984
63.917
18.769
-1.5928
-48.617
-26.77
-16.716
-46.471
-21.117
17.918
18.424
-35.827
-25.896
-10.9
-0.95232
39.774
33.644
-3.513
-45.063
-5.1993
6.6295
-6.5113
5.5848
-12.363
-20.526
-42.679
-9.9549
0.83797
-17.139
-21.496
-11.143
2.0601
12.357
18.593
42.749
32.233
11.64
1.8255
2.8491
22.414
4.0647
-10.21
5.6585
-22.247
-12.099
-9.9987
-13.357
13.563
56.276
57.758
-17.481
-10.427
1.6976
-16.62
10.233
31.941
23.655
-38.826
-56.611
-46.753
-22.88
-13.727
-24.147
-25.078
-0.31196
11.935
44.621
16.963
24.314
19.94
23.677
-1.5329
-31.665
-1.5213
-0.75641
-27.068
-9.6152
-6.7399
30.466
3.822
4.7576
28.928
45.166
2.6929
22.799
-0.73065
-38.076
-53.087
-36.308
-23.909
-32.607
9.6752
-0.052577
7.9157
22.382
38.095
9.3842
-1.3353
-13.453
-25.816
20.261
37.388
41.044
19.275
-9.6778
5.1954
3.4567
-50.331
-25.84
9.1378
4.5298
1.2122
32.957
10.786
-31.851
2.8251
-5.1217
7.008
-0.27638
-18.731
-10.542
16.726
8.6359
-38.565
-23.204
-26.03
-17.058
-8.4512
-18.397
-22.964
-4.4164
56.565
45.837
-1.2992
14.341
10.852
37.391
13.839
-9.8426
1.5413
-5.2647
-7.87
37.322
5.1747
-15.039
2.3174
6.6509
-19.18
-71.724
-11.76
30.684
27.895
21.149
22.961
26.172
-14.548
-16.388
-37.057
-16.343
27.194
13.913
-10.094
-14.574
-9.654
-42.009
-35.045
-0.98886
0.2587
-1.4462
-18.94
-6.2629
1.5789
15.372
30.522
39.596
0.57154
-15.264
-23.37
15.625
52.667
78.327
39.636
23.013
-52.795
-64.919
-35.886
-40.501
-61.83
-30.642
-0.44817
37.103
8.64
29.989
78.18
84.632
53.301
21.513
-30.312
-62.239
-34.622
-37.607
-18.698
-9.9437
0.82649
-10.168
-13.802
7.5095
27.895
-13.575
-11.187
15.416
-20.751
-20.931
4.5803
-1.2134
-19.865
12.859
26.001
4.594
-26.187
-15.112
-39.581
11.662
40.463
35.496
15.02
5.8929
31.014
30.595
-10.766
-45.024
-4.9276
-0.61999
-0.2845
1.7937
20.111
-27.725
-37.168
-14.17
-2.4645
3.8429
12.327
45.403
57.35
53.337
65.69
12.314
-38.583
-36.486
-22.263
3.774
-4.3152
-64.061
-43.115
-17.658
-34.554
-44.187
-30.556
-35.485
-28.331
-12.072
15.688
1.3822
