54.174
-13.246
-16.774
9.1094
-31.656
-38.431
-35.141
-26.953
-7.0282
-2.9267
3.1598
31.18
43.451
35.068
22.976
9.1253
16.162
-30.681
-31.402
15.819
38.977
27.422
0.37139
-34.425
6.588
17.225
-16.609
-40.333
-21.342
-17.818
4.5786
13.79
25.101
43.661
31.376
-21.411
-22.083
-53.537
-49.314
-33.572
0.76471
23.171
10.574
-13.377
-5.3895
0.74252
18.481
48.745
60.536
-2.1634
-14.543
-30.6
-1.847
-17.053
-7.2772
22.969
23.815
-27.961
-21.862
27.014
35.304
24.01
15.782
-9.723
13.484
10.935
11.333
-58.113
-54.085
1.3754
10.084
27.016
-6.4642
-25.061
-7.7857
-1.0187
-15.838
-15.186
6.5715
23.433
-9.9851
-21.674
-21.497
-20.937
24.883
13.905
0.3666
4.5115
-5.031
-12.665
8.2296
-12.966
29.012
40.715
64.449
57.172
25.12
-38.749
-81.916
-16.446
-2.0947
-30.29
-10.045
-9.9255
25.218
48.085
67.777
53.05
-27.796
-42.141
-4.1194
-16.666
-62.563
-84.666
-36.447
4.7009
-14.775
10.763
28.001
16.514
24.537
31.677
50.008
5.4039
-12.938
12.748
22.315
-1.5036
-23.873
-21.374
21.78
21.537
-12.261
-7.6404
-6.7014
-24.183
-29.558
-41.182
-48.975
-19.131
-5.9149
12.785
31.307
24.238
21.748
43.749
48.334
39.128
-9.4598
-16.849
14.383
26.861
24.93
22.508
17.965
-17.229
-48.377
-62.548
-10.836
-24.424
-46.607
0.96896
31.074
-41.988
-51.743
18.139
47.794
42.071
NaN
NaN
NaN
NaN
-10.461
-13.921
-6.7392
-6.6965
-11.186
6.8756
8.0772
30.891
28.984
10.515
10.932
5.8764
13.256
-17.157
-29.913
8.8469
8.7614
39.678
10.079
18.369
24.24
24.736
4.7626
-18.126
-9.6564
-14.979
-17.705
-11.675
-31.683
-18.359
3.642
0.74403
-35.433
-22.296
-23.656
-50.559
0.57448
12.634
-17.364
-23.633
-1.2874
32.744
41.727
25.028
22.093
25.488
59.6
41.527
-2.5975
12.673
-8.4537
-15.98
-31.893
5.7031
-14.218
0.6884
-4.3792
-12.66
-15.121
-28.773
-33.18
-5.7408
7.1067
28.433
31.566
15.124
23.654
16.163
-2.0028
-16.318
-19.026
-4.0922
-12.021
-64.34
-14.085
-1.158
24.385
23.912
18.179
1.4957
-41.393
-36.48
3.4211
25.397
44.94
29.986
2.3111
-3.1249
10.813
8.264
-31.93
-18.678
3.8332
-4.3644
5.3751
20.304
2.7471
4.882
7.7259
15.509
-9.7807
-9.8877
-20.996
-6.7283
