-9.4482
19.658
9.9342
6.0601
-3.4475
5.7134
3.2133
29.081
1.9478
29.618
56.582
53.425
29.987
-4.0332
-67.165
2.2923
2.4972
-20.199
-30.04
-28.018
-18.201
-31.07
7.3092
15.736
-20.749
-18.574
5.7001
0.87494
22.081
34.786
14.755
11.583
0.56582
-46.25
-26.446
13.322
28.124
-5.8433
8.3996
12.265
14.012
-1.407
-47.302
-38.097
-30.894
-21.654
-11.744
21.997
44.974
70.567
59.417
84.395
59.939
-5.9189
-54.903
-51.311
-70.815
-68.962
-61.205
-18.449
23.189
37.203
7.3274
26.848
-37.758
-12.961
39.967
51.734
29.667
-4.7379
-20.304
7.4182
-37.031
-16.342
-3.1267
-20.651
-15.67
4.1677
-10.469
17.609
56.211
21.162
-16.411
1.9219
-6.0687
24.335
56.792
9.42
9.4093
-32.893
-30.089
-3.1014
4.74
-30.901
-40.984
-11.98
-33.121
-10.597
7.6555
18.532
-11.076
-16.734
-2.417
-15.087
-45.589
2.4104
47.339
78.361
47.93
31.418
21.906
26.268
20.671
60.121
-13.952
-35.409
-8.874
-7.5472
-15.725
-76.729
-32.264
-15.364
-47.19
-68.119
-36.601
-13.697
-23.41
8.4919
1.2594
42.332
79.479
70.79
94.827
67.031
-25.973
-49.159
-19.384
7.6237
31.49
-19.493
-39.538
-25.696
9.6279
-11.929
-57.014
-47.343
-26.973
15.583
24.296
38.459
20.949
17.748
-4.0038
5.3289
38.939
17.419
-8.4441
-26.408
-19.282
-14.564
-10.657
20.643
-12.682
0.70126
6.0759
1.0807
5.0487
8.0537
39.267
-10.988
-22.717
-7.4321
-29.133
-5.7195
5.5743
3.778
8.9527
-3.4553
-8.1065
3.5383
-7.1896
-41.431
-24.968
33.227
22.828
4.7845
13.825
18.952
1.6208
-18.93
37.681
45.576
-9.4903
-36.24
-19.229
2.7432
31.105
32.445
1.1086
14.452
-14.604
-53.111
-40.276
-28.145
-13.285
-9.0448
7.5454
24.876
12.032
1.6203
9.4366
42.501
16.883
-22.775
-23.937
9.9934
-2.8823
2.9186
4.417
-29.217
-16.121
-26.065
-3.7811
-10.902
7.6587
47.942
42.33
-30.224
-58.784
-6.7508
9.4218
42.051
35.41
42.523
40.37
39.178
26.9
-32.504
-65.623
-31.576
-34.212
-15.779
8.5873
37.003
25.388
-33.937
-30.485
15.888
-15.895
-34.212
-47.554
5.2598
31.344
-3.0053
-25.368
