-9.6257
-19.589
19.215
68.465
30.742
50.755
75.69
76.79
90.819
31.105
-8.4539
-36.519
-18.307
-35.641
-34.457
-43.986
-22.741
-41.221
-87.954
-35.619
3.7202
15.366
76.251
27.573
-36.31
-29.976
22.081
15.313
-8.7297
-29.582
42.234
-32.386
-29.034
-6.4953
-36.948
-10.847
-24.193
-17.796
-4.2918
-2.5396
46.575
47.988
36.409
18.799
12.541
7.6503
10.744
16.776
10.328
33.6
-1.183
-26.019
-5.0782
-9.403
19.915
34.976
43.366
-32.293
13.298
-4.5856
-63.498
-25.388
6.6515
14.656
-2.1041
-46.015
-42.466
-6.3206
4.5806
-20.045
0.11909
-24.175
-25.949
29.056
17.593
11.581
18.815
20.848
5.4941
-24.728
-6.903
-8.6836
-0.17275
39.46
25.115
23.235
-3.4089
-3.7474
10.908
-3.0667
-43.827
-7.8384
-15.323
-26.033
-5.4627
2.2198
-0.80654
-8.8633
41.167
13.084
13.195
47.056
52.397
0.73276
6.2375
-6.2575
-40.419
-5.6426
7.876
1.339
-17.018
-10.736
-2.9242
33.868
-43.233
-39.511
19.994
17.315
17.957
-17.338
-34.187
-34.578
-5.557
-0.10178
-12.258
-3.3959
-16.935
-40.005
24.937
38.437
12.504
15.057
-68.255
-55.042
-14.902
-27.204
10.208
45.09
117.15
102.19
34.348
54.86
37.283
39.541
-29.678
-11.066
-21.137
-21.371
-18.918
23.286
-46.984
-44.755
-32.788
-51.048
-38.764
-55.678
-29.341
-7.1212
1.6147
15.073
-4.6895
27.736
26.524
49.74
22.004
15.752
27.269
31.753
-1.7562
-9.9335
-23.876
-35.947
-28.392
-18.123
-22.781
-15.091
-0.060798
38.904
31.578
-3.2988
5.4854
22.211
-4.2696
-3.8336
-36.966
-6.0846
28.82
29.993
55.922
30.093
-2.0845
-21.6
-0.42211
-8.0747
-26.013
-39.587
-11.702
21.481
5.0139
4.3127
24.736
-4.2097
-54.579
-22.164
-16.826
0.32153
12.775
26.361
59.676
27.019
-0.67274
-52.077
-37.657
-16.629
10.024
3.3965
-2.5684
-3.1051
-22.557
-30.125
19.406
-13.313
-47.614
28.93
31.844
18.737
-18.46
-16.866
-9.4184
3.4469
18.627
26.98
26.712
52.197
81.171
58.567
-18.214
-45.032
-19.921
-2.4506
2.2867
-14.419
-22.366
-59.748
-34.138
-22.616
-21
1.9315
42.483
29.312
37.624
35.244
18.399
10.661
-16.197
-16.779
-48.663
-10.09
-37.589
-8.9426
-10.485
-13.907
-31.205
-25.389
-17.491
-28.572
-3.5818
20.647
1.6613
4.0228
