NaN
NaN
NaN
NaN
NaN
NaN
-62.069
9.9666
38.895
40.315
55.199
-17.926
45.953
11.062
5.9117
15.795
38.38
9.22
32.218
37.623
35.639
30.24
-23.927
-10.226
-50.66
-42.084
-31.23
-22.444
-26.608
NaN
NaN
NaN
NaN
NaN
51.559
3.1644
10.684
-59.096
-56.684
-19.234
-2.6386
14.641
-20.32
-23.162
12.885
NaN
NaN
NaN
NaN
NaN
-26.799
-40.453
-7.1912
15.42
-3.8477
-4.8099
-0.80858
23.668
15.196
28.227
40.905
17.987
14.903
-3.7269
-8.1063
16.341
42.225
19.872
10.455
24.819
51.255
15.888
36.412
10.002
-25.491
2.7609
-1.0231
-39.893
-4.192
14.81
5.6398
-8.897
-16.859
-35.943
-38.04
-31.22
-30.818
11.191
8.8141
6.6338
-104.97
9.9912
-11.804
-53.769
-37.135
-42.959
-33.042
23.21
23.906
25.54
57.015
52.874
50.605
27.417
31.214
6.6445
14.188
-14.2
-22.463
3.5331
33.33
-3.9701
11.85
9.7891
-45.078
2.6719
30.279
9.0395
-16.189
40.767
-72.633
-54.17
6.8978
14.586
25.645
2.38
23.514
17.551
19.747
-41.675
37.159
6.8112
-36.034
-7.6933
58.446
31.631
-6.3168
-14.705
-38.003
-19.89
-10.727
6.4976
-15.845
-16.587
-3.5623
-0.25941
-47.443
-67.542
1.0681
-21.347
-4.2354
-22.251
-14.118
-2.7615
1.5784
-0.65475
11.477
15.657
14.025
-8.4324
7.6492
52.968
53.453
20.67
15.584
41.931
10.251
30.206
32.312
-2.0886
65.602
12.94
19.354
-2.8693
-13.604
-13.878
-32.176
-28.256
-18.479
7.4496
-15.616
-63.793
56.834
-36.261
77.499
-63.023
-56.618
-56.171
-41.894
37.561
-26.78
-16.007
-71.466
-56.032
-37.633
79.671
-0.46639
-12.927
17.82
6.6076
-28.023
56.355
71.247
-24.414
-26.271
-0.85248
50.302
78.485
7.8625
28.294
60.307
64.445
-11.466
-38.905
-20.412
-25.946
-7.281
20.051
-50.411
51.084
54.359
-24.774
-53.837
6.9305
-32.797
8.7763
-31.505
42.612
19.879
-18.994
10.341
42.552
-109.1
22.499
-32.835
-14.295
-7.8839
-18.872
-5.0763
-30.716
46.604
-65.867
-52.188
5.0409
-3.8814
42.938
16.178
12.245
8.7163
-20.878
14.526
27.417
38.23
40.65
55.306
17.186
-19.807
-38.083
-86.61
-48.192
-30.946
16.663
-1.2606
-32.808
26.856
41.214
49.343
-6.0069
11.388
77.036
29.479
52.847
88.971
23.94
42.369
4.6025
-43.44
NaN
NaN
NaN
NaN
-101.32
-96.566
-58.477
24.548
26.738
46.939
30.368
-56.807
-22.24
-43.045
-8.0186
-41.619
