NaN
NaN
NaN
NaN
NaN
NaN
43.796
51.042
75.334
55.456
11.223
-19.523
-45.166
-61.517
-71.11
-41.263
-41.016
1.7942
1.0982
-24.527
-2.0005
34.728
11.373
-10.549
-21.302
-12.886
-10.425
1.0232
6.2709
NaN
NaN
NaN
NaN
NaN
-42.632
7.6436
13.133
23.46
14.282
16.857
10.957
27.499
42.846
3.9834
-14.111
NaN
NaN
NaN
NaN
NaN
15.479
70.856
53.177
27.136
6.9134
2.0876
-26.353
-47.233
-46.355
-49.307
-51.171
-25.62
1.92
9.9011
15.936
7.9551
-33.669
-32.234
-31.675
-33.88
-12.802
2.7685
8.4906
31.977
35.307
8.8704
-31.517
-8.8991
-25.635
-39.777
-26.516
1.2185
-7.0151
7.426
34.879
43.242
36.884
-5.9865
-18.508
-1.7748
4.3889
-2.4989
9.0086
25.563
59.245
56.757
28.847
33.347
17.019
34.112
-1.9283
-32.56
-23.073
-12.097
-5.3486
1.4541
23.628
29.309
12.903
-3.9123
-51.983
-64.672
-64.874
-45.501
-13.976
-9.0133
-19.839
-23.064
-16.206
6.2791
22.764
31.413
17.406
-12.73
-44.344
-38.651
-21.61
5.0638
9.038
12.684
1.241
-3.4589
25.828
24.526
1.0218
22.751
23.313
33.639
19.631
1.3442
-4.137
-1.164
-11.559
-0.173
12.6
22.298
51.737
47.725
46.701
7.7435
34.484
-18.481
-21.008
-45.108
-43.009
-19.296
-10.163
-3.9989
20.194
54.744
44.428
17.609
-0.89264
-38.272
-58.599
-76.874
-81.757
-71.535
-76.69
-67.877
-44.397
-2.5624
3.05
18.455
36.935
39.222
56.004
61.005
45.327
29.105
21.545
22.448
25.04
13.913
-22.116
-12.882
25.803
12.173
-24.218
-33.725
-14.506
5.8429
27.187
44.513
43.267
28.233
50.903
20.577
-26.898
-16.288
-12.39
-13.44
-32.221
-17.915
10.241
14.39
-9.4051
-10.502
-23.31
-24.888
-46.655
-34.438
-11.63
-14.031
-24.406
0.83295
6.5963
-23.3
-2.3398
1.7536
-3.3773
7.4934
-7.9106
7.4901
1.3995
-0.54665
-2.3977
7.7633
12.075
18.649
16.453
7.2866
20.661
-7.1297
-11.458
9.5437
11.948
-11.889
12.87
34.462
36.618
44.408
20.03
26.256
20.845
-8.0734
-9.8594
-2.2646
-5.9916
-14.229
-34.529
-20.288
-21.012
5.6884
-22.408
3.3184
-10.475
9.3799
-7.9466
18.074
16.004
-7.4149
7.7845
10.75
-10.776
-37.965
-52.006
-51.097
-51.388
-41.495
-33.429
-14.531
0.14699
1.2487
-6.4658
16.09
48.871
NaN
NaN
NaN
NaN
64.301
55.849
-22.155
-45.068
-52.56
-23.748
-2.5296
11.37
12.28
-0.91114
27.58
18.295
