24.867
-0.047839
-23.11
-10.825
-7.7204
45.45
53.596
55.131
26.568
-27.396
-67.728
-42.376
-21.477
-16.766
-11.824
-10.458
-1.3656
32.996
25.245
9.3501
24.889
23.198
22.791
0.82231
26.834
16.994
-11.303
9.1578
28.725
19.126
15.023
27.246
-7.9284
-35.516
-55.515
-53.063
-26.337
-18.458
-17.335
-27.858
-28.427
-35.924
-9.785
30.752
38.58
26.523
-5.4986
-5.9851
10.584
1.4272
17.536
33.304
33.161
18.579
-32.402
-11.457
6.9542
9.81
30.251
-14.12
-26.623
-1.517
14.426
5.1969
-22.738
-39.68
-16.005
13.923
36.495
46.657
33.863
27.541
3.0604
-9.8407
-15.735
-38.746
-20.629
-38.426
-36.76
-20.989
-8.609
3.8396
24.003
25.2
23.622
7.2689
-10.751
-31.868
-26.277
1.2796
3.7813
13.897
7.4097
-0.39473
18.111
5.1462
-4.762
9.3181
27.711
20.502
21.29
24.752
0.45428
-9.4448
-28.163
-45.539
-24.08
-23.811
-8.4014
-13.139
4.6424
24.088
26.407
44.74
21.834
9.9832
-11.174
-21.288
-21.017
-9.5224
-12.123
-2.7607
-4.7356
5.7931
32.348
35.136
8.2733
3.9929
-26.023
-39.036
-33.367
-34.583
-4.0246
0.78112
15.684
28.297
16.251
-0.47958
-20.935
-21.713
3.2625
-1.063
9.4217
1.054
1.7527
7.2131
22.668
39.896
22.297
6.5725
27.214
3.3296
-35.504
-41.857
-40.421
-11.72
-1.3589
31.492
37.133
2.7844
7.2741
19.79
-7.5778
-4.494
10.528
-18.755
-49.551
-59.276
-28.997
-0.75099
29.2
34.909
21.583
6.4656
-2.4544
-2.6469
16.627
24.175
25.511
7.1444
0.5487
-10.589
-17.804
-18.737
-27.781
-33.58
-23.401
-8.0917
-4.6605
-11.284
8.435
12.662
10.135
16.059
8.3071
13.076
29.783
31.644
12.525
21.72
29.936
17.256
-21.442
-26.516
-34.006
-12.001
-1.2417
5.4725
13.749
-10.968
-7.8471
43.679
27.073
-8.4626
-9.2265
-25.248
-36.988
-35.95
-53.131
-57.249
-35.792
-28.949
7.516
30.188
23.709
28.67
10.516
23.945
32.226
38.046
57.236
43.9
-2.5648
-29.426
-19.885
9.9339
3.5858
12.512
3.1011
-4.7007
-15.525
-13.729
12.825
25.905
13.246
-33.228
-27.849
-21.547
-17.185
-15.175
9.5038
2.2887
-23.665
-17.159
-19.955
