NaN
NaN
NaN
NaN
NaN
NaN
55.433
53.14
47.31
44.06
1.7945
-15.035
15.685
17.376
-32.85
-61.503
-72.969
-13.433
-25.541
-36.661
-18.761
-24.593
-24.441
-20.043
-15.943
-1.2064
-0.030899
32.445
36.992
NaN
NaN
NaN
NaN
NaN
-50.215
11.632
25.15
49.92
20.151
19.761
27.503
43.668
34.837
-17.43
-27.779
NaN
NaN
NaN
NaN
NaN
1.2463
20.992
-1.8357
-14.927
-3.732
-40.036
-40.722
4.2819
18.46
24.076
27.222
34.298
-12.909
-43.975
-10.025
-20.867
-46.548
-7.5258
13.591
-5.6153
-3.2441
15.728
17.884
24.066
-13.916
-57.863
-51.263
11.523
-5.1047
-13.219
11.802
35.587
15.67
39.135
23.371
17.458
21.038
-20.304
-17.17
1.0764
5.0575
7.0799
17.203
21.422
29.05
44.442
1.0178
-2.2984
-23.137
-21.987
-43.219
-19.122
-8.4112
-0.34563
38.761
32.221
9.1654
-10.988
-6.6671
-11.383
-50.961
-55.472
-29.622
13.374
44.874
13.485
-4.2267
-27.565
-40.415
-37.824
-15.048
-30.134
-1.2198
28.402
32.208
35.811
21.915
12.945
14.026
57.927
47.094
13.295
27.675
7.8554
-26.112
-18.943
-55.951
-16.663
13.45
-18.232
-30.316
-23.961
-20.093
-23.814
-12.146
0.10028
46.394
60.871
72.503
-7.1319
26.312
-13.174
7.2901
-2.0397
-27.429
-50.897
-58.387
-51.171
-17.485
43.553
55.047
25.221
0.22163
-35.523
-24.527
25.301
27.583
36.645
23.499
71.108
45.646
-28.37
-76.43
-70.792
-35.862
-32.27
-39.617
-26.506
-19.888
-5.9908
27.677
24.006
10.752
37.248
-6.8925
6.5094
18.823
18.457
18.106
16.431
-6.387
-12.173
-1.6951
21.075
19.524
12.115
2.004
7.2215
-7.0922
-10.861
0.60553
28.753
19.058
14.394
-0.05753
9.4874
-17.81
-26.516
-43.064
-44.383
-15.59
0.4575
18.855
37.147
-1.2901
-37.173
4.8609
12.252
-6.4022
-11.317
-22.736
-12.063
-22.281
-1.0124
9.5258
17.637
-10.771
-30.086
-26.652
10.239
11.72
-13.781
36.961
4.4808
3.4307
16.324
-0.11176
-4.9648
23.764
32.048
38.357
38.02
22.938
7.621
36.801
15.493
0.48328
-12.033
-7.686
-17.939
-44.442
-39.572
-22.577
-14.771
-49.401
-33.167
-8.2516
36.346
11.458
24.239
36.164
19.994
20.469
11.779
-26.827
-37.804
-39.304
-24.733
-6.0287
-7.3016
-55.643
-47.697
-3.1269
14.011
16.234
14.75
57.857
NaN
NaN
NaN
NaN
38.719
37.57
-5.7223
-70.082
-76.412
-31.128
-18.859
10.766
10.13
-10.108
22.396
26.2
