-88.217
-15.774
-23.615
-10.851
6.344
10.873
13.184
5.6307
32.457
-14.153
6.8144
10.196
22.731
19.205
-5.1189
-18.38
-20.334
24.325
12.511
2.8295
-12.386
48.086
5.7872
24.692
13.416
-2.8063
13.858
-14.352
-10.041
NaN
NaN
NaN
NaN
NaN
-9.3129
-7.1561
-37.132
-19.58
-2.0844
NaN
NaN
NaN
NaN
NaN
5.5726
-53.716
-26.58
-29.957
30.716
-21.512
-38.227
-6.1271
12.21
30.38
23.856
42.09
43.337
36.504
4.8227
10.622
-1.6354
1.4998
14.105
-19.281
-15.027
-29.088
21.311
34.463
25.582
10.075
44.739
-11.25
-22.63
4.1639
-22.502
-15.747
-24.364
-6.7422
12.965
8.429
4.4837
-19.76
-13.836
-11.67
-21.624
-5.4879
-29.87
-21.683
-7.3783
2.046
-15.489
-21.389
-5.7863
-20.186
-0.32151
47.964
-9.2577
25.799
20.737
18.196
-0.74168
33.926
46.474
19.414
18.374
-38.078
-14.546
11.151
9.3723
-13.827
-12.44
43.575
8.2835
-5.4351
-19.779
-30.523
-15.494
-24.358
22.192
NaN
NaN
NaN
NaN
-8.0799
-4.3124
16.887
-23.614
-7.4661
-12.406
-34.955
-11.638
-15.552
-14.699
13.657
-34.424
-4.3113
-5.2268
25.792
13.577
2.6692
22.511
-10.909
-1.6289
-40.709
18.409
-10.771
16.389
15.107
-19.344
13.601
10.503
27.151
8.614
20.678
14.093
17.065
22.824
18.82
4.3068
0.41936
8.4221
-18.196
0.25728
-18.906
14.017
-28.947
-24.638
23.261
-24.891
-13.584
-3.8596
-22.051
-27.314
5.5634
-4.5787
-3.6615
14.545
-8.0526
-2.8563
-26.739
-9.8092
0.7365
-0.29858
-24.185
14.663
-9.9372
18.017
3.969
0.45442
-20.221
15.356
37.283
24.861
37.85
9.2305
-1.4675
4.0161
6.0251
-19.6
12.168
31.805
NaN
NaN
NaN
NaN
5.335
-8.2205
-15.236
-45.859
-22.592
0.86589
-17.92
-19.687
7.4493
23.594
-15.54
8.6813
-11.561
-18.162
2.5654
-36.061
20.841
-25.532
27.79
-6.2741
30.366
-14.361
10.28
-14.409
-8.2239
-28.815
-11.519
0.30779
9.403
19.893
9.8023
3.3474
-1.9033
33.981
5.9744
10.264
-10.283
4.7638
13.505
23.111
21.68
-1.6706
0.67425
-3.9357
16.981
-5.1895
-8.2466
-0.14523
-10.22
-22.766
7.2108
10.285
-10.004
19.248
-1.7185
-19.84
-19.861
-0.80853
-16.921
-7.5097
12.478
21.005
