0.44097
7.7328
19.69
1.5605
21.093
-17.317
-36.465
-7.7543
4.886
12.621
17.606
9.0759
-36.229
-14.153
-10.71
-6.1434
11.944
-1.5317
0.69046
-7.9868
22.479
11.73
12.079
-3.5723
10.258
-2.9705
13.164
13.783
-7.1364
-9.0068
12.959
31.43
-11.549
-1.8421
-10.403
-13.443
5.5829
-0.23232
11.509
-29.316
-53.778
-55.428
-14.042
-22.581
25.472
1.2754
5.1066
8.6568
20.982
1.8233
15.552
9.0051
21.555
22.699
25.295
6.2109
13.366
33.675
6.6853
-6.3281
-8.9717
-35.679
-25.831
-16.961
3.567
-2.588
11.925
14.987
3.9128
-7.0812
0.14155
2.0825
14.486
8.1431
-21.86
-35.617
-18.529
27.596
12.008
-11.431
-9.3992
-26.936
-23.961
-18.648
3.6718
-8.1969
-3.0973
19.631
-0.033982
3.8656
20.342
18.206
10.198
28.258
47.128
16.25
-3.3938
0.87932
-25.793
-16.392
-20.114
-36.993
-1.6198
-12.74
-2.1631
10.416
26.056
37.313
29.064
5.1514
0.56642
24.24
-11.954
-21.619
-31.607
-19.294
-17.18
-2.5266
-3.4857
7.4779
7.0111
-5.0152
-7.1566
3.1046
-12.102
-15.679
-37.492
-13.614
2.3705
4.7141
12.354
19.055
2.8472
27.767
14.765
10.094
2.1212
3.8356
1.8158
0.22055
-14.153
-4.6723
13.191
-0.090092
29.69
8.2184
-24.447
12.764
5.4933
14.078
29.841
-4.7246
-12.33
-21.604
1.6421
-2.3335
-11.197
7.6149
-7.8573
-8.7468
-12.134
-16.06
-19.996
-23.16
-1.5167
-2.3547
-37.82
-16.497
18.085
13.342
3.0885
-20.194
-7.2426
18.799
15.684
36.831
26.276
22.966
1.8319
5.6436
10.429
-5.4435
0.2448
6.845
-1.8431
28.733
15.781
-0.081906
-18.63
-15.155
-0.51234
16.671
-4.0993
-13.144
-10.101
-13.77
1.391
-26.453
-27.526
-2.0427
8.7558
0.35423
-19.944
-11.973
-16.674
-3.1554
3.152
1.8379
12.502
1.112
5.3451
-1.8968
10.569
-3.5922
5.4057
35.178
29.133
14.926
10.001
-16.577
-9.2478
3.1973
-13.762
17.731
0.32719
-10.885
-1.4224
-12.918
15.22
12.373
-8.7119
3.2627
-1.1427
0.67636
-3.8801
15.462
-19.371
-13.145
-8.7106
-5.2224
6.8617
-6.6742
-21.93
-38.524
-23.782
16.955
15.935
19.333
13.651
47.419
10.585
-22.357
-41.501
16.983
8.876
