-23.466
-16.863
-15.561
-35.642
-53.697
-37.957
-38.491
-24.749
89.346
-2.0936
13.55
-14.688
-2.6117
22.139
55.91
43.003
26.638
3.5929
-4.4906
13.42
1.2919
-6.7901
4.4426
-1.1522
-23.196
-32.01
-4.6594
15.768
27.071
19.371
3.4447
29.984
11.573
6.6288
-16.693
-21.561
-23.258
-18.535
-13.066
0.096469
-19.96
9.854
-23.552
-45.749
-24.811
-25.086
-27.979
-9.4783
13.598
11.636
5.4455
20.148
33.349
13.901
34.912
32.743
28.513
50.284
10.818
1.0324
10.106
25.254
-6.344
2.7125
NaN
NaN
NaN
NaN
-5.3581
-35.431
-10.63
2.1318
-8.7579
-27.782
-19.123
-35.308
-42.665
-17.107
21.194
27.237
31.929
40.691
32.973
3.1419
-24.007
-17.831
4.6487
1.7603
28.232
-11.769
-31.446
-15.105
-5.3128
25.67
9.4998
22.692
4.0722
5.985
0.25475
-18.795
20.859
43.345
19.436
7.7179
25.294
24.248
-20.041
-18.945
-11.148
-43.904
-42.985
-33.072
-65.651
-32.386
5.8942
19.795
28.184
10.593
43.453
3.5355
14.66
NaN
NaN
NaN
NaN
-13.299
11.497
-3.9639
-5.2483
-11.594
-46.77
-16.045
-52.758
-0.13805
20.724
6.7012
-0.67292
-5.5002
3.4438
1.1113
1.1254
-22.485
22.007
-3.9156
27.991
31.015
30.147
13.229
25.545
38.814
7.5973
16.631
44.016
33.871
7.3013
-13.984
-40.498
-45.874
-28.885
-41.099
-23.115
-38.658
-48.523
-32.922
-10.709
-15.163
-17.15
22.904
9.998
-1.0599
-36.731
11.679
3.9858
18.974
28.253
32.953
35.932
14.186
8.2597
5.4626
-3.4771
7.1256
29.597
30.123
-5.9949
4.507
3.33
-31.768
-7.8593
-3.5979
51.225
15.223
26.656
-8.3043
41.96
-32.63
-16.324
-13.804
-44.385
-32.372
-27.439
-35.823
-20.742
-0.75195
16.851
NaN
NaN
NaN
NaN
-13.626
-8.9763
-18.85
17.484
39.685
23.91
21.489
1.0607
-25.688
-4.8157
14.229
8.8691
37.449
17.009
35.755
2.167
18.731
-19.586
-3.5131
-44.049
-14.902
-16.398
1.5057
3.5079
16.069
-8.4121
-25.064
17.275
12.378
16.323
4.0606
-9.4732
11.104
6.5945
-0.19216
-32.954
-4.742
-18.733
-2.8978
-6.0851
-18.208
33.531
-2.7995
3.3889
4.0109
3.743
23.38
-20.733
-3.783
-7.211
-3.9284
-12.914
-13.034
5.3369
-13.116
2.2096
-36.836
56.671
-4.5958
-23.251
-8.1165
-13.366
-10.119
8.9912
49.014
30.612
NaN
NaN
NaN
NaN
NaN
38.687
22.388
-20.159
-42.889
-21.78
-1.4905
-12.224
-13.634
5.5517
0.56975
