2.526
23.151
2.6897
-2.6227
-31.404
-35.302
18.912
-9.4938
2.7925
31.7
40.536
45.378
48.737
61.088
38.761
2.0293
-15.311
-43.276
-53.384
-13.79
-50.61
-72.975
-18.364
-35.95
-27.522
-24.913
-11.689
-16.434
0.39723
NaN
NaN
NaN
NaN
NaN
-10.07
6.6221
-1.4457
17.404
40.565
NaN
NaN
NaN
NaN
NaN
-12.765
-31.302
-25.383
13.8
0.94204
18.161
46.055
66.795
28.355
-11.658
-9.117
-47.852
-41.447
-44.162
-14.92
-21.374
-2.691
18.166
26.167
6.3855
-12.47
7.5535
-7.1674
-42.105
-28.148
-2.6849
15.462
1.8534
-0.97389
-25.122
7.8944
-19.532
8.0082
4.0319
-4.6716
-25.044
11.247
-8.3195
-8.1008
18.253
7.6665
-7.7583
-7.1244
-10.808
33.9
20.184
14.067
0.017029
21.889
57.032
51.098
36.094
27.175
35.048
3.6324
14.274
-26.194
-66.629
-44.212
-30.622
-19.096
-2.8759
6.7731
11.397
11.682
-21.467
-52.655
-41.597
-34.54
-11.798
-18.89
-0.77557
14.225
29.698
-5.6001
NaN
NaN
NaN
NaN
-33.086
-3.5724
36.738
20.974
2.4053
46.165
46.846
32.399
14.221
15.916
16.984
7.4556
-9.3218
-0.71988
-33.377
-48.409
-38.582
1.5821
28.325
46.416
30.927
-0.85969
25.518
5.8437
9.454
-0.19193
-24.692
-33.289
-27.738
-36.04
-10.171
-8.2499
-0.76104
-8.7925
-1.225
-19.022
-11.157
-3.6379
20.292
2.304
-15.846
-27.805
-22.009
-2.5553
-11.202
2.0681
12.288
-4.2043
25.456
24.011
27.065
15.208
-27.145
-23.259
37.462
2.818
35.996
57.93
67.637
24.235
-4.5909
-42.584
-7.0444
-5.3197
-3.4086
-2.863
8.5205
-3.3265
-41.585
33.277
35.313
-1.3989
-30.06
-62.163
-21.659
-34.111
-20.97
-20.577
NaN
NaN
NaN
NaN
-3.4914
3.3313
38.55
61.361
19.767
0.93521
-22.494
-12.177
-5.5052
-24.663
26.935
0.59505
-4.4862
-12.29
16.445
22.12
26.182
6.0676
26.906
30.87
57.326
42.911
9.7918
20.875
1.3692
4.2772
-25.165
-34.455
-60.47
-27.221
-45.272
-38.225
-20.682
7.413
12.864
8.2577
29.526
22.222
6.7622
-18.795
-17.445
-26.813
-21.966
-1.2217
-4.1171
17.1
10.198
-4.7692
8.4316
-2.7777
2.956
-1.4434
6.8496
-19.712
10.786
3.5355
-3.0411
-8.309
13.973
24.701
5.7982
-2.7997
