NaN
NaN
NaN
NaN
NaN
NaN
39.281
36.881
44.741
26.601
-4.2492
-25.513
-28.259
-40.118
-45.466
-11.17
-17.142
22.489
21.28
-15.307
-14.49
7.1162
-4.7937
-25.049
-27.666
-7.6803
-3.2783
9.2693
11.016
NaN
NaN
NaN
NaN
NaN
-39.93
3.2438
9.2055
24.614
23.751
30.211
14.763
15.863
41.351
13.78
-4.6419
NaN
NaN
NaN
NaN
NaN
-2.7956
47.638
44.647
28.028
19.415
24.063
-11.842
-34.837
-29.22
-29.868
-35.901
-13.685
-12.093
-5.572
-3.682
-9.2369
-28.711
-30.916
-32.164
-36.965
-28.333
-21.489
-10.022
21.372
26.449
8.949
-18.906
5.7229
-5.6806
-26.596
-18.079
4.2814
-2.7228
10.617
29.495
36.253
25.759
-17.245
-14.676
11.672
4.4879
5.0023
17.61
28.902
72.197
51.307
27.19
33.863
10.539
27.137
3.2918
-26.037
-24.435
-19.333
-18.409
-13.798
7.668
10.993
-9.3675
-15.634
-51.753
-55.767
-47.695
-34.248
-7.5608
8.8609
0.29973
3.1397
-8.0891
3.6939
22.469
25.906
15.394
-6.1398
-27.219
-23.507
-12.82
19.869
23.806
5.9478
-18.389
-24.806
7.358
6.0569
-17.848
-4.9673
-6.0398
7.9633
4.8571
6.9817
2.86
8.98
1.189
16.126
24.465
36.02
53.317
46.462
42.019
5.7136
39.358
-13.309
-21.795
-25.939
-21.997
-1.0506
-4.9851
-15.142
6.2733
33.756
29.068
5.4092
-0.5932
-5.8127
-29.982
-54.697
-60.986
-58.698
-69.206
-56.831
-41.923
-5.9772
-8.5867
-6.0879
-0.31204
1.0459
29.201
36.632
16.91
21.163
29.935
20.424
23.446
17.18
-9.6563
-6.4205
28.333
20.081
-20.144
-22.435
10.877
21.994
35.612
43.048
43.973
27.643
45.872
18.153
-19.273
6.5658
4.8858
-17.491
-38.834
-8.2936
9.4725
7.4122
-13.796
-1.7178
-16.985
-33.24
-60.091
-40.062
-11.652
-15.216
-22.135
0.075247
-10.233
-35.603
-7.292
-0.48777
-4.6258
-1.5829
-15.227
1.0472
-0.62527
-5.959
-11.71
-0.15953
19.538
19.229
14.786
13.721
18.517
4.5567
11.674
28.454
23.899
2.9283
24.306
36.471
38.202
37.049
17.624
27.761
28.249
-0.51623
-6.8775
-21.545
-18.254
-29.562
-40.079
-27.403
-20.176
2.2625
-26.49
2.078
-6.0842
10.159
-10.719
21.026
6.4725
-13.648
-1.0839
9.8207
-19.973
-44.338
-52.622
-31.868
-24.167
-18.655
-7.3574
-14.234
-12.846
-2.1495
3.4513
23.362
44.745
NaN
NaN
NaN
NaN
54.052
51.867
-28.026
-25.51
-44.895
-34.038
-4.8381
14.74
21.676
1.9269
30.532
25.823
