-45.619
-26.221
-6.1439
-13.759
-31.365
-30.814
-9.1425
-17.036
12.704
-18.597
-2.0346
5.8024
32.942
47.152
33.1
31.098
38.501
38.096
19.813
10.626
-12.778
-24.514
-41.387
-15.591
-2.9479
-21.605
-25.294
-13.439
12.429
2.9942
-6.1571
-5.8803
-12.779
-8.7887
-1.0858
-8.3865
-2.7824
4.0258
3.7574
2.6514
5.5229
31.205
32.659
18.075
9.1725
5.0766
5.7387
-0.5859
5.6289
-8.6502
14.851
-12.019
-50.402
-21.683
21.631
12.632
1.7414
12.653
-12.979
-33.122
-34.332
-40.729
-50.84
-14.666
NaN
NaN
NaN
NaN
10.195
17.579
35.82
38.56
42.426
26.722
22.928
31.466
29.018
20.363
9.1969
-1.2163
-12.514
-9.0022
-11.36
-22.438
-21.98
-18.341
-13.157
-2.3217
-14.002
-33.577
-22.523
-16.72
-0.6243
-4.1416
4.6383
-5.3312
-7.4703
-8.9284
-12.141
-29.25
-20.045
2.7973
6.5507
25.956
20.382
17.205
17.075
29.025
20.705
-4.9043
-1.4225
0.69464
-10.279
-6.7421
3.8818
25.153
35.593
38.494
36.067
23.222
7.3947
NaN
NaN
NaN
NaN
-26.977
-6.778
4.9036
-7.7967
-9.9364
-27.755
-12.099
-17.606
-3.4476
14.277
7.1603
4.239
18.864
-0.91054
-6.3031
2.9562
-3.9142
-9.4672
-32.808
0.47152
-5.5342
5.7033
23.216
6.3498
1.3108
-2.407
7.9971
7.6063
17.257
17.936
16.939
9.4865
3.9589
-1.0401
12.38
19.19
18.412
6.6278
-4.5233
-24.236
-25.58
-4.9079
7.254
-11.891
-25.945
-29.492
-15.783
-13.166
0.19336
-1.2219
0.14861
-2.795
-6.469
0.74722
20.661
17.679
6.9767
-2.8698
-2.5639
2.1346
15.698
-3.7373
1.9032
14.106
9.7266
13.118
3.5473
6.0979
-14.219
0.90094
7.632
1.1921
-18.916
-33.111
-9.3807
4.2016
-17.991
-0.19602
24.976
38.475
NaN
NaN
NaN
NaN
-27.715
-20.864
-5.311
0.87427
14.407
20.83
32.819
23.422
3.5881
15.311
-14.275
-24.417
-0.81859
0.89606
28.447
20.559
-2.0048
-18.545
-5.0156
-13.941
-2.0593
11.098
1.9442
4.3471
-4.5848
-19.802
-16.047
-0.097832
-8.7282
-3.6156
6.4653
4.5015
9.7417
8.1677
6.5477
-4.7576
-3.8232
-10.508
-5.836
1.3155
4.1381
9.6756
-22.461
-26.571
-2.3932
-7.5774
19.504
20.186
25.21
14.729
-1.8361
-0.54105
15.7
10.208
-8.2205
10.444
12.212
22.051
-26.918
-47.832
-37.266
-23.697
-20.028
-1.6607
20.573
34.426
NaN
NaN
NaN
NaN
NaN
7.879
19.504
0.53504
1.4366
1.5883
-2.9015
10.976
5.7563
-1.4634
1.9746
