-5.1076
9.0724
-31.419
-22.675
-59.505
-27.08
-66.683
-51.847
-59.11
-44.508
-23.39
-71.886
-6.6854
24.198
70.445
40.601
10.929
18.947
51.819
50.51
33.741
4.8931
4.3713
4.9395
7.3788
15.676
9.6921
5.0431
-10.437
-43.36
-33.006
-17.32
-32.225
11.23
4.2529
-21.183
9.5359
15.655
-18.143
13.971
25.57
1.0238
-28.05
-10.101
4.0892
-11.236
21.518
22.387
-5.199
6.7915
-4.0278
18.069
-11.207
13.837
19.238
14.035
-9.0083
13.045
-21.29
-36.235
-42.077
-33.953
-21.095
-22.259
14.481
56.982
29.574
28.67
7.2527
14.177
-37.172
-52.007
-0.98971
13.56
27.597
6.4534
-17.129
0.9727
22.453
21.766
8.4002
5.1036
18.961
10.115
-21.451
-14.066
8.4677
3.5072
7.3626
-11.675
-14.668
15.149
-8.8375
-4.9777
-21.845
-4.8214
-2.4444
-38.186
-37.706
-20.928
12.92
11.705
-0.71702
-21.662
5.1852
3.2643
40.492
26.83
-6.2374
28.809
41.042
26.822
7.0855
-13.158
-4.4755
-1.431
0.88996
26.019
14.195
-11.45
-7.1922
-13.802
-39.753
-17.974
-24.86
-28.309
-3.2838
2.167
-11.604
-13.357
-6.1818
14.692
11.506
5.9264
9.2443
4.0936
7.9946
9.8081
9.5126
-5.1613
2.5714
-6.2363
25.687
33.172
2.8628
-19.242
1.4673
32.149
-16.506
-36.46
1.7764
18.904
-5.0847
-11.824
8.7249
16.773
10.034
0.55223
-28.464
-41.899
-3.0622
-3.2741
-13.495
-36.662
-2.6425
17.822
22.843
10.566
0.19442
-7.7583
3.4135
-2.114
12.143
2.1393
8.4044
3.0985
5.7096
18.739
44.001
22.944
-18.916
-19.571
19.638
-3.6027
-34.702
4.8473
21.853
-13.831
-48.208
-34.123
23.173
55.909
31.296
-27.529
-30.116
-20.33
-19.502
-30.191
-5.5114
11.145
30.618
28.978
-37.992
-36.373
5.3069
17.313
20.943
6.6124
17.184
0.48127
-23.025
-32.154
-8.5967
9.3764
19.336
13.151
15.261
14.997
25.802
37.101
57.862
63.216
20.996
-16.838
-24.134
-36.766
-28.224
-40.838
-55.504
-50.416
-23.453
-11.18
-2.8145
-39.76
-22.238
25.87
51.183
16.193
-43.605
-10.145
6.5154
-10.817
-17.759
14.237
-16.064
-13.021
43.35
54.388
61.679
67.08
NaN
NaN
NaN
NaN
NaN
