-6.3385
34.443
-9.7999
16.911
-6.2393
-7.7385
-46.096
-10.285
14.172
27.169
-0.70305
-41.635
1.0775
5.5014
22.935
-12.315
-7.3709
-0.35079
10.361
17.014
22.943
-5.1089
-11.575
3.6828
9.0589
15.141
13.386
-2.4609
-28.114
-43.205
-36.584
-27.184
-26.164
9.0587
29.249
9.9363
14.118
15.128
20.908
35.188
23.854
8.8451
-10.198
-20.309
-5.0832
19.66
34.113
-15.657
-29.883
11.414
-0.95838
-17.317
-21.558
7.3012
-1.8212
-14.043
-37.466
-9.4149
-23.644
-3.7105
-7.3746
5.0792
-0.5226
10.028
32.118
27.894
5.2618
20.417
11.367
-1.463
-25.647
-2.1788
21.78
2.5642
15.329
4.836
-17.976
-3.3869
29.005
21.947
-1.0107
-6.3607
-1.5551
-8.8896
3.2458
-1.8597
-3.744
-10.806
-19.734
-35.99
-32.051
2.0986
-11.796
-8.8007
-37.453
-3.163
15.245
3.2167
14.373
1.9804
9.917
8.7929
15.212
-7.1171
-6.9515
6.9133
42.847
18.947
-4.3609
21.296
33.82
32.421
20.017
-7.6246
-19.479
-17.509
10.015
25.786
19.26
-19.866
-23.093
-29.111
-47.899
-19.577
-12.473
-6.0222
4.6082
-3.6086
-18.369
-31.615
-21.589
-5.375
-2.2203
10.135
-11.168
-22.433
-5.6135
7.7677
31.054
24.337
20.657
-3.0456
14.984
43.266
34.407
21.578
6.1656
23.565
30.005
36.826
10.775
1.8693
5.357
-20.534
-35.029
-11.711
-9.4546
-32.774
-32.661
-32.437
-36.288
-46.267
-19.728
-21.295
1.4222
2.2698
0.82657
17.953
15.404
15.033
10.98
-8.1818
7.0634
5.0017
16.922
14.425
5.0738
7.2131
25.095
13.137
-1.8297
7.4792
21.793
8.266
5.251
7.7129
-11.464
-37.255
-18.288
17.089
29.614
30.614
4.6966
-10.332
-10.111
-23.926
-20.792
-36.914
-20.004
4.7039
25.049
-2.6171
-34.751
-10.644
-2.8632
-4.6139
6.3759
2.3326
7.7326
-20.896
-7.4877
14.043
9.7611
9.0286
-1.538
14.912
3.5537
-19.8
7.3796
25.783
53.081
49.401
2.627
-31.792
-12.253
-11.149
-15.582
5.9237
7.1203
4.7951
13.616
17.923
5.4908
-48.931
-42.708
-10.047
6.0125
-24.356
-34.842
-10.763
19.916
23.69
-9.4745
12.72
8.7446
-0.95822
23.443
9.6686
-14.613
1.9223
NaN
NaN
NaN
NaN
NaN
