-3.2997
16.229
2.2241
-6.623
13.267
31.698
39.448
33.985
18.92
9.5886
-1.1655
3.6944
17.01
20.574
16.676
34.883
31.737
36.77
15.425
4.9655
19.798
-41.119
-75.597
-82.638
-36.683
2.2771
15.538
-14.403
-19.275
2.7298
8.542
10.763
-3.832
-15.895
-4.7439
-1.3319
-2.786
-37.163
-18.928
7.506
19.641
9.2254
-19.307
-4.2557
16.563
21.335
27.093
42.065
23.663
-10.532
-4.6546
15.907
23.748
-13.021
-18.9
6.5992
10.572
17.325
12.546
2.751
-14.775
-8.7258
4.1687
-2.2416
-11.857
-12.315
2.4685
-23.078
15.859
39.907
-5.0151
-55.603
-46.75
-0.47712
-8.6021
-26.426
-7.3927
3.4483
4.9822
-6.0043
-5.2651
-18.03
10.175
17.254
12.811
-7.1571
3.3348
15.459
13.426
17.365
27.916
32.48
5.4184
1.8056
7.1608
20.803
-3.9224
-11.91
3.893
20.079
-10.11
-16.415
-0.089224
10.716
9.7883
-1.2011
-29.375
-37.037
-25.477
6.5217
-14.032
-6.2071
0.26437
16.623
11.103
-16.451
-25.263
2.1545
20.861
11.048
-20.643
-19.981
-9.6205
-4.0103
8.3196
22.865
5.1899
-7.3872
-11.174
-26.981
-23.773
10.27
17.759
17.892
27.785
11.1
8.4055
40.086
32.057
36.67
7.8394
20.125
-7.1036
-37.5
-28.393
-22.211
-13.225
-28.436
-17.916
9.421
13.566
-7.6606
-12.388
16.143
23.293
53.905
5.308
-23.641
-36.913
-23.392
-17.277
-12.344
-19.479
-15.163
18.94
37.146
31.777
-40.855
-7.4697
-27.889
-49.092
-9.5488
1.7322
4.1984
9.8147
28.85
39.629
33.914
1.9398
2.5506
13.407
-3.7925
-2.3756
18.991
-10.084
-5.5785
11.82
14.378
22.401
20.092
4.6553
-22.605
2.3589
8.6683
-2.2351
-0.94509
-10.851
-9.7551
-12.529
-36.517
-27.101
-3.4575
-14.756
-31.573
-30.487
19.567
51.446
39.939
-26.97
-31.334
-6.7661
-14.228
5.9586
8.403
24.125
28.481
12.951
-22.021
-4.9955
15.592
-10.103
-6.6177
-1.0003
8.8852
-10.064
-2.9701
1.412
5.4582
-15.54
8.5414
5.7751
25.669
39.43
-7.6007
-21.902
7.7498
-7.2373
-21.677
18.603
14.115
14.158
-7.988
3.2247
25.659
-1.7322
5.1959
-24.005
-15.841
10.23
13.341
20.859
-1.9313
-24.938
-27.622
-22.973
-46.519
-43.843
-31.74
-1.7708
3.0379
21.323
18.303
19.349
15.257
-7.6161
-2.4214
29.01
26.573
3.7458
-24.841
6.116
1.6607
-15.214
16.164
31.437
11.502
-17.669
-9.8606
16.403
41.172
24.128
-5.186
-7.4941
-2.3736
-5.9975
4.7876
2.6322
5.9104
13.438
-26.804
-39.313
-19.409
-7.5759
-14.353
-15.137
-3.2606
7.8386
0.15129
-3.6979
14.151
13.163
8.0952
15.59
-0.52885
-9.7694
-32.567
-17.478
-25.439
-8.0199
-11.403
17.768
32.493
21.323
-9.9771
-11.986
7.8468
27.751
5.0985
6.7653
11.646
-13.623
-22.313
3.9163
18.496
8.4674
-7.236
9.8906
9.6166
7.4399
0.72412
-18.278
-8.6382
-4.1808
10.022
19.736
8.3459
9.901
23.72
20.608
0.54669
3.2397
-14.528
-22.937
-7.3903
0.2552
-30.302
-53.102
-39.321
-7.6594
-28.522
-43.235
8.7085
29.757
10.34
10.855
25.251
26.181
17.65
-36.545
4.5304
52.136
34.624
8.2789
-3.5152
-33.863
-50.126
-27.699
0.56181
-5.4827
23.427
37.378
26.14
34.877
12.966
14.3
29.114
24.325
6.1327
-1.771
-10.309
-23.053
-5.9009
9.7905
-0.32992
-47.44
-46.763
24.263
13.176
-36.546
-43.982
-31.892
-19.42
-34.2
-11.991
1.9832
-17.027
