-18.404
27.214
18.432
10.74
-44.421
20.794
45.564
60.503
49.53
30.259
9.8219
13.856
-11.586
5.6675
-0.071053
-14.295
-61.576
-37.989
-31.42
-22.244
3.0414
20.999
39.993
12.522
-61.929
-55.311
-6.473
-24.151
-11.643
13.932
4.2656
-16.57
-11.692
-8.2398
10.737
11.931
17.676
9.8455
28.326
30.38
42.688
-4.5571
-11.963
-6.0922
-21.505
25.812
22.47
10.489
4.1955
24.316
-19.705
-3.1409
20.444
27.923
9.9285
-24.558
-3.6284
-30.694
-5.1281
-13.568
-19.385
-16.2
-0.35147
-27.161
-20.177
3.4809
-28.756
-12.939
0.93546
30.304
-13.089
-6.2459
7.0336
5.5874
9.2173
17.543
20.338
-20.915
-12.582
8.9769
29.035
17.9
16.291
NaN
NaN
NaN
NaN
2.7547
-26.5
-23.388
-7.9908
13.341
-19.454
-0.76412
-8.302
8.6844
15.817
7.9777
7.8702
2.5086
13.753
-1.5313
-2.9486
-1.9835
-8.9906
7.9035
-16.109
-23.692
-23.133
-16.852
-22.34
-5.0039
13.794
-3.1472
-18.109
-16.382
16.409
22.939
25.453
25.607
36.092
27.813
23.288
-4.1308
-58.483
-20.8
-24.684
-39.948
-17.061
4.5352
4.3083
15.344
53.864
35.638
26.983
15.877
3.7809
0.12652
-32.139
-6.6823
-20.743
-4.9506
-0.96828
-11.295
-11.39
-35.177
-9.1717
10.298
35.406
18.604
20.038
1.3377
9.0291
-12.141
-40.906
-18.445
21.489
4.366
-2.0959
-23.166
13.653
14.775
0.39387
-13.804
-19.475
-6.6271
-19.466
0.1588
23.975
6.4663
1.5599
-3.9239
12.421
20.403
9.6351
-12.861
4.3285
-8.5852
-28.903
-11.113
19.935
51.858
30.8
5.2389
-29.099
-40.005
11.053
27.577
30.187
51.551
26.471
1.8591
-44.509
-37.868
-45.864
-37.578
3.5423
-15.375
-30.185
-29.451
-11.702
3.669
4.339
16.126
23.375
16.476
4.7325
1.0181
15.786
4.0939
-27.762
-13.302
1.0623
46.513
45.601
19.187
2.9836
1.8595
15.005
7.8943
-2.467
-25.079
-7.9974
-4.5398
0.97184
-21.996
-44.997
-14.757
-26.058
-20.063
12.729
12.204
14.814
32.234
17.276
2.5482
47.396
16.214
15.617
23.234
-4.2367
-20.467
-64.639
-28.594
8.8534
-8.057
-35.475
-39.772
-0.87346
11.246
-8.6937
5.1511
23.943
2.2409
-5.3978
-33.638
0.41881
25.743
17.288
26.575
6.6674
24.324
19.728
6.6443
10.589
18.018
28.966
20.146
33.031
14.205
-8.4839
-11.226
-34.113
-95.316
-70.346
-20.108
-22.613
-15.558
-0.25068
17.628
19.073
17.233
23.426
4.8087
-5.4923
-8.728
4.9669
9.2645
16.289
34.972
27.65
25.413
0.2932
-48.201
-44.732
-11.761
18.234
24.119
13.664
14.927
-5.2225
-13.059
-18.398
32.037
6.2001
-15.46
-26.881
-20.315
2.1776
5.9091
-0.17198
1.1122
15.611
8.2504
3.9819
-40.595
-15.364
16.84
14.06
6.7603
-20.776
-42.53
-35.811
-23.569
32.209
50.538
30.482
34.31
5.2164
43.699
43.364
15.425
10.382
-11.267
2.6175
-20.005
-4.4542
1.5099
-40.438
-28.557
-49.117
-60.05
-22.841
12.925
-23.876
-31.418
8.903
20.376
-7.7791
-27.522
21.129
54.229
