-10.187
18.026
-9.5991
-5.7475
-45.263
-3.643
38.075
71.83
83.046
22.952
-4.0072
2.8956
-3.5158
1.8724
5.6857
6.7074
-41.984
-23.588
-16.082
-8.3026
16.362
3.9641
14.025
-15.046
-58.779
-38.013
20.827
5.6885
-6.067
0.70932
-10.298
-29.807
-13.023
-18.038
-0.094777
21.742
47.629
1.5252
-23.3
0.70201
24.363
-1.9564
9.8073
29.658
10.699
15.777
5.4919
3.4842
12.315
38.343
-0.5542
-25.062
-21.636
0.95125
17.976
-12.568
-17.887
-10.247
23.008
1.8458
0.42213
-13.904
-4.5304
-44.492
-25.639
-4.1355
-26.653
-1.2534
31.963
51.741
-8.8534
-23.374
16.152
-2.1656
-7.4891
2.2776
-0.48583
-42.402
-38.754
6.9069
14.005
-5.0239
12.424
NaN
NaN
NaN
NaN
-24.221
-15.84
2.5419
14.773
15.359
-4.1914
10.992
-14.016
-8.6492
19.162
26.394
9.0337
-14.846
-11.096
-30.076
-9.923
7.0411
-6.5632
24.923
17.082
13.263
-19.559
-47.298
-58.62
-22.26
-3.4322
-14.754
-3.5553
7.0863
31.875
16.278
9.5206
6.6529
34.954
28.561
24.229
-7.3773
-45.14
-5.7179
-20.7
-40.711
-26.32
12.971
20.588
7.0723
13.919
15.143
42.346
30.105
4.547
28.284
22.256
52.785
0.7864
-30.839
-36.056
-36.849
-17.713
-29.638
-21.695
-27.416
-1.1058
-3.9111
-0.075314
0.00030191
15.87
-2.8652
-22.952
-13.56
-8.9532
-9.1597
24.76
11.283
27.241
24.773
10.99
4.2597
12.376
12.039
-34.528
-10.933
8.5556
-20.123
-19.782
3.2798
27.34
10.342
-12.449
-19.448
-5.143
8.5951
12.261
1.8882
8.849
30.177
21.386
7.555
12.506
-27.064
-31.722
11.723
25.617
45.206
4.0472
10.278
-26.634
-31.912
-35.119
-45.823
-9.3198
-14.998
-34.484
2.7701
26.961
21.596
-22.078
-31.257
15.673
14.338
9.7022
-3.3776
13.944
-0.97813
-14.853
-19.554
-20.72
41.109
55.854
36.829
6.2246
1.5693
23.493
10.81
5.9467
17.136
32.588
13.948
-35.453
-48.577
-27.698
0.83567
-25.415
-60.186
-27.178
5.0297
17.157
35.623
4.6934
-13.502
5.0387
1.6234
10.101
21.976
9.097
-0.29647
-58.062
-50.29
6.9145
18.196
16.092
-4.5496
0.91376
17.565
1.1477
38.198
43.779
-18.052
-12.889
-20.065
-7.8959
21.64
15.33
12.105
-21.404
-11.101
-6.7816
-23.178
1.2228
9.8472
-1.6271
3.0735
35.414
45.815
15.924
-6.8217
4.4655
-36.391
-47.724
-11.366
-11.95
-22.92
-18.124
19.642
19.278
10.024
-8.8877
-7.2546
5.0933
-13.511
-20.399
-1.3874
14.697
24.009
19.008
49.748
13.156
-43.907
-50.487
-11.916
33.977
35.032
3.4911
-24.361
-32.634
15.482
33.57
25.838
-8.9948
-16.732
-12.927
-14.723
-28.576
1.2957
17.627
40.656
28.943
14.106
3.0969
-40.96
-17.791
21.511
0.97139
-4.4599
-35.804
-67.912
-39.357
-21.826
25.525
47.199
25.519
23.83
-6.8265
25.803
12.749
-0.26011
20.046
-6.9681
-0.80135
1.5213
16.926
50.366
46.613
13.296
-61.317
-60.05
-48.475
-4.819
-20.56
-31.433
-15.764
15.913
13.453
-40.248
-4.4149
41.545
