-39.422
-6.7575
1.4661
21.644
-0.7876
-9.6683
15.288
28.951
-3.0073
49.363
12.08
-34.604
-23.22
-39.685
1.7329
-19.815
3.465
-7.9313
27.798
12.978
-19.124
-12.487
57.25
50.092
-11.26
-44.599
-59.024
-47.018
-21.214
33.015
48.432
62.008
31.452
40.424
14.317
-10.178
-32.35
-41.986
-41.268
-44.478
11.883
33.971
0.78915
4.1435
42.51
18.296
10.879
21.46
18.043
-20.308
-58.1
-39.098
-44.438
-20.297
-19.997
2.5335
15.268
1.2158
-24.257
12.132
30.112
45.244
31.137
37.322
-3.019
-27.394
-47.476
31.741
-10.433
9.3527
50.61
27.147
-24.957
-21.676
4.5273
-13.682
-10.2
21.524
-13.861
-62.234
-35.061
20.498
42.695
27.212
16.279
-16.92
-7.1683
-9.0307
13.679
4.5088
-30.833
-2.6943
-13.135
12.116
-6.9265
-27.157
-21.62
30.174
64.598
20.562
-21.683
-50.377
7.1633
41.143
34.89
-25.659
-48.631
-7.8798
27.003
10.571
-17.885
-17.221
11.285
25.061
36.328
36.392
-27.986
-51.782
-4.4462
-9.7948
-45.735
-24.985
-1.5846
15.647
31.623
23.823
14.02
-10.365
17.413
7.6001
5.6506
-1.1037
-20.229
-10.038
-9.5231
11.268
24.456
10.73
10.757
15.168
20.97
29.281
8.3412
-39.133
-13.931
11.901
-53.734
-69.025
-42.759
0.22527
17.82
-7.5229
-7.3648
20.002
6.6172
-15.456
-17.061
-8.836
24.097
26.274
41.979
20.198
15.138
26.709
12.715
-49.486
-24.498
0.75274
12.281
15.335
28.133
29.104
32.915
31.751
60.239
-7.7472
-84.049
-52.181
-17.552
-2.8189
2.754
-5.4719
-15.576
-44.98
-32.093
-39.631
-51.371
-3.9603
20.01
-5.9885
-15.856
10.463
-3.364
10.015
19.893
38.763
62.746
48.971
39.76
0.39099
-24.993
15.099
49.59
69.43
8.0748
-39.866
-25.288
-36.209
-10.373
-27.696
-30.899
-7.168
2.1555
-1.5973
0.30999
-21.49
-30.004
-19.497
4.0882
-2.2899
-2.0811
-14.718
-0.08557
29.232
34.45
33.479
6.8122
-45.845
-44.175
-11.535
24.647
17.118
-3.0971
-17.552
23.058
23.564
-6.8607
-11.992
45.592
18.15
-6.3346
13.139
3.8672
10.46
3.5216
6.8404
-18.942
-27.821
16.787
7.9111
NaN
NaN
NaN
NaN
NaN
