-14.329
-5.8856
17.069
17.499
49.882
44.699
23.949
-20.614
-23.602
12.049
25.372
8.9305
-13.858
-29.404
-28.969
-18.402
6.2405
-5.1988
-33.639
-22.534
11.281
-10.968
-0.96512
-13.135
-34.607
10.957
37.147
20.867
-32.163
-3.9826
32.403
46.957
24.741
-19.42
-15.672
-8.6294
-3.1501
-34.447
-27.751
1.9566
30.153
32.733
12.657
-16.687
14.82
10.328
14.977
1.4207
-4.0298
-22.341
-4.4045
14.277
18.173
-8.2928
-19.898
6.099
7.6128
26.314
29.206
35.374
-12.098
-29.794
-16.572
-12.576
-28.379
-59.048
-3.4572
-15.985
-8.9813
4.5224
-10.149
-27.879
-8.3063
28.78
37.93
26.382
17.534
-37.541
-16.292
38.247
37.314
-15.97
-8.583
5.576
20.275
-5.3278
-12.987
-21.113
-22.449
-2.94
3.5877
14.752
10.512
13.284
10.923
13.333
18.227
11.37
20.541
20.753
-13.846
-14.553
-9.9059
-9.6602
1.3251
4.3757
13.461
30.406
1.2686
-28.009
-52.807
-22.095
-11.904
-10.137
-30.504
-32.256
-18.003
8.9762
14.077
2.2128
-0.50854
19.425
23.385
35.242
6.0929
5.0121
12.943
0.94782
-20.983
-56.12
-39.616
17.873
19.102
27.741
9.9728
22.072
56.912
20.804
-44.259
-7.6846
9.104
26.919
-15.093
-6.5295
3.4069
21.998
25.75
2.4557
-24.739
-51.67
-29.014
-31.856
-20.613
4.5449
4.0738
47.402
-0.22274
11.426
34.585
38.677
19.17
-2.3145
-30.181
-32.381
-14.782
14.088
14.405
-46.521
-15.424
-39.838
-54.235
-20.438
23.784
26.543
26.455
9.154
24.177
7.8813
-23.53
-23.527
-15.424
-0.6696
6.6661
28.462
5.1495
8.1284
21.177
28.771
39.639
38.776
5.8729
-38.531
-7.9839
-0.031381
9.1297
17.629
9.3944
-27.649
-40.074
-34.954
-1.8158
27.815
10.031
32.278
12.758
8.1181
8.6795
-6.8243
-62.632
-64.14
-30.006
-17.27
10.922
16.691
1.4119
-11.364
12.402
32.997
36.952
22.784
-38.613
-34.604
-24.527
-19.683
3.4653
31.422
31.869
3.6318
-19.072
26.632
15.047
26.407
23.497
-41.389
-83.025
-26.518
16.402
18.189
57.322
38.459
52.83
45.685
3.9803
-27.815
-37.937
-11.529
-47.857
-49.445
5.9793
29
26.82
8.0943
-6.141
17.783
28.255
-1.7852
-25.979
-29.034
6.0361
8.384
13.728
-10.472
-17.003
-41.955
-15.146
22.474
34.61
-11.436
-54.874
-32.622
-25.27
-58.893
-22.568
22.062
42.484
16.176
-0.066775
2.0273
7.9965
33.422
37.859
29.668
1.2886
37.253
42.019
34.899
13.259
-4.6927
8.7515
-31.406
-27.319
-19.137
-6.3359
19.693
15.529
14.466
-18.345
-39.061
-19.717
16.628
11.389
-10.065
-18.283
-9.0038
18.962
-27.579
-25.135
-21.727
2.7475
-34.125
-41.009
6.1048
13.325
-8.4517
-10.556
14.939
17.979
3.6632
-7.6777
-8.5051
-11.284
0.069264
27.291
45.574
26.164
15.177
-6.216
6.6733
10.915
20.006
46.576
73.31
22.606
-44.22
-15.837
-2.0126
9.2336
-34.036
-23.847
-25.833
-7.9753
-17.736
-55.308
-36.78
-5.6301
-0.22772
7.493
16.46
34.761
-4.2768
-55.359
-2.0371
23.569
7.3883
48.003
28.608
16.96
-5.1039
-56.765
-24.065
4.7659
18
-7.5799
-5.3238
-1.929
7.6346
17.998
24.616
-1.8504
-21.75
-27.535
-15.166
14.546
26.719
12.175
27.199
25.104
17.467
-20.87
-28.171
10.693
20.354
27.019
1.7521
-39.834
-62.732
-0.40038
9.9574
0.073448
-14.923
-51.382
-39.079
-12.178
17.144
41.991
32.304
