-37.134
25.135
40.054
25.956
31.608
24.257
10.028
-39.4
-21.651
7.1691
16.702
-5.5852
-17.422
-30.268
-56.042
-47.215
-2.3157
-21.8
-50.701
-14.53
31.326
12.648
37.615
5.4897
-20.4
3.9659
19.067
39.467
12.609
17.816
22.915
31.46
18.243
-7.5577
-8.3668
-27.547
-11.084
-36.941
-27.471
12.383
21.956
20.102
7.4503
-20.134
13.621
7.2786
3.6497
-18.909
-14.791
-4.8341
-1.791
-11.556
7.0905
9.1286
5.8659
9.8258
-7.5769
12.602
12.503
36.53
25.287
16.33
-19.096
-22.945
-42.169
-65.056
-35.078
-31.333
-8.9974
-0.22277
19.826
20.327
15.342
40.858
50.42
46.336
10.254
-39.132
-36.086
20.165
27.466
-2.9564
-11.502
-16.256
17.661
0.90203
0.99523
-27.177
-29.918
-20.578
-13.648
-18.52
-29.091
0.78119
10.589
8.985
19.225
21.998
20.776
25.752
-8.595
4.5451
-0.59934
-8.8863
2.6988
6.4555
30.436
43.936
7.6474
-24.624
-25.549
3.0385
2.7772
-7.594
-25.949
-12.432
0.30746
7.0834
-14.337
-28.806
4.4597
23.126
28.176
33.09
-1.5711
-8.397
12.663
10.849
-17.79
-49.186
-31.49
-7.4864
-0.57067
-4.5644
-20.484
-7.3014
10.912
-32.216
-45.428
-0.16632
0.40935
21.78
10.765
33.213
37.635
65.085
54.371
42.71
-9.351
-78.581
-33.948
-22.335
-9.1181
-4.2463
-13.125
32.931
9.8381
36.499
50.64
55.226
35.852
17.812
-3.9273
-11.373
-35.086
-57.718
-9.6398
-32.432
6.216
-68.823
-64.118
-24.908
5.4507
12.19
28.869
5.2254
-12.274
-27.634
-26.569
-0.3258
-3.4319
-3.8764
0.50929
23.242
17.297
16.07
8.1972
-7.9119
6.5093
26.442
12.912
14.971
25.008
23.242
23.205
48.463
38.683
-42.415
-76.849
-16.486
13.291
30.252
21.985
58.023
18.097
16.532
-16.989
-17.603
-30.217
-35.339
-16.216
-40.952
-9.1008
5.8051
10.949
-29.404
-25.402
-18.169
-27.72
-59.847
-52.435
24.255
9.3466
5.4511
27.893
55.276
34.312
23.411
-0.37574
28.269
-6.233
-1.3123
-13.491
-36.967
-50.917
-3.1883
21.929
24.094
46.342
27.378
44.916
42.984
13.539
-25.587
-37.711
-8.85
-25.691
-9.7468
7.678
10.952
-27.424
-3.1055
17.591
37.214
43.345
30.389
6.7537
-52.353
-18.889
14.064
6.8727
-12.766
-45.536
-60.805
-14.883
15.103
4.286
-52.275
-45.826
-8.483
-27.531
-29.746
-1.1846
37.958
47.476
25.123
16.305
-5.1367
-24.009
1.5006
18.081
29.59
24.772
39.985
48.964
39.282
9.6114
0.33279
10.21
-35.779
-27.181
-12.805
5.4262
17.318
23.517
-16.818
-39.872
-25.743
-1.4056
28.434
25.579
-17.322
-14.594
-6.8408
10.438
-20.183
-23.239
-29.571
2.0572
-31.547
-51.679
3.8551
21.575
-1.4318
-3.5871
-6.4426
-4.7223
-2.029
-7.9934
-0.34251
7.5365
27.26
55.394
55.786
32.027
39.472
7.392
-13.529
-14.05
5.481
44.701
49.088
-37.478
-63.964
-19.152
-28.983
-47.303
-60.117
-30.33
-5.9246
-8.2826
-3.5582
-26.757
-7.3106
26.004
38.899
58.249
61.594
73.012
-0.21807
-74.832
-8.9091
27.87
11.779
37.993
13.519
-0.30707
-1.8044
-49.254
-51.476
-36.304
9.8139
-10.335
0.92601
9.508
22.866
25.536
27.323
0.69214
-51.176
-73.837
-24.873
12.481
28.69
19.12
4.7539
-15.437
2.6734
-7.3738
-7.0141
24.629
7.0138
-14.325
-2.797
20.804
-4.3855
12.922
11.214
24.589
24.163
-30.949
-32.847
-10.316
9.7886
30.999
-3.6289
