-42.51
-2.0613
1.2926
28.453
54.892
15.322
-9.75
-5.9229
-0.89527
-30.857
-35.888
-60.802
-12.455
-9.3157
27.864
-20.986
-21.34
6.895
17.389
24.547
1.3722
-2.5811
-1.3375
-7.3911
-12.917
13.504
18.866
9.5793
29.8
28.503
2.0848
-30.499
-26.926
-19.537
15.994
-2.148
3.34
-5.2984
-14.81
22.86
23.077
22.896
-27.246
-19.549
-16.363
6.4183
-29.581
-50.277
-26.23
25.861
38.632
41.504
44.038
32.531
29.798
11.407
4.7759
-7.2869
-16.467
-24.907
3.7017
-9.9295
-31.405
-19.29
24.628
21.321
-14.621
-46.228
-43.096
-49.532
-6.0803
19.902
19.89
-4.3656
15.241
32.04
4.8512
18.942
29.895
-21.968
9.682
-1.3808
4.8625
4.4409
26.937
26.018
-16.562
-41.834
-29.796
-10.664
14.314
-10.389
-20.377
-15.15
13.409
18.264
30.241
16.553
-41.401
-47.636
0.22846
32.265
11.97
19.103
-3.363
-9.3939
14.273
27.59
19.038
26.831
2.3351
-41.272
-38.702
13.314
12.868
-6.4984
-19.576
7.9867
15.192
24.301
6.7803
4.6184
24.035
8.8457
-17.627
15.05
-17.449
-30.177
-6.4238
-5.4774
9.682
-21.457
-48.793
-30.067
-20.604
-31.129
-5.6973
-27.852
-19.012
-8.2333
15.685
3.3846
31.136
10.993
18.019
29.153
46.839
29.644
23.78
23.983
36.096
-6.6171
-14.175
22.287
38.962
38.145
31.946
-20.511
-74.672
-11.092
-0.42927
11.752
6.5596
-8.2075
-14.631
-47.751
-52.007
-25.709
3.3366
7.8732
-16.404
-38.905
-3.1322
13.076
14.317
-14.076
-0.23567
43.825
-24.82
-2.924
-12.083
3.8315
-4.3489
-39.322
-7.2571
35.999
2.7152
1.5427
-2.8518
-31.644
-7.7806
7.2299
31.558
46.696
41.335
44.258
12.842
8.1315
37.939
25.604
-8.668
-20.5
25.166
5.8936
-13.693
-49.484
3.696
6.3132
36.447
8.4619
14.744
-25.319
-33.193
-31.002
5.7611
-43.585
-56.012
-32.04
-42.311
-46.187
-2.942
-3.5143
-10.451
-14.976
-8.3542
45.089
54.27
35.724
-3.3467
-29.647
28.021
21.869
39.601
-5.0342
11.623
38.211
-13.561
-29.889
2.8733
21.134
3.5973
0.68582
35.263
10.873
14.668
2.7729
-11.623
-6.6836
3.1004
-5.7205
-6.5685
-14.031
1.6937
-6.3757
-19.611
-21.318
-47.114
29.955
33.583
19.562
16.14
-22.327
1.4557
26.874
33.944
28.695
-51.839
-61.226
-1.7388
-17.191
-28.075
-35.7
-38.56
-45.779
4.701
22.927
12.03
-15.157
-3.4578
-1.0462
-1.3714
19.059
6.2429
-1.4272
6.1203
2.4545
31.121
47.291
57.073
46.476
37.507
14.747
18.999
17.057
7.6278
14.094
5.5242
-4.0201
-20.385
-6.4656
-0.59706
-29.665
-52.982
-66.244
-31.519
0.46239
12.419
-6.6224
-8.3179
8.8909
-11.103
-27.732
6.5722
-29.027
-8.1271
1.117
-1.9913
-4.4256
5.322
-25.418
0.032167
-13.996
-35.387
12.883
16.036
14.81
8.974
27.177
29.064
33.617
-0.50148
-13.643
35.569
69.942
70.039
42.629
12.839
-9.5706
-36.445
-52.005
-24.883
-40.212
-19.744
-10.911
6.1234
30.092
41.363
8.005
-29.813
-4.3535
-16.808
-31.988
-45.639
5.514
-1.7668
-10.751
4.4664
-4.6461
1.6631
-11.038
-12.993
-38.661
-10.334
37.826
7.6456
-14.256
15.762
27.962
21.417
7.6613
12.923
20.603
7.0907
-9.2746
-36.478
-5.532
-11.688
2.2306
17.389
23.405
-2.1801
-1.4069
-9.6959
-4.6878
21.626
51.915
2.0779
-17.574
