-48.332
18.627
-4.6698
29.08
-5.0829
-16.616
-0.6897
21.971
22.168
47.251
10.056
-36.485
-9.6291
-22.57
12.762
-28.859
-25.457
3.0103
31.692
18.619
4.6943
-5.7691
21.649
31.956
-8.22
-2.5462
-25.473
-40.063
-38.384
0.81886
-18.529
-22.351
-27.34
26.974
44.355
13.6
-3.449
0.038177
5.2437
19.873
37.24
48.059
9.7032
-17.928
17.227
35.025
44.899
3.1181
-34.201
-2.5866
-38.487
-65.848
-78.397
-14.434
-10.28
-9.4657
-48.131
-36.308
-11.329
27.617
38.952
39.975
14.803
27.359
37.669
23.637
-31.828
24.642
-11.993
0.83508
24.496
25.577
10.307
-18.913
6.3088
2.2751
6.4357
26.426
6.3954
-44.187
-24.178
-11.927
6.5504
0.97848
9.3129
-4.3704
2.2314
-5.0106
8.652
-20.408
-45.65
-3.865
-16.352
-18.335
-65.122
-22.516
9.3611
27.455
54.5
17.949
6.9908
-7.6179
22.565
19.874
16.456
-14.095
8.5062
6.6581
6.0072
13.416
13.351
20.357
22.406
9.8033
8.1232
7.3447
-8.65
1.8323
10.117
-34.545
-36.524
-39.158
-55.13
-19.154
7.8395
17.664
18.642
-5.5588
-1.4476
3.7795
-20.722
-25.366
-8.113
3.622
-17.963
-28.504
-2.8439
17.529
28.897
34.175
39.168
36.12
30.142
6.6554
20.774
25.902
-17.79
-18.247
-7.8437
18.197
5.9907
6.0712
8.4272
-15.252
-59.139
-52.02
-15.274
-10.612
0.87483
-5.4913
3.9352
-26.32
-8.2971
13.641
10.79
-17.98
0.79654
10.422
18.744
32.398
6.7399
-2.9173
21.759
34.586
55.62
3.2704
-54.973
-15.849
4.1003
-2.4552
-12.938
-22.051
6.4412
-12.504
-17.309
-10.63
-11.291
-7.6029
-1.6353
6.26
11.786
32.853
-1.174
-19.077
-5.3987
20.449
19.71
-8.5685
-25.268
1.8716
17.391
25.738
16.638
26.991
20.032
-21.262
-20.052
-13.989
-4.5384
-31.072
-18.226
9.8462
2.6911
2.3876
8.9831
8.3543
-34.348
-72.443
-19.435
5.4051
36.326
39.478
13.057
16.338
13.303
18.564
3.6236
-3.9697
-10.149
7.6653
23.756
33.539
8.449
-45.439
-44.652
-14.162
-13.215
-20.132
1.7413
7.8264
4.5686
26.587
1.1697
16.961
8.4406
-6.4721
5.6515
-3.6874
0.85231
7.9666
NaN
NaN
NaN
NaN
NaN
