-12.023
-23.987
30.056
7.7183
2.1134
-39.784
1.3906
29.041
11.14
6.435
-41.629
-8.6725
-11.327
1.9908
-26.969
19.451
6.3031
-3.1256
42.069
21.743
9.7518
-15.3
-37.309
10.92
11.54
1.526
16.161
-31.018
5.4756
23.26
-13.81
-13.358
-24.032
3.7978
0.11394
12.796
-24.707
19.319
15.607
9.6658
13.384
0.80173
-7.4512
-10.26
-9.5547
3.7545
-6.4012
4.4674
6.6478
16.217
-17.561
-28.998
24.568
8.7702
31.234
-18.702
-21.047
-3.4636
-13.192
-0.10933
8.52
-9.9898
-0.14271
6.448
10.237
2.6725
-10.267
-15.144
1.1185
25.557
-29.674
-24.776
24.348
38.639
33.265
-20.701
0.27266
-11.874
-22.681
-3.2736
24.278
-2.4121
-14.289
-12.316
-3.5583
-10.3
23.744
-1.0151
13.326
21.935
18.206
9.5772
-4.4789
-3.1343
13.504
-11.276
3.6078
-37.87
-28.632
-5.5088
-6.0379
-10.508
-20.613
-12.947
4.1203
40.853
3.9196
-25.197
20.99
-8.5267
-10.554
-4.6522
31.658
19.981
12.581
31.606
3.7659
28.737
6.4237
-11.052
-38.413
-4.0749
-28.601
-9.1446
-16.378
1.9638
-4.4418
13.194
-20.183
8.3077
-23.063
2.0282
10.89
-1.3783
11.292
20.341
22.196
-30.895
4.0075
36.465
25.666
-10.372
-16.573
2.1864
-4.6267
1.037
-5.705
-11.527
21.834
20.244
-32.748
-46.82
-8.1547
2.5819
11.24
0.95745
17.082
2.524
4.9787
-10.322
-3.5278
16.465
-6.6795
-7.49
-36.191
-13.174
1.0075
11.098
11.613
-1.0177
-15.83
22.006
29.97
29.135
11.075
-6.9222
13.922
6.3481
17.328
-27.368
-7.1589
-0.6404
-16.996
-2.9548
-18.738
1.7616
0.97053
-19.625
20.069
19.771
9.1168
-2.6571
2.8299
4.0047
-0.50711
-16.474
-38.134
-45.324
-26.595
17.288
27.123
30.545
23.015
-0.92888
-17.972
-32.574
17.432
8.7161
-6.5759
2.697
6.2819
-0.09705
1.5349
-2.389
-19.699
25.539
30.448
-4.1401
37.532
-25.676
7.6597
23.142
45.656
-27.614
-5.9582
5.8049
-20.599
-18.625
-10.799
-1.1283
-22.615
-3.2401
-25.212
-25.511
2.5029
18.559
-38.542
5.444
24.025
37.21
-25.15
-2.2519
-14.197
17.827
20.275
-7.0594
25.571
-5.741
13.431
-0.35984
-16.156
14.393
4.2142
2.6633
-29.287
-12.074
25.743
15.561
-4.6747
29.299
-27.085
-6.4772
4.4493
4.7555
-18.229
-37.081
0.67073
-1.5753
39.594
-2.3986
-16.913
14.365
33.628
4.4261
-13.275
-2.8152
-7.6878
-11.983
-16.168
-0.44072
-12.67
-17.841
11.524
10.844
-12.415
3.8289
33.09
9.6368
-23.201
-4.038
-1.7834
18.938
16.873
21.946
-13.346
-52.606
11.847
5.2899
37.886
-24.637
-21.825
22.429
36.132
-5.2076
-21.302
-7.9139
3.203
14.322
-24.798
-12.529
-19.976
37.499
-5.7236
-21.145
3.8282
3.2522
-12.999
2.2555
-16.483
1.4058
-22.564
31.811
20.373
14.529
0.81978
6.9608
29.967
-0.75769
27.739
3.1964
-44.351
-43.195
21.021
-3.9177
-2.6953
-2.0812
20.672
15.928
-8.1028
-12.606
-8.4671
5.2713
16.393
-33.323
-35.015
-11.935
10.471
-2.6644
-19
-23.954
-5.269
42.465
35.156
52.618
33.519
2.6701
-4.0518
8.7889
-29.883
-56.613
-8.2979
-18.127
27.48
25.084
10.999
-5.3512
-12.183
-8.6077
-1.4932
-5.7181
4.9666
-5.5156
-19.171
-0.99013
27.899
0.91355
-14.049
-10.078
-2.8574
-0.92418
20.753
0.98102
5.9169
21.192
-1.0082
-7.9161
13.375
-8.8418
