-47.99
11.062
22.574
5.2142
30.101
35.999
37.134
-2.2133
-2.3564
-20.469
2.7914
-4.911
10.172
-3.8258
-26.501
3.199
43.005
35.388
14.751
-7.1945
28.513
-21.198
-33.911
-57.941
-27
-25.779
1.6867
0.75647
3.2815
21.258
22.133
9.7758
-14.138
-30.424
4.2772
1.6506
-5.1019
-24.857
-2.6141
-4.3606
11.941
7.8529
-1.1758
-0.77152
14.544
-3.3972
18.078
41.111
18.27
-13.833
-11.216
4.9361
28.454
18.065
1.1529
3.6099
-3.9431
-4.3838
-16.926
-6.7485
-13.048
-19.543
-9.3765
1.8912
9.0712
4.4897
18.229
3.9874
18.008
17.762
-19.256
-16.606
-52.923
-21.448
-15.186
-23.449
1.1426
-9.7059
4.7236
11.171
-13.626
-6.5879
5.0627
7.4212
2.5164
-13.727
10.845
19.575
26.008
22.243
18.104
13.91
25.87
29.599
24.875
14.297
4.0536
-7.535
-22.776
-7.6681
-15.527
-8.3041
7.8367
-0.85226
-8.2245
-0.96426
-13.002
-14.718
-28.339
-14.054
-11.797
-7.0273
2.61
-8.2822
0.80767
10.15
7.4419
14.98
3.8103
-15.167
-24.244
-34.377
-7.6594
-8.7584
-21.801
-5.294
3.526
-5.4074
12.735
4.8318
21.998
28.038
41.732
52.386
35.948
12.259
23.306
17.806
4.5172
25.138
8.1369
-3.1214
-37.645
-46.838
-54.789
-39.486
-17.721
-17.162
-33.788
-9.4021
20.982
40.987
10.082
2.2101
7.8695
56.015
32.482
-18.455
-38.813
-26.566
1.3143
-1.653
-2.9989
5.1356
-1.7774
-7.1415
10.97
-24.193
-11.83
-54.316
-23.573
9.2245
8.0193
8.5486
15.608
23.623
41.454
36.618
-16.792
5.6874
9.8012
-13.187
-4.4513
31.396
10.141
5.0076
13.287
5.6527
-12.823
-3.1458
-7.1232
-4.6239
-6.04
-13.797
-17.57
-6.0674
-10.779
-2.8298
13.098
-1.811
-24.533
-9.3544
0.20306
9.1269
15.967
32.841
29.677
18.748
-15.353
-56.151
-32.625
-44.118
-23.079
10.729
40.854
17.432
7.4255
3.1856
-3.623
-14.842
-5.314
20.456
34.1
19.096
-9.1683
-12.372
-5.2372
-2.9213
-13.511
12.466
4.6486
16.352
17.395
-2.095
-33.404
0.18658
-11.521
-15.134
-6.8274
1.0343
3.632
-8.8401
13.214
35.445
32.271
12.364
-12.79
-4.1406
15.089
-3.661
-11.91
6.3922
-18.151
-14.125
-15.68
-22.386
14.925
-6.35
-14.597
4.1786
15.146
1.7966
-17.607
-14.925
13.584
30.75
20.725
-8.0296
-11.244
-17.781
-6.8971
-28.655
-32.042
17.139
30.266
10.443
-8.6393
-8.6102
-17.943
8.7342
5.8803
15.697
23.49
4.6916
1.5137
1.1129
-2.9363
10.882
16.734
-11.308
15.77
26.665
17.982
-9.1791
-6.3422
-7.3821
6.5844
-9.289
1.0731
9.7656
-1.4142
-7.2252
-10.395
-12.442
-16.035
-27.028
-9.4838
-12.72
16.779
-18.642
-20.666
-0.23839
13.389
10.994
-8.3796
-7.9708
6.9739
-19.369
-30.788
-0.31326
-5.4861
-12.522
11.218
15.8
2.4791
6.6105
16.689
27.983
42.104
23.585
1.2988
20.15
26.463
20.716
17.457
-16.231
-10.742
2.2479
8.0236
18.852
24.518
-18.851
-36.56
-20.769
2.4428
-17.563
-52.576
-46.331
9.0155
-34.119
-71.672
2.6121
30.091
27.139
18.548
2.9801
-26.216
-15.263
-28.564
17.191
22.229
10.904
-7.0462
17.561
26.54
18.118
15.641
18.175
11.544
26.03
-3.3867
2.3885
10.397
3.0397
24.018
18.38
-4.5574
21.541
8.9057
-7.2622
-26.573
-18.577
-18.319
-33.914
-15.461
-16.866
-16.276
-33.762
-31.224
-22.104
-10.629
18.904
17.213
13.157
25.211
-3.9995
