-34.743
22.314
30.653
32.033
-36.411
5.729
-8.1757
14.447
29.39
22.904
1.3239
31.313
2.1557
-13.136
-17.38
-18.779
-18.225
15.706
4.5496
0.54907
10.509
-27.045
-10.937
2.8665
-8.8695
-24.176
-0.55024
9.2442
26.799
21.014
22.182
-14.619
-19.243
-23.611
-19.901
-10.172
12.976
-22.542
-6.5266
-10.218
12.998
9.7976
26.131
21.36
7.1695
0.40462
-4.5791
-12.34
-15.534
20.818
-16.532
-13.825
5.2745
-9.3254
-3.6399
-9.5098
28.075
5.1182
22.214
16.218
24.853
17.812
8.4073
-19.483
-8.3309
11.915
-17.388
-1.6348
8.7719
37.708
-9.4856
-25.796
-39.637
-17.925
-14.45
-33.145
-26.038
-24.838
-10.857
13.699
28.422
2.6058
7.8332
NaN
NaN
NaN
NaN
-18.218
-68.739
-17.802
8.6415
5.0414
4.3002
19.272
6.7151
3.111
13.089
10.553
5.3467
21.437
37.308
5.4263
-12.702
2.6137
-1.0468
17.447
-28.13
-21.045
-29.027
-19.347
-35.852
-19.511
-8.8154
-5.8435
2.7789
16.063
39.679
17.582
-6.0559
-28.345
10.059
12.549
24.608
-1.0453
-25.411
10.201
8.1152
9.6561
6.6085
18.32
5.2879
-26.198
-12.264
-18.573
18.432
6.1656
-23.971
-19.662
-26.223
0.55399
10.28
27.58
3.9736
-4.7196
5.7808
-1.7599
-9.1103
-7.2984
12.65
24.454
24.54
22.581
21.597
18.598
-19.094
-38.624
-27.975
-20.204
36.236
18.663
13.883
-9.2793
-24.239
-12.616
-9.2201
-17.318
-16.749
-3.6412
15.85
-18.173
-18.647
12.088
28.813
10.791
-37.661
-15.024
-4.1429
7.7301
24.831
0.066627
-3.3163
27.324
8.9237
33.928
50.029
-6.4391
-23.226
-11.164
-19.738
-17.912
-38.971
-13.337
-4.7842
5.7273
1.1285
-2.1816
40.585
28.026
17.24
4.3419
20.493
37.206
-0.52435
-38.955
-26.382
-19.701
-17.404
-2.4716
13.501
7.4212
5.5884
-22.457
-50.277
-10.535
-3.338
-13.024
2.8898
26.615
21.224
9.6106
19.591
-6.9808
1.225
2.7477
-17.6
-7.3568
-22.456
-24.795
-17.698
-2.4639
32.088
25.371
23.372
30.681
8.9973
17.519
14.829
-17.952
-18.38
35.639
32.621
52.833
3.1218
-35.759
-20.682
-9.7816
-0.41081
-14.289
-2.1645
-6.3476
-54.945
-44.464
-29.59
-68.275
-62.428
-27.929
32.444
48.859
40.956
53.481
-2.6672
25.262
28.207
27.144
3.736
3.0226
9.8066
-1.002
14.814
-10.546
-12.36
4.5663
-7.0469
-40.235
-7.572
41.307
19.643
5.333
7.426
12.387
1.6423
-39.874
-58.706
-6.604
7.5725
2.2324
-2.5551
2.1147
4.5247
23.011
10.167
7.2461
3.558
-13.257
7.0125
10.457
-10.803
-27.063
-19.961
-0.55532
-13.864
8.89
18.37
13.688
-30.229
11.522
5.4966
-23.975
-9.1654
-3.3973
13.988
18.028
34.018
-9.3984
-17.638
-0.35292
25.989
23.937
19.862
19.066
0.68906
-31.918
-29.293
-24.481
-3.4432
10.61
23.526
0.9275
-37.143
-1.5942
5.822
-5.7973
-12.242
-0.40602
28.806
23.483
23.17
11.609
16.214
20.773
-28.378
-23.698
-32.835
2.6758
-13.245
-47.661
-34.999
-3.8726
-9.1634
2.8433
8.6478
48.509
