-15.433
34.172
12.777
7.4425
-45.559
-1.167
3.8599
22.904
25.595
18.031
15.266
25.49
7.0963
22.778
14.156
-6.8058
-52.434
-35.552
-14.001
-2.8325
14.434
18.068
37.103
18.682
-50.219
-45.511
-12.694
-24.381
-4.4528
5.3049
5.1995
-17.607
-6.7391
-5.6191
-1.8077
-6.4162
0.6769
5.2475
15.513
14.322
39.502
-5.7904
-14.235
-1.1963
-12.356
25.006
21.329
13.176
5.7383
29.856
-12.736
5.1792
16.054
17.837
11.079
-19.794
12.381
-41.023
-2.6667
-8.5028
-20.512
-2.092
13.943
-16.193
-30.911
-14.414
-32.241
0.43651
-6.1613
12.706
-16.603
-1.9923
6.9933
7.493
-1.9838
0.98543
18.77
0.66794
7.1168
10.251
36.379
40.854
20.741
NaN
NaN
NaN
NaN
-18.72
-51.804
-31.193
-19.533
-4.3673
-13.291
2.9442
-2.0004
13.566
20.769
15.071
12.031
7.5064
12.277
1.9959
3.0919
0.53591
-5.7137
4.0572
-12.894
-3.9734
-13.57
-7.4992
-7.2388
3.8619
11.678
-9.7499
-30.859
-29.94
6.9406
0.93949
12.323
18.882
32.269
11.274
12.473
-10.04
-38.372
-6.9085
-16.704
-16.296
6.4076
14.821
-0.047224
7.9091
40.768
27.82
20.226
-1.0829
-8.1811
3.6212
-23.689
-7.8989
-15.255
5.6292
3.0945
-11.339
-12.913
-27.212
11.566
11.665
24.849
11.96
9.8188
-7.9463
0.40431
-11.497
-31.211
-11.94
15.573
-9.1189
-1.9388
-17.136
5.4012
11.76
7.5365
-5.0558
0.51894
11.712
-3.5677
-14.42
9.6518
5.1431
10.961
-2.6719
5.5631
18.05
-3.1377
-13.355
4.3985
-19.543
-27.524
-5.2678
20.861
42.371
14.136
-11.132
-24.636
-21.633
10.423
25.358
18.2
25.286
14.607
8.6339
-21.125
-13.598
-12.829
-27.417
1.5701
-10.934
-13.049
-20.228
-12.873
-4.0496
6.2762
14.084
11.31
-0.80422
-3.6886
0.63915
15.929
-0.94347
-18.085
-12.893
-8.5302
34.167
32.758
0.80351
-7.2953
2.1616
21.572
12.876
-2.8683
-16.335
-1.963
-6.7836
-4.7087
-10.972
-29.864
-0.86792
-7.0354
4.3636
22.187
1.9459
-3.2413
18.734
8.3988
6.7316
35.098
0.21552
-5.1417
14.353
-1.5818
-3.8573
-35.784
-18.215
0.027901
-10.132
-34.863
-27.916
-0.88605
4.332
-13.306
-0.57228
20.165
-0.91882
-3.0207
-27.468
7.4945
20.943
11.135
36.964
27.215
31.601
14.11
-8.7201
-4.0524
6.801
18.07
14.116
22.049
-2.1057
-21.625
-17.795
-18.566
-62.66
-38.588
1.7104
-19.042
-18.561
8.6418
10.624
13.284
25.838
23.985
-2.9509
-3.8487
-6.5483
3.2555
6.86
15.175
22.698
-0.46967
-6.1608
-5.8444
-35.143
-29.712
-4.2956
20.113
27.297
15.825
26.501
8.2469
-16.318
-31.057
28.319
7.5513
-15.245
-27.199
-11.143
7.3048
7.4241
-1.9675
-2.2281
15.026
-1.0913
3.3467
-29.326
-8.4842
12.372
17.2
5.8265
-30.781
-29.816
3.7227
-7.7404
10.705
19.211
17.318
23.979
-8.992
14.754
27.203
3.5833
-3.8654
-3.6941
14.551
3.5465
9.6463
7.8315
-14.434
-3.5579
-43.247
-48.242
-10.103
24.045
-17.358
-35.66
-1.0131
5.4882
-20.559
-15.799
24.946
40.719
