-6.6231
11.723
3.7686
-7.9727
-22.147
7.3863
-15.764
-18.019
13.069
30.602
15.426
24.661
30.764
38.338
19.533
0.051584
-26.066
-35.288
-22.214
-7.06
10.16
29.645
36.414
-8.9177
-47.322
-30.524
-23.283
-48.757
-40.278
-3.4924
25.719
-7.6017
8.7756
28.173
12.237
-3.7085
-9.5372
-0.29526
36.172
32.832
16.896
3.7728
-8.0963
-9.8603
-25.221
26.6
14.219
-13.369
-10.528
-3.4546
-31.412
10.648
27.076
10.25
0.30507
-0.28639
24.358
-9.3595
2.6097
-5.1786
-23.541
-13.416
5.7033
2.7246
-9.1577
-18.055
-12.992
21.53
8.0481
-4.0649
-16.699
-7.63
-7.0452
-3.2138
-4.0462
-17.655
14.426
31.211
3.3648
-8.3663
32.541
40.335
20.567
NaN
NaN
NaN
NaN
-2.9485
-27.625
-37.092
-21.527
-1.3897
3.1851
-15.373
-20.547
11.109
14.134
5.7035
-3.4179
16.215
22.748
-2.8752
-4.4842
14.085
12.983
8.9558
-26.899
-16.613
5.0991
16.797
1.022
-1.2923
16.09
22.109
-14.227
-32.003
-5.8722
10.934
12.625
-18.721
-5.4915
2.6926
10.176
-19.949
-14.687
6.2428
-8.6589
-0.70669
-1.2922
11.435
-11.996
1.6362
24.53
19.202
8.8032
-1.5495
-6.4672
-13.783
-32.732
-20.57
-0.24186
26.46
25.43
2.941
-21.048
-21.662
3.2006
-0.39475
23.428
35.749
17.919
13.397
13.83
-14.151
-21.189
9.3105
25.829
-4.7755
-25.333
-33.285
1.2552
-6.876
4.5478
-13.004
-23.852
-11.952
-3.9787
7.1893
14.993
11.99
-2.0757
-28.014
4.5952
25.403
-2.558
5.2897
8.2859
2.8989
1.5504
-18.181
-14.437
1.6476
20.169
17.743
-10.196
-27.242
1.5995
18.562
12.591
16.089
9.9739
0.80223
2.5141
25.264
18.102
-17.509
-2.3888
11.716
-3.2517
-48.505
-31.273
-7.0597
8.2741
12.358
-9.7037
-22.29
-9.4445
-3.4162
-1.6632
8.822
19.482
-11.482
-3.7352
22.803
11.165
-15.726
-3.1136
18.578
37.726
16.473
-28.875
-45.26
-5.3748
-1.3809
8.2308
8.3279
-26.217
11.636
11.148
-1.4495
7.0769
11.156
14.747
11.135
0.33076
1.6265
21.785
-7.3279
-4.2814
0.94112
-11.505
0.66416
13.477
-9.7255
-18.306
-15.364
-5.3045
-3.3897
-4.0831
4.555
-11.293
-2.2626
0.69247
-10.747
-17.934
-17.594
6.1257
-8.4678
-2.5379
36.057
28.193
7.2255
-1.9941
-0.24927
-4.278
14.387
21.348
18.744
6.8467
-2.4959
-0.46948
12.267
-7.2451
-39.519
-11.154
5.7618
-12.284
-1.9668
-8.7336
-21.842
-1.5692
13.38
-2.2237
-5.9167
-1.0979
-0.33867
3.9069
12.968
20.166
14.794
-10.571
3.6835
22.528
-22.525
-12.031
-2.6186
4.0821
-8.3845
11.063
15.787
22.731
-3.3694
-21.726
-16.99
-10.861
23.394
-12.502
-22.678
3.8723
-7.4433
-11.158
-0.85602
16.727
-2.1619
-2.0098
2.7277
-12.014
-17.061
6.7638
14.831
-2.9243
24.372
8.1923
-18.501
3.2848
14.642
30.735
12.641
-11.764
7.1089
30.675
22.733
1.5687
-7.3316
-9.7932
-24.954
-12.909
-18.515
-31.517
-14.123
-21.784
-22.947
-5.4894
37.41
7.0636
-12.266
-7.4477
4.181
1.2774
18.201
6.518
5.3376
