-6.7323
33.568
-7.3548
2.1688
-4.2006
7.0719
-33.87
-1.7663
8.2406
28.252
9.6742
-34.388
-8.1309
19.208
17.284
-12.948
-9.916
1.7146
3.3359
-0.48026
20.46
4.0384
-7.352
10.913
-4.3659
7.6477
15.314
-4.2941
-17.188
-24.738
-31.07
-25.171
-21.763
2.4942
19.13
5.146
12.85
9.3869
18.109
22.402
9.1729
2.0487
-7.8593
-16.606
0.43088
13.949
24.471
-12.381
-24.76
9.8079
4.2624
-11.283
-16.868
11.089
7.0514
-2.3233
-35.285
-3.8529
-10.162
1.3757
0.15879
3.2313
5.3621
16.869
14.762
12.36
9.8672
18.261
9.4659
-0.96304
-37.377
-7.9964
17.333
-11.239
-0.34892
1.1865
0.74902
1.3286
18.963
11.136
-17.341
-8.4161
-1.5942
-2.6253
2.7623
-11.436
1.4948
8.2776
-5.319
-19.568
-21.401
2.695
1.1742
-3.6816
-28.709
-0.30083
16.701
-1.3205
-3.585
-1.0636
18.309
16.795
11.13
-14.431
0.25721
10.043
28.637
10.051
-3.5053
13.785
20.494
10.103
4.8059
-21.078
-12.055
-12.901
13.8
24.888
20.001
-2.9611
-12.889
-28.959
-33.828
-15.76
-8.1711
-12.756
-2.9494
-9.3738
-5.2095
-12.242
-9.3265
-6.4985
-15.648
10.672
3.2901
-2.2327
2.1506
3.4328
14.356
2.8266
11.975
4.3008
16.234
29.664
12.87
11.783
9.2174
28.035
29.848
27.812
-2.7378
-11.364
1.257
-15.984
-18.58
7.7774
5.2193
-29.707
-26.135
-25.03
-30.011
-25.335
-14.998
-17.393
-2.791
-8.033
-7.4223
9.2234
15.957
12.645
5.2182
-3.0533
10.206
-2.4849
-7.3647
4.2729
10.113
6.1186
18.765
20.287
-2.7512
11.828
24.561
14.8
7.4336
13.2
-1.576
-34.107
-13.742
13.538
5.9443
3.3509
5.9871
6.2138
-5.1023
-14.584
-12.631
-21.593
-11.035
5.1014
14.859
-1.7048
-29.346
-15.009
-14.378
0.9465
10.964
0.86751
-0.89709
-19.825
-3.2839
1.636
-1.97
9.9585
2.0845
12.491
10.394
-9.9185
3.8456
18.723
27.76
21.422
8.0185
-16.232
-16.259
-8.8967
-9.8062
8.584
25.451
14.703
17.839
18.743
10.35
-26.788
-28.569
-8.8241
-8.2801
-26.081
-16.45
-7.7633
12.882
18.804
-15.167
-8.9243
-7.9407
-8.6623
15.468
8.1985
-18.055
-1.4535
NaN
NaN
NaN
NaN
NaN
