-28.275
18.252
13.751
14.583
6.7111
-19.775
-16.157
6.483
3.3626
-14.96
-20.748
-29.652
-4.0694
-21.275
17.951
-4.3241
-20.159
-4.4089
-0.49395
11.596
18.522
-0.26631
0.68026
-2.0333
8.4566
27.455
26.229
24.26
23.041
-2.4735
-10.758
-41.312
-11.544
-8.7694
8.4995
-10.599
7.3789
-14.467
-11.45
15.191
-5.7966
-30.216
-60.214
-6.4952
17.946
37.514
-9.3719
-9.0115
-0.91046
13.8
24.99
25.033
37.488
20.291
29.317
3.3048
10.609
12.897
5.0592
-30.739
-14.621
-0.062398
-7.7863
-27.88
-10.952
-17.382
-28.677
-14.76
6.0766
4.7609
7.2193
3.6293
4.0961
2.4153
-10.802
4.6474
1.6015
2.4067
-10.454
-39.555
6.133
7.1549
1.528
-20.233
-0.86085
13.473
12.105
14.055
20.125
3.0166
18.676
9.3158
16.247
11.847
-1.4791
-3.844
3.6815
-8.5479
-9.6576
-11.204
-7.1125
11.775
-6.7404
-7.3674
-11.991
-8.0234
8.5851
12.97
-5.7465
-1.4563
16.011
8.6987
-17.547
-6.4453
6.3612
15.321
-6.5703
2.4471
1.922
19.896
-22.24
-40.139
-3.8011
-3.6816
-8.8844
6.2143
4.0576
12.794
5.9606
-7.7698
-11.937
-27.386
-21.044
-14.727
2.8883
0.91555
35.662
38.445
28.433
-2.448
2.5692
-11.621
19.548
12.752
10.288
-29.32
-12.293
0.29769
14.206
13.168
16.588
-8.3951
2.4916
5.4761
8.4005
4.5386
-11.293
-23.479
-44.653
-10.653
2.2514
23.247
-1.1025
-0.95597
9.7959
-20.507
-4.8774
-6.1473
-9.0622
-0.16254
6.7081
11.152
9.9459
-2.2576
0.57218
-7.1398
-3.6331
35.412
-25.139
-7.5587
-2.807
-1.1972
-20.265
-23.457
9.2405
29.933
3.5216
-0.34481
11.493
22.789
35.76
-3.7974
-17.259
1.0909
1.0311
7.921
-12.251
-24.637
-12.785
-0.11189
17.712
5.1267
13.388
-14.183
17.343
2.7607
10.052
-5.3469
6.7473
-21.165
-11.943
-16.208
-22.513
-24.656
6.8543
1.3651
23.873
28.848
-6.1791
-4.6672
40.54
26.029
2.9147
-25.192
-14.96
0.046456
-9.4448
-23.026
-28.325
-24.86
-7.8553
-12.032
18.025
-7.5839
-3.7278
12.657
10.111
-11.388
7.6186
43.132
28.076
-3.8154
3.8278
-4.2129
13.223
9.3038
1.9314
5.7411
31.351
9.1504
5.1999
-7.509
0.65708
-12.518
-17.447
-15.2
-40.579
28.492
8.373
-29.301
-18.826
-20.665
3.0316
-5.9271
3.9086
8.4144
-15.001
8.2319
19.713
-0.22847
1.0484
-21.095
-3.8943
-9.86
17.075
5.7696
8.1464
15.298
-0.2213
-6.4271
-18.565
1.6751
-5.3434
11.613
33.454
9.7546
-0.5535
-12.429
-5.2507
-5.3286
6.3373
-6.0575
6.4064
-0.53304
-8.7272
10.718
14.822
23.069
27.78
-31.875
-11.154
14.351
-9.6551
-31.115
-8.6902
2.1111
-9.9564
-10.646
8.2862
32.89
-0.43662
-16.453
6.0389
-17.148
5.978
10.57
16.992
-3.9918
-10.512
-24.452
1.2381
-20.555
-21.513
4.8896
10.71
9.1121
-19.588
9.5326
9.363
14.547
8.2939
-0.49687
10.757
1.0775
-0.56576
2.4737
3.5445
-11.895
-10.371
-7.0602
14.213
-1.6558
-19.488
-0.99402
22.059
25.501
21.151
-12.497
-14.93
14.448
31.753
28.947
-9.0536
14.966
1.6014
-3.49
-15.148
-10.079
-5.3074
-3.8128
-30.931
-58.406
-34.12
0.97739
-15.686
-5.434
-0.40545
3.9851
5.4297
-1.9989
-2.2522
6.3931
15.926
12.74
-10.77
21.106
22.585
6.115
-20.778
1.5454
20.811
44.41
34.996
0.52524
-18.686
7.0278
-20.125
1.537
