NaN
NaN
NaN
NaN
NaN
NaN
NaN
NaN
NaN
NaN
NaN
NaN
NaN
NaN
NaN
NaN
NaN
NaN
NaN
NaN
NaN
NaN
NaN
NaN
NaN
NaN
NaN
NaN
NaN
NaN
NaN
37.572
29.477
15.622
30.422
24.937
8.6316
-18.821
7.1896
-8.8818
-19.19
0.47747
8.5399
-7.7791
0.92505
-26.657
-52.708
-34.284
-9.6616
-10.629
9.6952
8.9034
-18.501
-6.5278
6.5863
2.0693
-8.9447
25.685
14.55
19.772
27.859
37.175
10.667
7.3519
35.589
28.54
NaN
NaN
NaN
NaN
NaN
NaN
NaN
NaN
NaN
NaN
NaN
NaN
NaN
NaN
NaN
NaN
NaN
NaN
NaN
NaN
NaN
NaN
NaN
NaN
NaN
NaN
NaN
NaN
NaN
NaN
13.868
1.9002
16.782
31.345
9.1222
2.9888
16.627
-5.7391
-23.468
-17.89
0.61094
14.138
-4.1744
-9.9489
7.945
11.196
-18.793
-21.851
-30.071
-20.721
16.158
15.39
-10.223
6.934
11.188
0.87198
-1.8996
-2.2693
12.932
38.489
15.556
6.4513
44.831
33.685
NaN
NaN
NaN
NaN
NaN
NaN
NaN
NaN
NaN
NaN
NaN
NaN
NaN
NaN
NaN
NaN
NaN
NaN
NaN
NaN
NaN
NaN
NaN
NaN
NaN
NaN
NaN
NaN
NaN
NaN
NaN
NaN
30.151
44.356
-0.91842
-32.438
4.5632
24.654
32.551
-66.95
-29.745
-7.0956
0.91146
-16.227
-0.49319
-26.967
-14.785
-12.233
-31.893
-5.201
-12.267
-16.908
10.425
7.3745
6.4978
22.213
17.048
-20.252
-7.3689
11.093
-6.0346
24.064
23.845
-2.5131
-0.7281
-9.0387
29.925
NaN
NaN
NaN
NaN
NaN
NaN
NaN
NaN
NaN
NaN
NaN
NaN
NaN
NaN
NaN
NaN
NaN
NaN
NaN
NaN
NaN
NaN
NaN
NaN
NaN
NaN
NaN
0.55105
17.862
-0.5907
-15.039
-14.759
24.659
-33.313
-59.33
-61.224
-18.125
-0.051922
-5.7904
-4.7548
11.645
12.942
5.0407
-6.5912
-9.4709
11.664
25.341
-19.252
0.74737
8.5304
24.161
-2.8207
-2.1538
-1.5124
5.5732
-1.4434
2.2306
-5.7219
-0.28415
25.82
7.6803
22.967
1.2834
11.476
NaN
NaN
NaN
NaN
NaN
NaN
NaN
NaN
NaN
NaN
NaN
NaN
NaN
NaN
NaN
NaN
NaN
NaN
NaN
NaN
NaN
NaN
NaN
NaN
NaN
NaN
NaN
NaN
NaN
NaN
NaN
NaN
9.2766
14.653
-5.2502
3.951
15.501
24.388
-5.3704
-16.928
-15.494
3.6554
-0.46846
18.54
-11.666
-7.2847
1.9956
25.658
11.211
10.38
-9.921
-7.3625
-8.5667
-2.9238
-3.6332
6.6028
13.706
-26.576
-3.4711
26.259
9.7869
-15.218
-39.274
-13.309
4.1584
24.16
NaN
NaN
NaN
NaN
NaN
NaN
NaN
NaN
NaN
NaN
NaN
NaN
NaN
NaN
NaN
NaN
NaN
NaN
NaN
NaN
NaN
NaN
NaN
NaN
NaN
NaN
NaN
47.569
17.972
-4.5688
23.664
8.2058
8.5367
25.016
26.386
8.9955
-9.4917
-25.855
-40.498
-42.771
-15.521
7.8583
-30.855
-41.458
-23.731
-28.331
-32.899
-41.083
-36.282
-18.499
5.3335
3.91
26.62
37.669
-3.4127
-10.317
9.1655
34.168
35.086
-12.863
-12.481
4.9824
27.474
30.966
NaN
NaN
NaN
NaN
NaN
