NaN
NaN
NaN
NaN
NaN
NaN
NaN
NaN
NaN
NaN
NaN
NaN
NaN
NaN
NaN
NaN
NaN
NaN
NaN
NaN
NaN
NaN
NaN
NaN
NaN
NaN
NaN
NaN
NaN
NaN
NaN
10.763
-3.832
-15.895
-4.7439
-1.3319
-2.786
-37.163
-18.928
7.506
19.641
9.2254
-19.307
-4.2557
16.563
21.335
27.093
42.065
23.663
-10.532
-4.6546
15.907
23.748
-13.021
-18.9
6.5992
10.572
17.325
12.546
2.751
-14.775
-8.7258
4.1687
-2.2416
-11.857
-12.315
NaN
NaN
NaN
NaN
NaN
NaN
NaN
NaN
NaN
NaN
NaN
NaN
NaN
NaN
NaN
NaN
NaN
NaN
NaN
NaN
NaN
NaN
NaN
NaN
NaN
NaN
NaN
NaN
NaN
NaN
-3.9224
-11.91
3.893
20.079
-10.11
-16.415
-0.089224
10.716
9.7883
-1.2011
-29.375
-37.037
-25.477
6.5217
-14.032
-6.2071
0.26437
16.623
11.103
-16.451
-25.263
2.1545
20.861
11.048
-20.643
-19.981
-9.6205
-4.0103
8.3196
22.865
5.1899
-7.3872
-11.174
-26.981
NaN
NaN
NaN
NaN
NaN
NaN
NaN
NaN
NaN
NaN
NaN
NaN
NaN
NaN
NaN
NaN
NaN
NaN
NaN
NaN
NaN
NaN
NaN
NaN
NaN
NaN
NaN
NaN
NaN
NaN
NaN
NaN
-19.479
-15.163
18.94
37.146
31.777
-40.855
-7.4697
-27.889
-49.092
-9.5488
1.7322
4.1984
9.8147
28.85
39.629
33.914
1.9398
2.5506
13.407
-3.7925
-2.3756
18.991
-10.084
-5.5785
11.82
14.378
22.401
20.092
4.6553
-22.605
2.3589
8.6683
-2.2351
-0.94509
-10.851
NaN
NaN
NaN
NaN
NaN
NaN
NaN
NaN
NaN
NaN
NaN
NaN
NaN
NaN
NaN
NaN
NaN
NaN
NaN
NaN
NaN
NaN
NaN
NaN
NaN
NaN
NaN
-10.064
-2.9701
1.412
5.4582
-15.54
8.5414
5.7751
25.669
39.43
-7.6007
-21.902
7.7498
-7.2373
-21.677
18.603
14.115
14.158
-7.988
3.2247
25.659
-1.7322
5.1959
-24.005
-15.841
10.23
13.341
20.859
-1.9313
-24.938
-27.622
-22.973
-46.519
-43.843
-31.74
-1.7708
3.0379
21.323
NaN
NaN
NaN
NaN
NaN
NaN
NaN
NaN
NaN
NaN
NaN
NaN
NaN
NaN
NaN
NaN
NaN
NaN
NaN
NaN
NaN
NaN
NaN
NaN
NaN
NaN
NaN
NaN
NaN
NaN
NaN
NaN
-14.353
-15.137
-3.2606
7.8386
0.15129
-3.6979
14.151
13.163
8.0952
15.59
-0.52885
-9.7694
-32.567
-17.478
-25.439
-8.0199
-11.403
17.768
32.493
21.323
-9.9771
-11.986
7.8468
27.751
5.0985
6.7653
11.646
-13.623
-22.313
3.9163
18.496
8.4674
-7.236
9.8906
NaN
NaN
NaN
NaN
NaN
NaN
NaN
NaN
NaN
NaN
NaN
NaN
NaN
NaN
NaN
NaN
NaN
NaN
NaN
NaN
NaN
NaN
NaN
NaN
NaN
NaN
NaN
10.855
25.251
26.181
17.65
-36.545
4.5304
52.136
34.624
8.2789
-3.5152
-33.863
-50.126
-27.699
0.56181
-5.4827
23.427
37.378
26.14
34.877
12.966
14.3
29.114
24.325
6.1327
-1.771
-10.309
-23.053
-5.9009
9.7905
-0.32992
-47.44
-46.763
24.263
13.176
-36.546
-43.982
-31.892
NaN
NaN
NaN
NaN
NaN
