-19.997
19.482
13.48
-8.7617
9.603
-32.798
-20.691
-42.179
-33.487
-11.866
25.198
31.912
32.214
41.692
-22.316
-4.9129
-50.673
-46.391
7.1427
38.987
-0.23247
35.431
12.831
-23.046
-64.354
-86.711
-55.669
-41.558
NaN
NaN
NaN
NaN
NaN
NaN
NaN
NaN
NaN
NaN
NaN
NaN
NaN
NaN
NaN
NaN
NaN
NaN
NaN
NaN
NaN
-39.26
-42.983
-51.239
-5.9333
11.854
-15.678
-9.4352
-1.5831
42.401
-5.3804
-7.672
-34.869
-33.049
-17.967
-22.517
7.676
-1.2571
-29.741
-33.671
-5.8227
5.709
-14.903
-21.952
2.991
18.689
1.9227
NaN
NaN
NaN
NaN
NaN
NaN
NaN
NaN
NaN
NaN
NaN
NaN
NaN
NaN
NaN
NaN
NaN
NaN
NaN
NaN
NaN
NaN
NaN
32.668
26.961
2.2724
-5.4736
-12.761
-20.958
-5.1015
-51.264
-12.432
-10.193
-38.39
-23.475
-13.062
-0.087769
-2.4662
25.425
14.745
-13.932
-19.02
-6.8973
NaN
NaN
NaN
NaN
NaN
NaN
NaN
NaN
NaN
NaN
NaN
NaN
NaN
NaN
NaN
NaN
NaN
NaN
NaN
NaN
NaN
NaN
NaN
NaN
NaN
NaN
NaN
-15.69
10.787
20.498
23.773
12.099
51.904
89.158
79.179
75.719
-14.125
-23.042
16.699
3.9902
-18.07
-29.514
-33.354
-43.427
-46.611
-40.963
-56.461
-80.951
-62.809
-48.775
-33.706
-19.151
-56.049
-53.793
-30.114
NaN
NaN
NaN
NaN
NaN
NaN
NaN
NaN
NaN
NaN
NaN
NaN
NaN
NaN
NaN
NaN
NaN
NaN
NaN
NaN
NaN
NaN
NaN
NaN
NaN
-33.438
-47.896
-56.07
-19.135
-9.9128
14.855
-11.309
-36.824
-15.946
-2.4818
13.752
-12.856
-9.2233
15.222
15.237
-24.637
-48.098
-55.017
-45.688
-3.9719
11.533
-13.984
NaN
NaN
NaN
NaN
NaN
NaN
NaN
NaN
NaN
NaN
NaN
NaN
NaN
NaN
NaN
NaN
NaN
NaN
NaN
NaN
NaN
NaN
NaN
-42.606
-10.875
-3.649
-37.759
-39.871
-23.447
-2.3263
-4.0133
-37.296
-65.441
-38.012
-22.303
-26.625
14.689
30.761
-38.024
-60.912
-32.823
7.9496
15.162
29.13
30.471
-11.737
-30.736
14.662
NaN
NaN
NaN
NaN
NaN
NaN
NaN
NaN
NaN
NaN
NaN
NaN
NaN
NaN
NaN
NaN
NaN
NaN
NaN
NaN
