-30.298
37.121
-7.9348
-23.094
-12.538
10.032
-12.213
43.583
74.303
19.963
-60.292
-37.073
-57.944
-24.176
-51.543
-58.896
-32.859
-48.976
6.831
40.045
37.219
15.506
-27.241
-83.995
-53.266
-65.544
-66.039
NaN
NaN
NaN
NaN
NaN
NaN
NaN
NaN
NaN
NaN
NaN
NaN
NaN
NaN
NaN
NaN
NaN
NaN
NaN
NaN
NaN
NaN
NaN
NaN
31.296
38.425
19.979
-17.47
-48.324
-54.665
-34.705
-60.115
-8.7456
-5.3899
5.7198
-48.023
-42.089
-51.43
-50.766
-38.24
2.9061
-5.6039
17.55
-3.2589
-9.8536
-20.048
-5.5922
12.037
17.425
17.641
NaN
NaN
NaN
NaN
NaN
NaN
NaN
NaN
NaN
NaN
NaN
NaN
NaN
NaN
NaN
NaN
NaN
NaN
NaN
NaN
NaN
NaN
-6.2807
0.82377
12.892
16.117
-18.41
26.2
6.043
-17.879
-36.038
-17.442
-26.446
1.4149
-12.749
-52.083
-77.064
-65.55
-27.504
-1.9239
-0.9972
-15.431
-29.227
-2.2695
NaN
NaN
NaN
NaN
NaN
NaN
NaN
NaN
NaN
NaN
NaN
NaN
NaN
NaN
NaN
NaN
NaN
NaN
NaN
NaN
NaN
NaN
NaN
-6.2931
-36.297
-60.47
-39.429
-33.047
-33.923
8.2945
21.986
10.87
-39.581
-41.186
-35.496
-49.341
-24.849
-0.052918
29.038
25.836
-6.9121
-30.387
-11.674
9.2738
3.8531
30.006
-4.4175
-5.4608
-17.36
NaN
NaN
NaN
NaN
NaN
NaN
NaN
NaN
NaN
NaN
NaN
NaN
NaN
NaN
NaN
NaN
NaN
NaN
NaN
NaN
NaN
NaN
NaN
NaN
NaN
NaN
-87.686
-21.826
20.406
-4.4627
-18.694
-19.421
-21.354
-0.16098
11.644
49.184
9.5975
-33.432
-45.818
-27.235
-2.7021
-9.8747
37.638
11.304
4.3112
27.646
38.705
6.3932
-5.8585
-30.869
-70.431
NaN
NaN
NaN
NaN
NaN
NaN
NaN
NaN
NaN
NaN
NaN
NaN
NaN
NaN
NaN
NaN
NaN
NaN
NaN
NaN
NaN
NaN
-41.183
-2.8308
-40.316
-24.248
-3.567
16.89
38.017
23.287
29.594
19.088
25.391
8.6543
1.6687
-20.409
11.357
22.069
-13.145
-8.1167
15.896
-12.889
-16.038
-36.262
-15.244
-26.528
-51.09
-33.773
-20.795
NaN
NaN
NaN
NaN
NaN
NaN
NaN
NaN
NaN
NaN
NaN
NaN
NaN
NaN
NaN
NaN
NaN
NaN
NaN
NaN
NaN
NaN
