-2.9201
15.007
9.5584
-1.3588
-6.5291
-13.902
4.6919
-5.7945
6.9418
-29.425
-2.7798
22.299
12.293
12.463
9.6823
-5.249
3.8165
-8.0812
-6.1494
-0.90024
-44.103
-49.755
-34.543
-7.1433
-22.059
19.187
10.421
14.57
NaN
NaN
NaN
NaN
NaN
NaN
NaN
NaN
NaN
NaN
NaN
NaN
NaN
NaN
NaN
NaN
NaN
NaN
NaN
NaN
NaN
-2.0572
-3.2581
-33.181
25.686
33.342
7.8531
28.642
26.076
17.091
-6.1743
42.782
34.813
23.924
-4.7697
-16.365
10.582
5.0681
0.72679
-46.037
-18.049
-41.196
-58.324
-34.889
-37.437
-31.158
-28.391
NaN
NaN
NaN
NaN
NaN
NaN
NaN
NaN
NaN
NaN
NaN
NaN
NaN
NaN
NaN
NaN
NaN
NaN
NaN
NaN
NaN
NaN
NaN
14.868
-8.3741
-8.6646
-2.2391
0.72047
-18.166
-51.167
-58.918
-43.243
-5.8592
-8.3312
-24.237
-35.541
-40.417
-32.274
-11.037
-0.45779
5.466
1.4124
11.944
NaN
NaN
NaN
NaN
NaN
NaN
NaN
NaN
NaN
NaN
NaN
NaN
NaN
NaN
NaN
NaN
NaN
NaN
NaN
NaN
NaN
NaN
NaN
NaN
NaN
NaN
NaN
-29.223
-6.1129
-26.531
-12.421
8.6085
-2.054
-2.2307
-35.256
-31.073
0.69796
21.726
0.19411
-20.567
-5.7462
-6.1556
-10.044
-6.3263
6.3349
47.528
53.329
55.666
24.656
6.7678
-16.997
-17.517
-32.671
33.451
19.017
NaN
NaN
NaN
NaN
NaN
NaN
NaN
NaN
NaN
NaN
NaN
NaN
NaN
NaN
NaN
NaN
NaN
NaN
NaN
NaN
NaN
NaN
NaN
NaN
NaN
-17.02
-38.524
1.8936
20.514
14.21
26.185
-0.043193
-8.8391
-5.1605
-8.7336
-21.32
4.023
17.399
12.292
24.761
10.285
9.9061
16.214
-23.128
-18.54
-26.571
-36.692
NaN
NaN
NaN
NaN
NaN
NaN
NaN
NaN
NaN
NaN
NaN
NaN
NaN
NaN
NaN
NaN
NaN
NaN
NaN
NaN
NaN
NaN
NaN
-14.588
0.54299
25.729
22.794
30.616
5.9092
0.48074
-18.095
-12.219
0.11244
33.82
39.106
1.2319
-14.366
-14.831
-25.441
-28.236
-57.079
-45.145
-11.777
-0.54257
-17.569
4.5535
-31.118
12.472
NaN
NaN
NaN
NaN
NaN
NaN
NaN
NaN
NaN
NaN
NaN
NaN
NaN
NaN
NaN
NaN
NaN
NaN
NaN
NaN
