-47.04
-33
13.284
38.559
-1.2381
-33.151
-17.621
18.689
30.956
0.17946
57.688
4.6157
4.6699
21.01
28.402
18.792
51.545
29.279
31.094
5.9512
41.614
-11.523
1.6403
-46.951
-30.858
-16.128
-4.0521
2.8872
42.082
27.865
-12.641
-22.972
-16.266
-48.769
-44.727
-26.63
-38.093
-19.518
43.855
67.154
44.385
15.225
-14.355
-28.942
5.3892
-5.4891
-21.919
6.2009
-0.83397
-54.162
-105.83
32.672
25.586
-31.612
-47.702
-29.623
45.263
42.673
9.6359
24.82
48.913
1.5343
-13.794
37.898
35.826
5.563
34.442
22.822
-8.9754
-12.262
30.589
8.9271
44.39
-6.0087
-21.846
10.05
-11.736
-61.371
39.474
-7.5447
-30.289
-1.641
-2.0917
3.5855
-36.539
11.051
9.2788
-49.591
-20.321
-30.531
-14.534
6.4272
-46.709
-57.178
1.8919
-11.696
28.89
-3.4916
26.753
17.679
-17.773
-41.647
46.449
42.296
19.339
40.058
-1.8582
11.028
10.702
33.409
24.982
7.054
33.564
0.41077
-7.4733
-2.8715
17.111
-13.64
10.38
12.525
-14.292
-17.824
-9.7058
-20.036
43.387
-38.273
82.096
-29.618
22.928
-17.258
1.1859
-54.401
-64.549
-37.304
-80.822
-10.755
-6.5312
-29.586
-29.525
40.059
35.653
-17.085
-42.961
-4.9963
-6.303
29.974
8.7742
19.938
-8.7595
-6.2374
17.297
73.312
28.529
21.606
44.437
52.696
27.19
34.898
5.205
9.6078
49.318
21.136
-0.62881
-58.95
5.2912
-20.764
-16.032
-12.494
-0.59787
-12.24
-21.083
8.5402
-36.081
-76.734
-29.004
-54.202
-50.41
-32.223
-25.631
-32.767
-31.803
-61.678
77.829
12.742
41.066
46.632
63.365
38.286
30.424
35.818
-20.647
-18.642
58.779
0.10506
-13.654
13.243
24.834
18.735
-5.5971
-10.313
-29.445
-10.405
5.764
28.16
-37.517
0.16865
-2.0062
18.381
-27.714
-41.288
-42.776
NaN
NaN
NaN
NaN
16.899
-17.364
9.7992
0.064239
-33.944
-40.464
-35.381
-47.95
-50.617
-56.053
-42.677
4.6101
-31.982
19.754
15.802
8.1845
7.3822
-24.365
-12.727
9.3546
1.8281
32.006
9.9482
-0.69247
26.983
21.179
30.46
47.228
65.196
1.6823
3.9663
-11.644
38.267
10.082
50.795
-4.8353
-1.0972
-18.366
-5.624
9.817
-13.811
-10.745
-1.951
12.405
-48.26
-8.0412
-17.584
-35.066
-30.101
-41.677
-17.863
-15.191
-3.923
-26.334
