-21.842
6.2512
-14.381
5.5524
-30.793
47.767
-14.391
16.278
-1.3517
16.073
10.292
-25.652
45.963
34.565
-21.164
22.195
12.567
-35.023
18.681
34.671
3.9845
-25.229
-0.48124
-7.9405
1.3309
10.948
-18.9
-23.077
45.432
9.2619
-33.332
-2.1269
0.64146
20.477
-0.74438
3.3371
-13.561
-75.936
-6.1949
9.3565
-15.37
5.5611
13.649
15.962
2.1421
-69.25
-56.37
-0.03179
9.6711
-10.682
28.404
-7.1214
-1.522
25.122
-41.14
131.28
0.084792
4.6968
-11.94
48.41
54.768
12.722
-8.6278
-21.342
-24.128
-12.551
17.755
-4.5631
-1.5666
5.2705
-10.509
-16.914
14.67
-19.484
-6.5752
-44.759
29.693
-32.735
26.904
-9.6731
-12.38
4.8541
-12.066
-12.296
1.5239
-6.9882
-13.805
19.781
9.4479
17.353
20.611
-3.9234
1.8666
6.9646
-6.1218
34.887
16.566
-27.369
-35.451
-11.915
-5.8207
-2.3695
-32.15
16.611
-74.988
86.322
49.161
-24.862
-13.319
-43.797
-13.819
-1.0555
36.692
12.648
38.303
3.6943
40.421
-17.998
-4.6753
-6.5465
6.1666
33.136
-12.29
8.3408
4.2204
-59.787
21.278
19.57
-39.777
-23.268
-3.0601
-32.394
43.229
6.6182
30.417
0.44727
-32.236
16.149
12.507
-14.817
19.703
-32.738
-34.414
9.98
31.744
24.881
23.821
-6.7635
-20.638
-30.63
15.238
-36.377
-32.871
-21.108
-12.848
16.22
-16.709
-23.91
46.092
17.888
-30.511
-20.758
-3.7171
-35.991
3.0333
56.449
75.23
46.43
11.821
16.532
53.819
53.578
-37.566
9.0152
-38.477
21.536
0.24823
18.269
-1.6668
-23.954
-30.986
6.8062
-29.318
-7.5776
-10.927
-29.97
-25.543
-17.025
-69.533
-25.89
-29.451
27.853
-13.105
11.025
16.362
6.3673
25.53
2.4588
-50.642
7.6046
43.257
-0.89089
-20.677
27
0.96068
-6.7459
-21.564
73.169
30.641
13.491
24.102
47.78
41.851
17.31
-13.823
-35.943
19.827
-24.835
-8.5388
19.715
10.226
-9.8741
-51.979
-27.184
-47.833
-27.647
24.953
-47.684
1.6083
12.346
10.019
46.718
-2.9763
-16.793
-0.12352
24.08
-14.888
13.248
-33.259
7.6557
29.426
25.561
-19.135
-26.791
-32.555
-42.335
-10.796
-27.822
8.897
72.025
-104.32
55.477
4.1155
-1.8671
1.6277
-17.101
8.4603
17.371
30.622
32.73
32.387
71.729
68.368
6.243
3.3813
-0.78447
-17.07
16.271
-5.3606
1.2207
-13.092
-48.892
-16.413
-27.748
-3.8908
-11.73
-15.404
-63.167
-3.5633
-29.135
-22.476
8.2806
-14.346
-38.67
13.008
-4.9696
31.502
26.632
41.625
