-11.178
14.571
-15.187
34.404
9.5993
-3.1595
24.092
-32.14
11.814
5.5238
-3.4144
3.135
-24.666
-31.192
32.567
-0.90634
14.874
55.065
-61.823
55.416
1.4626
-17.448
16.317
-4.2521
-18.368
-8.8125
-21.344
-15.168
28.164
-16.048
-48.273
23.102
26.321
-4.5088
4.1497
6.8419
10.651
-33.358
-31.877
32.594
1.0545
0.60333
-11.073
14.074
-23.257
53.687
-12.662
-4.998
27.722
5.7616
18.137
16.174
-22.114
1.1902
0.080103
23.388
-30.556
-50.09
-33.85
39.143
2.3615
-16.022
-14.87
8.1696
9.8946
5.7373
5.1994
-2.7114
7.3694
7.263
-4.0729
-30.04
4.4964
2.1029
16.08
-7.5338
6.9889
23.897
13.406
-26.559
21.276
-18.488
24.169
24.873
-9.3976
-26.041
-6.359
4.2634
15.45
-27.289
-12.528
2.2446
0.86498
-16.977
-31.054
14.18
-3.4828
46.653
18.269
-24.003
1.6175
22.183
-9.8362
-43.664
-0.67734
10.818
-7.7595
21.442
-0.38334
-11.812
32.706
-6.6508
30.516
11.956
-19.591
-42.324
6.5728
12.765
28.704
-4.4196
-19.681
2.2723
-3.8147
-24.486
-15.697
5.1958
26.11
9.3672
11.06
18.545
2.6095
-10.4
-30.436
-21.299
-24.481
29.267
-2.8767
-16.811
-4.1577
23.805
-6.3848
-15.84
17.804
10.094
-23.397
15.756
-26.334
-30.142
68.902
38.136
41.847
4.3405
-30.526
9.5091
14.961
-31.117
-7.2575
-16.271
-11.313
-11.577
6.5596
20.606
-5.6274
8.4304
-5.1632
-28.417
-24.227
2.4943
-12.363
-66.181
16.773
42.133
8.4618
26.831
3.2676
11.125
-1.6389
6.0246
3.7284
-25.912
-16.538
3.3334
12.691
19.215
17.264
42.049
6.0361
13.912
-2.9807
7.1913
8.358
-14.057
-28.323
-21.146
-9.9897
-8.2113
-53.172
-38.847
-15.511
9.3376
-18.952
-10.874
19.222
38.038
22.251
6.3882
29.142
4.2724
28.194
44.605
11.092
-11.834
-2.3996
-19.947
25.48
-40.11
-11.777
-1.7421
-12.847
1.9117
-27.927
-29.915
-4.6054
-14.934
28.245
9.4867
-20.025
18.168
-1.8853
-25.008
21.959
33.675
-6.6269
32.426
7.1158
1.444
-2.1045
-33.103
1.9419
29.842
-2.4144
5.7036
14.651
-1.8024
-34.489
-16.203
-9.1338
2.5273
38.244
-39.248
1.8696
-1.0065
-8.8843
-19.334
8.5377
