1.2702
-0.43837
6.9789
11.001
21.247
11.403
-26.755
-2.0691
3.3005
-0.38525
-5.9521
8.6224
-20.519
-10.179
-51.141
-54.186
-4.1233
25.198
13.795
31.864
35.629
6.9829
13.821
10.709
12.317
13.637
5.491
-34.128
-34.185
-27.072
-5.503
9.0966
9.5952
6.8681
5.1871
1.9426
16.309
5.8766
-4.2404
-6.532
-4.1191
-11.213
6.7373
24.587
18.985
-10.334
-34.923
-23.788
5.6436
4.6837
-14.521
18.432
26.658
27.986
-6.658
-6.2164
-20.534
-4.6644
23.852
-23.903
-42.174
-13.842
7.6812
9.1916
1.9133
25.771
17.651
-5.025
-3.4303
22.366
15.624
7.868
-5.7706
-15.24
-3.2216
15.347
18.24
15.636
-34.526
-27.632
-17.497
-8.4781
-5.379
-0.30645
-5.4461
-13.343
-6.5278
-4.2562
10.719
3.0058
24.472
10.866
-6.5357
-3.4576
6.7927
-11.094
-15.011
9.1959
23.255
2.2196
3.6922
18.654
11.62
-42.632
-21.141
37.333
8.8576
-0.3923
9.973
6.4076
13.56
-0.3318
-13.915
-17.617
-12.492
-26.05
-47.048
6.3209
58.522
38.76
1.9848
17.327
51.469
10.31
-44.499
-41.338
-47.747
-16.48
-3.8999
7.3131
-7.6739
9.8271
15.251
1.9918
-8.2366
-13.572
3.1436
-10.05
-13.413
30.699
-9.0408
-10.681
3.1118
-3.3541
-6.1163
-15.123
-6.4401
18.603
29.092
16.466
-3.3624
9.1298
37.106
17.649
21.946
27.115
19.644
-5.9437
-36.603
-21.47
-11.878
8.2798
33.044
19.946
-31.984
-31.993
-22.17
-31.814
24.843
12.555
-64.541
-44.399
-24.863
-3.9332
17.431
6.352
-4.0135
0.54731
0.76712
25.202
39.169
19.297
12.478
5.0834
10.445
-4.0196
2.1923
-22.848
2.7838
-7.0138
-17.019
-10.501
7.5677
34.633
22.453
-5.0408
-11.785
-0.96022
3.0733
29.824
-17.96
-6.5368
7.6554
5.4234
6.5484
-2.5851
4.6847
29.432
15.01
27.334
11.223
-33.148
-29.177
-24.385
-32.929
-19.405
-38.785
-31.413
-27.939
-24.231
-2.9079
2.3955
8.2953
18.987
44.002
35.422
28.43
19.209
8.3106
-0.29423
-18.046
-27.149
5.9053
13.52
-2.2581
5.2597
6.7386
5.2979
-3.5451
25.933
0.53469
-20.152
16.694
18.773
31.157
-2.3684
-18.38
-24.485
-21.749
-22.592
7.9192
-19.055
1.0132
25.226
13.233
4.4387
-0.1432
7.7571
-1.1387
-4.8969
-40.766
-27.765
-42.823
-6.2456
28.643
32.739
-1.1659
-6.7612
10.504
2.0946
-0.38192
7.3462
2.4843
-4.4119
-22.285
-10.09
8.6122
36.717
25.735
18.631
3.7511
-15.332
-18.677
-21.177
21.953
20.181
3.0027
-8.6686
-20.395
