1.3626
5.5689
-21.409
-45.13
-23.219
-24.754
-47.299
-26.395
-1.0069
39.349
32.177
33.171
-2.4838
-14.499
-29.486
-51.196
-30.585
10.258
31.458
31.629
23.795
8.7422
-3.0736
10.263
21.025
36.714
34.898
4.3221
10.076
4.6479
18.31
6.6724
-19.633
-28.454
-29.833
-32.766
-8.9241
7.1099
6.0472
-14.956
-15.901
-18.578
-8.1169
11.516
13.011
0.42716
-0.88227
-8.423
27.131
14.613
-30.07
-12.959
-28.635
-8.1982
9.5351
15.395
4.7056
20.969
19.723
-0.90461
-5.9123
8.6023
5.5705
3.1843
-16.014
-21.907
1.9628
18.771
18.432
21.773
20.349
-0.51272
-38.188
0.081518
0.75966
0.18382
25.551
15.824
-13.058
-10.081
-13.027
-18.5
0.91515
-4.5031
-33.661
-10.56
1.1343
1.7934
10.244
3.1564
-10.636
-6.0037
8.3336
12.311
22.308
14.464
-1.5741
-14.133
-3.8983
-6.3075
-8.7349
9.5375
8.7943
-32.554
-29.167
16.868
14.371
23.125
20.916
-0.11794
11.601
10.805
8.3785
8.1852
6.6525
-54.273
-22.296
7.8717
46.308
35.967
13.018
0.46404
8.438
-14.914
-53.493
-50.092
-20.293
-13.988
-13.305
-12.816
-3.43
10.017
15.008
23.893
23.62
3.4011
4.7661
-0.9968
1.0481
1.8904
-0.57692
-1.2436
7.0441
3.4414
-3.2569
-11.184
-6.1518
3.3206
-7.9838
-4.0264
40.424
34.907
38.21
-7.8996
-20.948
-10.07
16.824
-1.3123
-46.777
-36.848
-3.6842
-6.6925
33.836
51.558
16.233
-45.692
-26.014
-27.121
17.365
16.342
-32.604
-49.193
-19.253
1.2397
9.3282
13.316
14.093
27.779
3.229
0.58657
31.334
19.398
12.132
13.837
-4.0061
-25.272
-2.0121
-16.878
-7.7074
15.523
-10.733
-20.298
-3.3625
8.4989
16.747
24.736
16.841
10.776
-9.4674
6.3204
-8.8154
-14.892
-20.616
-1.0342
-10.211
-0.19807
23.527
45.943
30.585
-33.136
-59.523
-55.631
-19.844
10.703
-0.22405
-0.068702
-20.139
-4.7865
1.7285
2.1042
4.1214
8.0954
22.219
18.371
27.036
29.455
26.206
27.37
0.48428
-13.905
-7.2826
-10.055
7.0798
-6.4417
-17.403
-6.2995
2.7463
-2.4466
-14.176
0.88569
-28.486
-31.694
27.603
37.758
34.651
-14.551
-59.908
-33.358
9.4715
-3.1889
-23.451
0.85983
10.118
23.175
33.673
32.776
32.266
30.337
13.478
-1.73
-32.259
-19.014
-55.194
-44.69
-15.71
2.2282
-10.509
-4.744
3.3804
11.167
6.0243
13.146
11.897
9.7713
9.477
-16.944
-6.3917
12.121
15.546
17.583
30.643
23.342
25.088
-3.7743
12.719
-0.25856
-11.168
-7.0426
-3.2744
