-3.9472
-16.167
-11.099
8.8661
3.5547
-20.922
-25.688
-2.6347
7.6405
3.6923
33.365
16.889
9.4445
11.129
1.4248
22.372
21.989
26.62
-13.373
-11.111
5.7388
-5.8586
-16.639
0.041969
16.806
14.22
-4.607
-12.857
-8.4699
-12.5
-21.006
-7.4516
0.73528
-10.484
9.2524
-0.71489
1.4464
-12.473
-8.7795
4.7068
31.976
20.948
0.62155
13.954
0.72209
-20.455
-22.535
-13.986
-12.35
-7.2928
-18.281
-5.5221
8.5215
10.295
13.92
29.546
28.994
11.71
12.899
-10.323
-42.361
-28.254
-25.274
-13.228
0.45186
2.9319
7.3244
28.083
36.588
37.65
33.217
-2.8545
-33.593
-7.474
-6.2804
18.483
9.0865
-6.4248
-27.898
-25.49
-15.351
1.2115
-4.6541
-8.1883
-11.459
6.404
8.5151
-8.8399
4.7437
8.499
20.3
17.751
11.803
-12.562
-10.603
-10.444
6.997
16.819
10.568
-32.669
-19.448
7.2664
3.4237
-1.5101
-0.30005
-6.7313
-12.512
-12.617
-1.6218
-1.1482
16.961
1.7314
10.305
14.461
4.5811
8.8595
14.458
39.653
1.8714
-12.731
-17.528
-15.654
-0.65632
0.68227
-6.7484
2.2864
-2.9949
-10.704
-12.917
-8.194
5.9556
2.758
-5.2872
-22.679
1.5822
2.0782
20.373
11.895
10.075
7.3829
11.355
22.687
21.599
-19.067
-38.337
-11.12
5.7595
0.25283
-17.789
-32.886
-10.314
-4.035
-1.2202
0.67116
-6.7202
24.866
24.284
23.601
7.9626
2.4091
0.25695
-3.0696
-5.5445
-8.5642
14.463
7.727
-22.716
-12.118
-5.4108
-0.20109
6.9428
12.595
3.8435
0.040915
20.61
-4.2727
-5.3696
-6.2075
-2.2549
1.4119
25.074
16.05
1.6949
-11.575
-3.6964
-3.1447
-10.486
-16.077
-20.081
4.8843
-6.5465
-26.758
-19.49
-3.6407
-4.3261
0.68712
-14.932
9.5127
18.205
21.213
21.341
14.604
5.5782
9.629
1.3158
-8.6142
-26.631
12.663
29.597
33.641
-0.208
-26.48
-12.096
-6.6901
-11.585
-3.0504
3.6934
-12.835
-13.916
10.534
8.6647
26.784
7.6878
-6.0227
-7.3604
-9.2071
-15.445
-25.325
-6.4188
14.215
33.452
11.334
4.3158
6.7784
1.8869
13.591
-12.059
-12.519
-17.386
-6.2796
-15.09
-12.161
16.972
-20.621
-25.661
4.8235
17.146
7.6584
-13.158
9.1709
-1.9589
-4.9186
-3.6039
8.8659
15.852
1.4929
13.558
6.2848
1.348
-1.547
8.0975
7.1276
12.894
20.267
-8.7514
-8.4716
10.586
-1.5043
-3.7391
-2.8393
1.9281
15.235
-12.025
-13.501
4.8195
1.3692
-0.68184
-28.415
-9.4456
-7.4872
-2.3264
-8.1507
