-5.3523
1.8036
-9.7383
-26.163
-3.0912
15.835
13.417
-12.141
-21.475
-28.095
-45.482
-20.742
-13.878
-42.916
-24.546
16.695
21.186
6.4076
2.6457
10.455
6.859
-2.0309
22.682
26.301
1.9533
-1.3113
35.496
21.561
-5.3379
9.1559
0.31992
-14.787
-3.6411
-4.6472
-14.75
2.315
9.5416
7.9253
1.677
-10.058
-16.273
8.7247
-11.334
-20.444
4.5665
2.3458
16.959
20.58
-15.059
-2.2677
-9.3634
-5.4897
-5.1897
18.341
24.984
20.161
-20.649
-26.129
-0.18851
-8.5409
-11.484
-4.2501
-1.7258
-23.199
-6.2256
-1.4083
10.414
9.9141
19.097
13.471
4.3644
5.8735
-10.445
1.2492
4.6419
13.762
-10.311
7.9252
10.913
4.2364
-21.899
-28.45
-26.133
-2.7413
-1.8577
10.709
12.84
9.0621
19.873
26.537
30.375
-0.56039
-18.542
-10.954
0.50355
-9.3897
-17.333
-6.2356
6.8824
9.6737
-18.686
-11.258
2.8021
0.11358
22.857
9.4148
-6.0817
8.7444
1.6452
-8.652
-24.266
-2.0002
16.896
4.7049
-11.887
14.398
-12.151
-47.439
-21.921
-20.603
5.8834
4.4028
12.643
21.406
-6.2334
-8.5526
13.164
4.8669
6.5277
27.046
25.696
26.984
45.87
12.207
-14.435
-15.058
-23.354
-1.8478
15.589
15.899
2.5683
-6.7386
-8.4956
-14.466
-6.175
-8.4718
-6.3468
-31.286
-20.588
-49.579
-11.97
-2.2804
11.523
8.3052
-0.28978
16.067
8.0665
-15.55
-16.993
-14.952
6.5447
-9.2322
19.07
20.178
6.0941
1.1723
14.114
22.691
10.486
11.748
28.224
25.34
8.5825
8.3145
0.77757
2.2919
8.4883
-10.371
9.1925
18.392
19.995
-22.834
-34.359
-28.582
-36.593
-37.979
-7.2029
-7.6379
-4.9934
3.3369
0.068533
2.3
-8.8585
-36.314
-21.082
-13.601
19.704
10.373
1.805
1.6325
-1.7747
-2.4616
25.847
39.114
35.45
3.3328
1.6118
15.672
-15.018
4.4576
5.6405
15.775
15.109
21.281
1.8855
3.8463
6.2718
12.697
-23.134
-19.913
-2.0432
1.2594
-2.9051
14.86
10.248
3.4041
-16.513
-35.323
-38.661
-49.474
-14.745
-36.653
-16.916
3.6968
12.494
5.8163
-17.113
0.82997
8.2235
8.3645
1.3743
18.279
24.074
26.205
21.6
33.927
21.665
1.2082
3.1965
7.0762
13.881
-1.1752
10.296
6.4058
9.5305
