-0.65462
-8.1984
-25.575
-27.664
-13.493
-1.2051
5.491
15.896
19.741
12.563
25.964
8.3295
0.18539
7.0059
0.43928
1.1912
18.403
17.462
0.43476
-12.383
-3.6536
-0.63369
-2.3043
-0.087102
-0.99001
1.2042
-7.7661
-16.538
-8.9971
-0.22301
-0.064876
-22.367
-5.6756
-3.4434
4.6158
3.7376
11.436
7.1412
4.9726
9.9595
3.1707
0.19711
2.6844
-4.7113
4.9953
21.978
-10.376
-22.569
-34.074
-19.503
0.0095352
6.509
11.885
11.53
5.2137
19.926
15.314
21.371
0.51594
0.92102
0.63685
-3.9459
-15.067
-14.638
-26.175
-16.341
-2.7505
2.749
-5.2939
-6.1856
4.7897
15.398
-3.2235
10.047
6.6196
13.888
8.6425
-0.91267
-21.419
-15.256
23.852
17.773
11.55
10.75
8.3255
-2.0573
-3.9283
-14.782
-5.6427
-0.19085
14.484
6.1829
-15.562
-3.7516
0.27613
-33.751
-11.168
-16.121
-4.2913
-2.4417
1.8567
18.657
9.4052
-13.358
-3.6532
-5.1204
12.678
17.642
15.661
-0.38913
10.681
3.1683
3.4555
-15.129
-16.177
-14.635
-5.8381
7.541
20.297
3.6313
3.3332
-10.289
4.9967
5.5538
1.2936
15.78
10.826
-16.402
-11.304
-18.951
-14.572
-1.0907
4.7006
-1.4896
11.972
7.1585
13.749
10.646
1.4596
-4.9623
-6.0464
14.503
23.793
-8.0263
-10.082
2.28
8.9024
11.458
9.446
-15.713
-27.979
-22.865
-19.083
-22.524
-14.39
-10.861
-12.322
-12.558
-14.885
7.8971
20.707
21.245
15.507
22.235
16.79
9.7134
16.427
17.668
-6.463
-8.0847
-2.234
7.3785
13.015
-1.6473
-2.1576
5.0055
-9.1349
-9.3922
-13.986
-6.4843
7.1599
14.938
17.524
9.5489
7.4091
2.3857
12.641
-18.765
-25.351
-15.591
8.0823
-22.524
-29.584
0.61499
-5.6265
-22.847
-19.743
2.0032
5.3352
5.6083
-6.8788
-15.296
1.3667
8.8941
5.5384
9.3556
7.4235
-1.7945
15.605
23.945
17.156
6.9056
20.098
19.576
13.424
10.223
20.763
11.384
1.9549
1.0505
-13.978
-25.444
-29.016
-11.072
-5.3789
4.2297
-13.955
-24.628
-6.9756
-1.475
5.2883
-1.4909
-5.5143
-8.8356
0.2471
4.1011
-0.92379
-1.7
7.4025
-12.238
-14.195
-6.4599
14.033
2.1491
-2.3701
3.6108
-7.3789
8.6714
20.359
24.935
-0.95349
-13.222
-4.3286
10.373
2.2589
-2.9533
9.0854
0.6322
-0.7927
6.1658
-0.1807
13.456
7.0923
12.514
-11.653
-3.2233
12.867
2.8248
3.7413
2.7765
-27.536
-17.286
-0.31657
-10.08
1.6114
-7.166
-9.0945
-6.6048
3.786
7.5403
8.902
-6.298
