0.71963
13.043
27.826
67.014
1.9588
-37.915
-4.0032
-34.911
-17.493
12.723
-39.71
-44.969
-0.91602
-28.353
9.5472
-2.63
-16.072
-2.8204
-10.843
34.31
-4.9321
-56.52
1.206
-54.471
-2.5093
-1.5911
-29.143
27.861
19.349
62.533
11.714
40.675
83.802
38.316
-10.689
-8.0697
-9.1839
12.689
-22.611
-4.3554
28.935
-36.721
-10.71
10.458
-28.795
7.5319
44.132
19.49
-38.21
-77.483
-39.331
-13.847
58.994
32.467
34.992
-31.695
-13.955
-27.004
-44.185
6.6776
-23.406
-24.743
34.817
-14.372
-5.5883
26.586
-5.1654
-6.3417
13.365
41.184
2.5685
7.6518
-24.65
10.411
30.847
23.537
37.725
-11.275
-13.062
-14.633
7.448
19.572
NaN
NaN
NaN
NaN
27.518
-22.925
-15.502
8.9094
-49.792
-30.824
-19.431
-64.032
-51.878
-31.482
-22.852
-22.15
-25.851
6.4093
12.505
51.659
8.3729
12.638
32.25
53.516
-6.5738
7.2927
6.7869
3.5671
10.109
38.985
39.343
44.875
37.327
-13.714
12.766
-0.59991
-17.13
2.2655
-25.629
-5
-8.9305
-28.577
-8.4694
5.3094
4.2016
NaN
NaN
NaN
NaN
-25.697
6.5983
-13.514
8.7464
-12.449
-7.9792
-15.716
-15.522
47.45
34.585
-30.386
4.5339
-0.33454
34.413
38.678
46.84
2.809
14.052
-4.3045
3.7948
3.4698
-29.1
-22.34
-13.313
-0.50906
36.452
-8.0709
5.8023
3.9631
54.617
56.411
-3.2138
5.254
-7.5976
42.645
-43.353
-7.4418
6.1815
-29.182
-12.889
-55.191
-9.0589
-41.603
-43.658
19.874
-9.535
7.3713
-8.1296
-33.837
-5.9391
15.165
21.126
-30.804
-12.112
-32.355
-11.696
10.395
8.3307
63.479
27.916
-4.2388
-27.435
41.362
0.38719
41.502
18.147
-5.6543
3.9955
4.4056
29.678
38.476
6.6772
11.556
10.228
29.402
-8.0673
-25.344
5.7725
-42.898
-11.573
6.6756
10.266
-32.422
-54.418
-30.542
11.692
-17
-30.129
-21.727
10.598
0.32124
8.2628
4.4682
17.973
22.682
0.14659
-28.901
3.337
-12.726
13.592
16.45
-41.117
-41.618
-17.64
16.356
-0.38653
47.351
-2.9371
-8.1545
37.908
49.435
40.01
16.709
15.885
-11.97
-37.399
31.801
-10.912
-11.29
