-6.925
21.393
5.9599
-29.112
-32.079
-19.233
-8.2005
-1.0707
0.035766
-21.87
21.534
44.316
51.385
53.673
16.787
27.743
38.092
38.275
-7.4379
-25.457
-21.767
-2.9556
-16.726
-44.846
-22.265
-3.8196
-6.5225
2.0501
-0.56719
-33.888
-9.6205
-27.18
27.525
22.107
16.918
23.142
-0.32058
22.542
17.513
0.17715
-23.373
-15.681
-19.31
-19.535
-39.503
-19.903
-27.171
-12.138
26.765
15.742
-15.021
-21.5
-9.2755
4.983
17.747
17.044
30.734
34.653
9.3931
37.092
47.999
28.588
28.84
28.079
-25.466
-43.122
-33.712
-12.234
12.622
41.451
33.717
-17.658
-35.084
-39.23
-21.368
-14.42
-34.088
-21.471
-23.387
3.3304
16.418
8.5637
-21.816
-16.271
-18.497
-33.977
-32.341
-11.732
-21.211
21.06
33.757
50.458
39.3
9.8726
11.423
10.89
40.141
45.284
42.116
5.4934
9.0139
13.352
27.273
15.244
8.1171
-21.892
-47
-33.578
-45.76
-5.8181
6.5174
-3.975
-29.656
-59.603
-51.25
-29.069
15.332
-22.089
11.781
24.204
40.299
21.526
6.911
16.25
32.273
19.73
-1.6284
-40.673
-39.877
-9.408
-8.0347
20.087
15.403
27.491
-13.976
5.6267
11.145
16.332
23.233
-8.3758
16.669
NaN
NaN
NaN
NaN
-39.463
-21.196
7.6068
-1.631
-11.332
12.318
18.367
38.423
32.224
-40.305
-19.877
-11.191
-8.4015
-8.5589
-6.2831
-27.277
15.254
23.341
45.264
21.716
1.3729
-77.723
NaN
NaN
NaN
NaN
NaN
NaN
26.132
-11.119
-1.0664
18.214
22.048
-0.25081
36.587
13.61
-13.49
13.481
-9.8082
-0.22817
26.88
20.334
-3.1549
5.2558
2.9427
19.277
19.376
-41.338
-45.487
5.6381
58.624
0.57814
-50.503
-19.349
9.1122
7.6929
-21.539
6.908
-7.7916
-29.688
-28.572
-4.8147
18.325
7.4192
-3.9607
-4.9333
-30.335
-9.5142
-21.096
-33.978
8.6319
41.176
69.289
64.588
19.416
10.363
-10.515
-24.777
16.085
12.537
-15.063
-25.709
-10.274
-12.352
11.003
-13.238
-50.551
-19.034
-6.4767
35.984
54.131
45.157
-4.3001
2.4557
15.351
18.469
-1.9908
4.4042
-41.793
-52.565
-2.3574
26.103
-12.49
-14.755
-30.148
10.411
-7.3511
-17.141
