-1.6357
28.899
49.393
20.818
-12.872
-7.1538
9.0096
-24.504
-42.859
-28.413
17.727
-10.318
5.2363
-10.28
-17.163
6.4691
-24.969
3.6681
-60.606
-18.12
-28.049
11.376
14.274
9.7893
26.897
-8.3996
4.2004
-11.124
-6.4401
-4.4742
30.406
28.931
26.075
29.131
10.037
6.4647
22.161
27.991
32.402
46.529
20.782
-9.9574
1.5259
22.677
-4.8805
-12.305
-14.646
-27.424
-23.72
-11.328
-9.3834
-44.679
-77.609
-43.687
-45.672
-38.527
-31.164
3.5851
-5.7009
-18.471
15.291
26.448
5.5109
14.26
38.246
-4.2093
-24.349
20.442
43.684
62.842
36.264
14.505
31.702
40.215
11.385
53.21
-10.795
-19.696
6.5934
5.9253
18.544
17.479
-19.791
-18.148
-29.579
-36.141
-28.467
-20.717
-30.968
-22.251
-16.936
20.048
-49.931
-52.331
-33.054
12.584
-16.961
-19.548
0.14698
55.283
48.255
11.57
-9.8045
-6.2442
34.666
39.458
31.479
2.1529
-20.938
-5.5289
-19.23
-23.715
-33.077
-16.415
13.063
61.658
53.301
28.277
-25.481
8.1355
21.058
51.954
-19.272
-12.41
16.105
11.585
-12.162
-17.78
-14.203
6.4564
-5.748
-5.8696
-15.273
-35.002
-71.122
-15.801
-1.9955
-4.3803
18.863
-9.1027
4.4084
NaN
NaN
NaN
NaN
-20.798
-0.80269
24.031
-1.0934
13.004
20.033
15.062
12.618
23.993
25.718
34.594
8.0053
58.843
21.806
9.0865
-1.6283
43.644
16.785
43.584
16.119
3.3208
-32.512
NaN
NaN
NaN
NaN
NaN
NaN
-9.3212
32.012
17.853
-15.16
3.5365
-35.648
-5.582
-23.711
-18.112
-4.6807
-45.654
16.651
30.089
27.153
6.4041
-3.725
30.84
26.948
19.336
-28.065
18.096
46.117
24.278
1.5276
9.7779
0.22095
7.615
4.6266
-27.149
13.061
10.034
-61.322
-9.8256
0.41119
30.912
36.586
8.8451
-9.9272
-51.753
-0.19703
13.652
27.892
-4.4434
-12.598
1.806
-21.876
-66.886
8.1927
-23.132
-0.62826
-2.5963
-12.164
13.049
25.902
-41.558
14.168
-4.0514
-23.341
-6.8576
24.581
37.861
15.615
2.6751
-14.596
9.4498
23.75
21.249
55.069
-1.4815
-35.506
-20.261
-34.835
-4.3703
30.335
49.245
-10.421
-32.301
-9.3026
12.35
-14.941
