-17.331
39.202
11.469
37.305
52.306
0.0548
-24.622
-17.066
1.5281
-33.175
-23.735
-24.076
25.709
12.266
-25.328
-2.6957
-6.1681
-51.426
-1.5
12.932
9.27
23.039
22.116
32.428
9.0321
14.995
49.168
35.714
32.609
-2.3128
5.8663
20.232
-14.531
-52.623
-16.603
-62.273
4.2979
-3.7643
-23.593
-1.7239
0.27888
15.105
60.773
15.248
21.904
-18.253
-5.0329
24.792
-54.427
-44.105
17.673
-4.1433
-17.14
-50.183
-23.449
-14.399
19.95
-44.078
-32.925
35.447
49.388
21.715
-7.9155
1.5152
41.298
-4.9487
-10.148
-5.8004
17.432
41.926
-22.553
23.29
24.689
2.173
8.4143
-3.138
1.6117
-38.185
-20.274
-27.882
-10.166
37.59
NaN
NaN
NaN
NaN
32.663
-28.385
11.492
10.563
-27.683
-8.9947
6.701
-3.2049
-36.214
-2.7528
-27.301
6.5583
-23.544
-32.418
6.1127
19.41
12.878
-1.4147
38.175
17.602
-23.722
45.598
-12.301
10.857
-34.801
-22.129
-26.604
-50.613
2.4895
-21.177
-21.623
-18.658
-10.068
-2.226
23.118
20.25
66.877
20.778
13.134
36.614
-0.39887
NaN
NaN
NaN
NaN
-42.886
-25.239
1.6781
24.502
22.319
20.018
30.66
-20.794
66.993
31.625
-26.718
-7.0006
-51.824
-35.805
-20.818
18.967
-27.714
-24.882
-35.288
-23.99
-11.989
15.766
2.4722
12.808
-23.452
30.803
-9.6967
-9.6308
-30.902
-16.049
7.1091
21.549
-6.84
-32.112
-51.439
-14.796
27.4
18.62
53.732
21.117
11.258
12.998
17.58
8.0873
44.243
18.746
2.1514
21.648
12.178
9.3514
41.004
-8.7645
-11.918
34.866
-50.347
8.8632
-14.863
-35.55
4.7782
-7.1866
-47.714
-20.345
-14.417
13.918
4.0271
-15.085
-0.21446
7.471
-4.0024
24.058
-24.248
-19.801
-18.477
-15.921
-35.152
-24.678
-54.662
-6.7092
-11.581
22.128
26.289
55.978
32.984
31.562
16.007
19.725
22.027
27.673
49.295
-5.0869
-3.8532
-30.118
-12.509
5.259
-40.25
-45.07
-17.937
20.796
19.41
4.4763
50.693
-38.836
18.622
39.267
9.8799
-6.9805
9.7244
17.919
-9.1191
-44.465
-32.069
-0.16551
-18.116
-7.2398
-4.0852
-13.413
-17.442
-35.068
5.8993
