4.5224
2.9162
-32.419
-15.86
13.43
20.991
11.422
-23.135
-14.254
-0.37908
11.795
24.836
4.4299
-19.42
-44.336
-24.231
-51.183
-50.957
8.4526
46.215
61.371
88.677
66.615
56.485
-30.133
-70.095
-53.004
-28.586
-3.7564
-1.9441
-1.6032
-29.332
-2.9866
-22.151
17.367
9.6235
-34.398
-27.42
3.095
-2.4046
-6.0185
-30.591
-19.572
-13.883
12.828
26.738
51.252
24.186
-6.8276
4.4524
41.759
23.453
-16.213
-25.178
-10.994
45.58
55.191
30.673
55.718
3.1932
-19.203
-27.683
-11.243
-19.541
-24.655
-35.113
-45.362
-14.619
-7.0579
8.6085
26.442
32.66
1.4399
4.6378
-2.7365
-17.776
1.5246
-3.5094
-15.787
-13.752
-39.813
-49.176
-40.09
6.2466
-12.768
25.356
7.4748
10.938
8.6293
-14.121
7.0152
52.193
41.939
40.323
27.718
19.146
17.723
-16.535
3.1632
-34.005
7.5132
-30.874
-30.035
9.9028
-16.529
-11.615
45.593
35.011
9.856
-31.314
-17.198
-11.292
-4.5997
18.287
-2.6358
39.108
30.409
1.6734
33.277
-12.039
-9.2417
10.6
-28.374
-41.227
-54.532
-24.366
-24.782
-2.7579
8.5555
-23.283
-13.893
-29.874
-17.871
-15.949
-37.415
-22.879
-17.318
26.897
42.708
28.667
3.5442
-0.52416
38.717
42.798
76.754
66.817
67.166
44.107
45.979
20.951
10.151
-7.6404
-22.963
-45.595
-34.275
-29.435
0.54944
-68.773
-57.647
-68.559
-39.301
-17.022
8.7085
22.66
15.257
10.815
1.6149
NaN
NaN
NaN
NaN
-4.3884
-20.138
11.364
7.7292
-14.912
1.0028
-0.43166
-45.002
-20.016
-36.364
-12.086
4.7998
23.484
37.643
43.909
45.216
-13.849
-21.593
39.469
78.652
25.837
1.6073
39.194
33.305
68.326
48.049
17.978
-44.201
-15.672
-18.108
-40.423
-56.409
-27.564
-12.793
-55.287
-83.271
-51.186
-37.988
-53.446
-28.093
4.3096
-1.7481
31.583
31.002
22.867
44.548
38.32
24.017
7.1328
6.7247
-11.324
-20.339
16.603
13.728
6.0169
7.8183
25.072
9.0316
-25.078
-38.995
-18.93
-4.0633
6.2578
28.728
76.786
59.806
8.5242
-4.7335
-20.427
-8.5014
30.664
60.689
21.86
-28.089
-36.633
-17.879
-29.491
-30.188
-53.124
-58.899
-53.091
-41.978
-14.21
4.7024
-1.3475
29.925
37.993
46.456
26.301
14.178
12.874
7.9649
-32.314
-53
-35.405
-22.758
5.8623
21.319
54.263
55.544
35.044
8.6674
