-6.7286
16.171
13.32
-26.065
-44.443
9.9493
49.273
28.71
-11.385
75.919
44.207
16.985
66.58
59.581
21.498
25.051
34.242
15.135
48.795
-14.045
-50.364
-52.097
-1.3466
-20.502
28.423
-59.22
-40.495
-20.265
-10.929
-11.32
-44.312
5.228
25.535
19.213
-15.757
-19.993
14.577
21.743
-4.4796
-27.403
-41.851
-41.512
-17.504
38.135
-2.0656
10.021
14.262
-10.763
-31.914
-73.92
-1.1811
-15.964
-8.008
35.738
44.377
42.967
49.015
56.141
44.539
-7.9652
-13.66
-4.9548
-32.118
57.554
21.451
49.413
52.937
59.591
37.125
-20.717
-26.774
-109.5
-39.154
9.5275
0.011254
26.073
-74.865
-13.382
-6.4139
-35.291
-16.874
8.7333
NaN
NaN
NaN
NaN
-13.146
-55.997
4.0126
-6.7831
26.574
-9.534
-7.9743
-65.822
-19.226
54.05
27.438
28.161
58.118
65.628
65.062
78.257
43.815
64.709
40.131
-22.343
-34.11
9.4986
13.747
0.43613
-45.238
-41.521
-47.784
-31.176
-27.923
-64.015
-13.377
-22.751
-1.0282
-25.273
-19.748
25.368
26.836
-31.052
27.814
22.64
95.368
NaN
NaN
NaN
NaN
27.411
-6.8449
-51.262
-38.909
-45.856
-51.383
-34.65
22.489
-19.531
35.944
85.313
13.661
9.8384
56.739
65.488
55.924
29.402
22.065
-7.1309
-75.016
-9.3059
-6.0184
-15.571
-47.792
5.0526
-19.643
-40.815
-39.175
-53.355
35.271
42.098
48.73
9.204
-14.665
3.6235
19.919
1.1909
-38.304
13.664
12.549
-2.9409
12.42
-23.501
4.8118
29.923
-18.785
-3.237
-43.373
24.208
-14.597
-63.956
0.3994
-3.6821
-36.662
-7.3409
21.858
17.418
0.41498
87.126
68.86
-1.9542
28.338
23.869
3.177
-21.477
-4.8097
-43.734
4.2016
35.312
53.788
-15.921
44.103
-28.82
-66.121
-90.098
29.802
-27.048
8.5397
-31.757
-43.832
-62.697
-14.944
-32.397
-6.5479
16.785
17.77
-12.492
22.682
-8.2971
-10.993
38.402
22.614
36.846
29.14
33.454
111.96
40.74
27.865
76.871
49.699
35.39
38.818
-39.067
-63.522
-32.503
-44.542
-46.905
-58.804
-99.839
-38.365
-4.5462
16.26
-55.571
-14.611
-42.753
-18.746
-14.997
13.347
-4.4514
