22.946
10.043
-36.011
-10.8
-25.638
15.798
28.926
24.33
15.903
36.308
17.833
-27.752
2.7762
3.3232
15.535
-33.019
20.11
-12.042
22.628
27.037
2.208
-0.18589
1.0552
-5.4035
47.092
-14.162
-63.543
-18.497
-14.585
-17.091
-27.986
-15.203
24.936
31.188
-0.54567
-19.597
-1.5373
20.67
-24.111
-11.971
-28.634
-25.438
-4.5262
2.399
-0.39888
6.1924
15.351
17.848
-11.685
-28.27
-1.9449
12.091
13.4
25.152
43.842
15.165
59.376
32.852
14.487
7.5621
16.997
20.981
-12.307
-20.591
24.1
-4.9337
-12.64
-1.2665
-15.157
-26.86
-59.663
-60.137
-49.983
-13.984
31.575
36.173
13.041
-10.008
-12.227
-4.424
-17.67
-27.871
NaN
NaN
NaN
NaN
19.209
2.6924
-14.948
1.2778
35.573
52.659
31.173
1.099
9.1713
40.385
14.156
36.289
21.181
33.772
17.504
4.721
8.5568
21.918
-23.219
6.0948
-5.0155
5.9117
-6.8923
4.4998
-30.351
-60.289
-39.187
-50.756
-18.583
-17.08
-22.203
-10.133
-0.12223
-3.4413
2.4121
18.67
3.2284
7.6195
7.5938
43.565
14.466
NaN
NaN
NaN
NaN
-13.585
-3.7328
-27.008
-8.6217
-2.8933
-20.475
3.7936
-1.5889
3.7236
19.239
25.925
12.426
-3.5349
20.823
41.144
39.513
40.719
50.612
3.7323
-9.3241
-21.976
-1.4943
-13.121
-37.815
-19.712
-13.106
-40.61
-79.16
-27.99
31.479
67.026
33.536
-4.4688
-24.864
15.211
-5.4124
-46.299
-56.045
-6.1997
6.5862
3.4783
14.692
6.6416
-11.954
19.47
10.191
13.151
-12.227
11.587
-15.997
13.296
12.136
-9.829
-15.589
-40.755
22.369
21.301
3.1422
27.082
31.103
20.414
12.099
15.199
9.2104
-9.1384
-16.117
-3.2311
-1.3468
40.213
20.395
29.311
5.2304
16.654
-44.479
-27.903
-9.3294
-26.993
-26.964
-61.979
-64.529
-50.615
-16.363
-4.6328
5.7897
0.38804
56.401
44.253
5.6866
-2.7591
-3.0671
12.78
-17.326
-3.1202
31.711
35.615
29.9
9.7585
41.906
36.089
52.867
28.93
31.418
-48.333
-65.835
-51.396
-17.253
-8.4785
-49.762
-45.799
-32.405
17.475
45.549
16.45
-12.741
-22.549
-7.5351
5.9231
4.462
-1.1172
