1.8198
6.2853
12.713
-23.453
-37.104
10.023
-14.466
1.0464
-10.215
4.1421
28.946
50.229
44.066
20.112
13.943
4.1729
17.038
51.055
5.225
-6.0188
22.492
11.399
-6.4607
-29.678
-29.307
-9.576
-17.028
-6.2622
-19.593
-32.198
-19.913
-26.648
26.289
22.869
-2.7522
-0.077333
-21.209
-9.6083
-0.21709
-2.2619
-33.054
-3.5807
-17.493
-8.0982
-15.82
22.83
1.631
-16.744
17.845
15.276
7.2006
1.7489
3.1261
1.0992
24.349
9.4391
23.953
26.602
32.691
55.193
47.125
-6.3223
15.277
13.405
-14.848
-33.464
-31.289
-28.737
-18.491
-7.5494
14.84
-3.5972
-15.166
-10.811
-26.79
-34.52
-23.96
-19.942
-29.919
-14.671
-0.35913
1.2469
0.96161
11.922
-19.569
-8.0106
-1.3983
-4.9892
7.5095
19.23
29.114
20.881
56.105
53.247
-5.0366
3.8186
33.441
22.894
22.952
-1.6186
-15.433
-33.363
15.265
24.525
-4.2694
-33.402
-18.766
-19.197
-39.106
8.0163
15.121
35.199
2.5123
-40.791
-31.408
-8.8864
-19.814
-32.28
21.653
6.0572
-3.6963
6.1802
-2.3249
16.152
-8.7725
-16.579
-10.053
-19.183
-21.859
-18.952
-42.112
34.856
49.59
20.693
4.4156
25.556
17.346
39.22
39.005
16.525
34.136
NaN
NaN
NaN
NaN
-23.4
-30.761
-4.51
-16.991
-6.9331
16.175
-8.1324
12.165
16.686
-25.893
-4.0917
-12.112
-13.593
-18.768
-15.495
-15.795
-10.726
2.9516
-0.18732
-25.862
-12.409
-40.486
NaN
NaN
NaN
NaN
NaN
NaN
19.998
-30.753
11.639
50.154
22.274
-1.7683
47.709
-7.9146
-22.507
22.971
4.3438
-11.89
21.143
-16.733
-50.475
-12.474
23.17
18.202
24.367
-27.873
-17.916
25.889
26.089
-2.8148
-38.444
-33.466
15.944
2.11
-18.108
-24.021
-11.301
-5.1475
7.2893
-5.5757
15.879
-20.766
-11.773
-21.05
-19.422
1.3769
10.548
-23.561
40.797
11.022
51.294
41.461
4.0518
11.551
-21.53
-6.2663
12.044
16.633
-14.326
-19.806
-8.2897
-25.57
-21.577
23.678
-1.1937
36.218
18.162
29.455
37.23
23.165
-26.101
-23.492
-5.7566
-2.4999
-19.292
-7.3606
-31.834
-9.3173
-1.9666
-2.3213
-18.417
-26.006
-13.4
-9.8953
-3.5332
8.5133
