-15.742
22.486
-22.717
-21.977
-3.5604
-1.8666
-12.354
-26.33
-27.341
-15.607
-39.776
-15.4
12.769
5.4153
27.349
-1.4206
22.645
26.483
53.883
14.911
-5.1307
-11.275
-21.286
-56.951
-44.833
-6.8039
10.797
39.823
33.282
28.351
28.583
22.714
21.845
9.1314
-27.022
-34.998
-35.727
-2.7047
1.0686
9.0265
-17.617
-48.598
11.38
12.978
6.3879
-4.1833
-14.656
-35.174
-31.963
12.207
42.132
73.036
81.713
46.801
10.102
6.1778
3.8767
-38.575
-29.18
-3.7351
-0.93894
24.615
-1.2318
-50.751
-87.458
-49.782
-53.546
-40.419
-42.167
-1.7054
41.916
40.796
30.499
14.742
17.8
-6.2615
26.753
31.665
7.0469
6.2268
-4.0453
-1.6912
-0.67466
28.968
11.73
18.245
6.9088
4.0294
12.805
-6.5082
-17.794
1.2822
21.18
-3.6248
18.453
14.003
-11.925
-24.2
-14.593
10.484
-50.052
-21.482
-18.798
9.0004
18.987
32.872
22.661
-18.231
-17.023
-22.423
-3.5312
-51.084
-63.919
-19.239
-29.289
-8.0631
7.8241
21.8
41.575
17.512
12.991
26.606
-0.56868
-12.23
-8.8725
27.008
46.941
50.713
34.726
32.659
27.88
-0.22354
29.514
-15.744
-22.925
17.238
-19
-33.825
-20.562
-29.957
-63.736
-37.117
-17.538
-28.407
-19.356
-8.7715
19.619
37.773
30.179
16.89
60.531
30.646
0.35333
-18.129
-7.9736
6.321
-36.395
-25.75
-17.061
-28.706
-41.566
-55.265
-11.013
2.6621
26.609
29.068
16.191
NaN
NaN
NaN
NaN
0.48141
8.2652
3.0575
4.1466
26.626
46.193
48.67
38.484
16.604
-38.741
-16.956
-12.109
-30.444
-30.376
-13.024
15.089
1.646
-74.613
-29.815
-11.56
-16.546
7.6574
6.3344
17.79
27.286
27.378
39.899
-23.539
-20.452
-4.4234
-58.881
-38.734
-36.898
-15.92
12.943
24.729
36.019
65.901
53.814
24.347
21.964
-55.592
-65.915
-29.646
-17.781
8.9149
7.3021
9.9618
12.732
4.0276
14.09
34.83
48.305
27.176
23.694
24.828
9.9107
-34.123
-8.8423
24.157
0.65944
-22.851
-20.81
-28.915
-25.619
-9.7935
-30.09
-41.481
-17.905
-5.1917
-57.736
-49.155
39.085
69.265
42.64
34.094
-28.365
-51.94
-2.2877
21.415
5.1786
-10.821
-17.853
-15.004
29.542
27.693
8.8018
19.238
26.637
30.61
-5.7689
-8.3906
-4.4097
19.142
-14.758
28.878
15.577
18.607
-4.9904
-14.9
8.0432
-17.673
