-35.533
5.1817
13.057
-6.7441
-8.6505
-13.437
24.578
16.76
33.753
24.679
-9.6361
-19.26
11.87
25.846
5.5828
8.0024
-11.714
-30.739
-10.798
-32.606
-25.779
-13.146
-21.033
-2.2099
12.332
6.7837
-2.9147
16.154
33.311
21.072
1.9489
33.648
41.185
34.686
4.0591
-9.4437
-8.2548
-8.69
-1.7482
-21.986
-23.842
-10.838
-26.587
-23.714
-4.8431
19.39
-3.6414
-7.6911
-23.716
23.504
-28.105
-0.64321
11.831
-3.5386
4.0357
10.755
1.4502
10.956
-16.204
2.6103
23.76
3.5055
-4.7928
-9.5125
-2.018
12.1
-3.9173
-4.3448
5.9492
20.596
14.814
27.483
8.1666
-29.432
-10.091
-14.264
14.088
-2.5088
1.0075
3.5832
12.445
6.8065
-22.715
-33.287
-22.842
-14.952
-1.3534
0.7635
12.884
37.708
31.021
13.527
1.3685
-4.991
-28.135
-14.281
-18.184
-21.445
-5.6619
-3.359
-6.93
13.343
2.9401
7.763
14.111
29.455
-14.913
-11.362
11.739
13.925
31.052
11.945
-10.687
7.6115
1.4501
-16.225
-21.789
-37.683
-6.0487
-2.593
-16.412
11.122
13.377
22.179
0.011749
3.4245
-12.996
8.8997
12.462
4.6632
-11.524
-8.9979
-6.1486
-17.705
15.427
18.957
29.766
37.411
6.3866
0.31822
6.5532
-13.643
-43.205
-28.838
-27.993
-2.9167
-0.27547
-10.612
-5.3935
23.408
8.8639
-24.626
-25.109
-20.543
-1.4663
8.9192
-2.4246
-5.3864
17.755
21.698
23.327
27.747
3.1983
-0.73567
31.373
20.17
18.216
13.666
10.308
30.789
2.8407
-11.776
-20.721
-13.963
-22.149
-6.6741
-38.052
-35.809
-35.391
0.64763
-17.522
-20.496
2.936
5.873
32.219
6.5874
14.51
3.7423
-3.0604
-10.873
-38.638
14.093
5.0593
6.3997
-11.643
-16.412
1.1889
46.79
20.237
-6.7408
14.468
26.444
3.9115
6.0936
10.395
30.424
18.2
3.5546
-1.3721
9.7151
10.492
14.139
-2.768
-32.814
-20.569
-18.991
-19.243
-36.783
-50.546
-22.855
-31.273
7.6741
-20.568
-11.096
-18.458
13.548
-2.9983
25.833
31.413
29.841
22.071
20.679
34.249
33.89
3.9946
-14.082
-15.188
-11.768
-10.391
-18.013
1.937
40.946
39.204
6.2062
8.6384
-15.007
-27.662
-29.553
-5.6663
-19.977
17.597
11.748
3.0446
-31.687
-15.595
