-63.697
-5.6121
-3.1252
-4.6477
-13.129
-43.069
-6.4997
30.094
36.048
45.865
28.144
-0.13726
3.8363
-13.148
-7.69
0.45213
21.238
11.681
13.839
7.0143
-17.845
30.038
-16.812
-15.959
-24.35
-4.7724
-1.3376
27.764
-25.307
-13.357
0.18478
-19.96
-21.223
6.6289
-5.2433
16.151
-4.0136
-10.073
-2.4015
-2.6233
8.8851
11.086
13.083
0.97621
18.605
15.063
6.2601
8.8675
7.1187
-9.409
-27.649
-13.729
-15.906
8.6628
22.079
13.579
33.335
-0.14538
-19.625
-20.354
-6.9248
-15.259
-18.419
-8.6382
0.65883
-13.294
0.55467
-17.99
19.554
3.9058
22.689
38.163
-10.128
10.242
5.6967
-3.3277
21.718
15.203
0.92333
7.13
7.9155
-6.0074
-22.152
-45.618
-31.719
-9.6604
-33.025
-30.36
12.311
28.269
26.62
-2.0593
11.723
9.5546
18.945
18.845
4.027
-0.12374
-31.715
-17.809
-2.3977
13.726
8.7725
27.031
-4.6269
-3.003
9.3678
26.343
10.79
-6.8898
30.754
12.251
-16.769
-25.7
-37.49
-54.722
-33.969
-13.812
-13.662
5.2042
15.111
25.727
14.755
6.9994
1.0385
25.15
21.232
0.87978
-4.3199
17.358
8.3841
2.3915
-2.8581
-24.624
2.8856
-1.3911
-5.241
-9.7586
-41.029
6.2444
5.7556
22.745
21.257
5.5525
-0.85602
8.5301
7.2521
-5.4992
4.7634
-0.085677
-11.342
-36.291
-35.229
-6.8753
-8.8155
5.5347
24.562
7.8507
15.304
4.7259
7.8171
-3.8733
-9.6781
-10.689
29.751
6.6082
19.076
-7.4118
-1.1449
28.492
3.0819
-22.135
-10.035
-12.538
-12.475
1.7367
1.3012
19.366
-13.977
-5.1675
-18.609
-14.588
0.94649
-18.779
-37.29
-11.16
23.246
44.688
33.362
4.2537
14.517
-11.077
-7.3619
12.831
4.5789
4.2273
0.72545
-2.7098
4.7517
-9.8325
14.759
7.4216
-13.142
-5.7621
2.386
10.246
7.2664
-37.364
-40.798
-16.847
-1.8057
16.166
17.693
-6.5434
-1.4986
10.972
32.083
6.96
-6.929
-10.55
-5.8293
-17.288
-11.286
-14.73
16.767
8.3577
15.768
21.616
-3.0732
-23.264
-5.3301
0.60663
30.098
28.009
26.796
-12.797
-40.62
-27.929
-21.703
-4.8563
-1.0858
-5.3069
25.479
22.997
27.548
19.589
-15.195
-19.338
12.931
7.6808
3.7802
17.654
-8.9222
-26.323
-3.4577
