-1.2543
13.534
10.912
-9.797
13.905
27.756
-6.1397
16.496
5.6718
-14.875
-18.275
-25.486
1.4947
2.4062
12.792
-1.5422
-6.0156
5.4925
4.5042
9.4493
20.957
13.283
17.396
6.8153
8.0916
-17.983
-11.88
-1.7572
-14.368
-4.1567
-10.965
-19.806
0.25093
-2.6694
-17.134
-37.669
-9.6957
-11.873
2.9186
2.3686
9.6568
7.0756
-14.164
1.2379
-0.5166
10.671
29.706
36.772
12.146
-14.129
-2.2661
8.1117
43.593
21.153
-9.1796
-15.897
1.1438
-3.9482
-13.989
-0.75293
-4.9012
24.391
23.612
8.2528
-12.037
-16.445
-19.075
-25.447
-5.1646
-15.405
5.8323
21.068
6.8484
-24.962
-13.431
-10.903
-17.651
-20.378
9.908
21.922
16.177
-7.3738
-22.748
4.9998
0.62525
-10.382
-14.193
-4.0282
-9.2845
16.581
31.785
21.253
18.073
18.934
3.3489
14.587
17.935
-7.7634
-2.6517
21.33
1.6942
-13.352
-9.8893
-2.3667
-1.8479
5.5347
-1.8657
-31.216
-32.812
-19.28
-31.771
-4.7018
19.284
-0.75883
17.446
36.279
15.746
3.666
6.1966
16.584
21.352
0.69977
-18.227
-32.169
-19.983
-1.9661
3.4575
12.966
-16.469
-36.072
-34.814
-14.825
-3.6104
9.4904
2.9616
1.4994
-2.5691
34.309
40.912
11.207
-18.896
-14.923
-12.722
16.349
31.666
-2.1925
34.854
44.883
25.114
24.824
-2.5743
-16.036
0.37361
-24.15
-16.517
-19.076
10.377
-43.76
-47.134
3.3489
23.13
-14.442
-4.7062
16.514
-18.749
-25.062
-12.529
NaN
NaN
NaN
NaN
-15.86
-8.7395
5.4426
-7.5217
-27.408
6.7382
-17.785
-3.5716
-37.448
11.601
11.357
48.877
49.005
55.036
48.292
21.663
17.825
24.847
-2.4035
-31.602
-12.617
0.36359
-4.2358
-13.146
-23.03
-35.062
-23.788
-61.71
-27.846
16.848
-4.7072
1.6832
3.6555
-7.1343
-9.6997
11.768
-24.405
-8.8503
35.791
16.477
35.275
15.192
10.065
7.2076
4.9989
7.7752
-8.9546
4.3332
-6.5308
-2.6302
-1.7407
25.294
10.727
-10.051
-14.015
-18.023
-27.338
-34.738
-4.1924
-12.783
-27.576
25.883
-4.8423
-15.372
20.75
32.994
29.229
18.562
36.918
34.15
1.214
-18.313
-15.347
11.707
17.137
4.6958
-28.772
-16.181
-0.10471
-38.904
-28.056
-24.284
-8.8907
4.0186
23.894
23.53
-9.1005
-9.9761
2.0116
5.6653
3.3455
-12.992
7.7384
-1.7078
-6.6871
14.421
-0.012312
4.3721
3.2592
4.1379
-8.9368
-20.243
