-14.28
5.2533
-16.769
24.131
8.1618
21.003
52.047
27.862
-3.9804
34.352
31.012
-30.062
6.636
-17.809
28.913
-1.9769
0.043968
5.2979
-6.539
-7.1816
-15.449
-6.6786
-19.146
15.819
17.838
22.846
-23.81
3.9341
-30.43
-32.231
-21.521
-3.4469
12.868
8.561
-23.2
-10.61
-29.452
4.6458
-12.943
-3.6487
27.033
20.565
16.305
-0.16303
38.101
10.91
-6.0036
-19.93
-9.7806
9.407
12.783
16.58
13.897
5.8872
6.0621
20.806
-3.5586
-44.009
11.998
4.6619
24.744
28.379
-16.702
-23.01
-11.94
15.273
-3.2726
-65.074
-15.307
-13.739
-26.899
0.57055
-4.4159
31.227
4.4592
11.238
6.2291
-7.2077
-39.105
9.7804
26.968
0.88292
16.304
38.312
6.5851
-34.922
-7.3831
-14.462
6.6408
34.555
0.99003
-19.362
-14.32
27.902
12.769
-12.888
-5.8974
32.479
29.427
9.1944
-12.277
-31.141
-19.817
-1.9091
10.34
-25.314
-14.947
-4.0873
-2.8672
34.241
20.571
16.841
-22.412
-3.532
-8.944
-7.8714
10.189
10.743
-34.473
-19.069
-19.566
-1.3518
0.92742
4.9799
8.0331
-8.5233
-6.2388
-12.967
-18.77
25.906
41.445
5.4527
-41.515
28.766
3.0452
10.186
1.9533
56.193
20.271
21.297
15.038
-6.118
-7.8829
-19.797
-6.8958
-23.269
19.834
26.189
-32.064
-40.22
-4.107
-20.953
-11.667
-9.649
10.812
8.4385
22.792
-37.609
-16.354
-27.101
-24.658
6.6509
-9.0555
2.6933
9.6126
-11.094
17.248
14.498
31.249
43.811
26.23
-24.713
32.227
22.697
6.9942
14.307
-41.12
-11.195
-5.8771
14.429
39.392
12.454
-11.369
-37.589
-36.642
-2.6863
-7.7256
2.1207
14.25
19.827
-10.913
11.46
-42.313
-16.09
-23.491
-35.896
-22.103
16.929
5.4124
-3.3456
-1.7469
-0.11815
-14.075
32.613
21.922
71.536
44.731
17.974
-11.76
-23.298
-16.633
9.2425
-6.9155
-0.40746
7.8992
31.618
-2.0399
-22.885
-8.3964
-26.777
14.533
1.2353
-34.213
-35.707
-26.955
-4.1201
-12.255
-15.279
-13.736
7.0846
-4.3402
26.359
9.0427
30.391
41.742
38.202
19.534
22.859
9.2871
0.9526
-18.717
-3.3481
39.11
12.458
2.4467
-26.569
-7.4634
-72.857
-15.302
-38.53
-30.159
-39.231
0.12856
6.4236
4.0714
