-1.6642
29.582
-22.124
-19.53
-47.807
-74.317
-37.694
4.3808
-22.589
-42.376
28.447
54.745
63.004
30.583
3.2649
0.62433
14.666
4.5808
-10.231
32.603
6.5473
29.211
22.764
-43.608
-19.276
44.744
37.869
33.797
54.244
-28.865
-17.565
-18.487
16.731
14.535
20.523
-10.532
-52.837
-31.206
-2.3485
-4.1202
-42.452
-53.666
-31.826
-54.211
-51.415
-31.545
-28.315
55.911
31.241
26.243
-18.545
-28.039
-24.244
-18.991
11.026
30.741
25.284
45.58
10.988
66.268
63.641
80.017
84.859
75.494
10.331
-67.124
5.3088
-21.207
-6.8525
23.002
5.1537
-48.715
-31.616
-47.835
-24.073
-29.538
-30.713
-74.52
-46.55
-8.0543
-7.669
-22.505
13.095
-25.746
-18.178
-40.47
-33.404
-18.689
-14.773
32.597
48.071
59.289
54.364
-4.9648
66.065
28.771
63.435
31.799
26.7
6.4566
10.758
37.038
38.445
17.679
-31.237
-13.08
-55.494
-41.001
16.141
-36.065
7.3692
-14.665
-60.661
-28.155
-60.856
-26.289
-10.805
21.572
-12.488
31.812
-0.78059
-18.472
0.59585
-12.215
0.42932
60.359
10.484
-16.295
-21.716
-13.558
-28.011
75.502
34.725
26.465
-9.507
9.1576
46.022
10.626
67.73
-65.281
-13.695
NaN
NaN
NaN
NaN
-12.946
-5.6446
36.745
6.9863
-15.647
-17.561
-19.846
17.925
-1.0227
7.89
1.1182
-4.384
48.103
-19.849
-10.8
-28.614
-36.585
39.613
-3.7789
25.634
-9.7005
9.8481
NaN
NaN
NaN
NaN
NaN
NaN
41.391
-27.083
-25.166
-3.6405
-44.809
7.8565
15.423
-34.417
55.79
8.0142
-17.732
15.942
31.021
34.672
42.782
30.231
-5.5131
8.3714
-3.798
-57.386
-19.77
-17.272
44.477
19.084
-0.36029
34.487
23.387
-54.07
-9.5967
-0.1937
-53.815
4.9514
-17.418
-19.42
5.0433
-25.983
23.472
-22.077
2.5302
-3.699
-80.5
19.022
23.517
23.823
21.072
-4.6115
4.5699
-16.074
43.913
33.39
3.4504
-9.8568
8.0773
22.141
54.762
-24.814
-17.042
-39.381
-48.784
-43.689
18.515
-37.425
41.957
54.116
11.206
20.019
29.477
26.77
36.666
24.4
-34.356
-70.245
22.05
6.6673
-44.489
-20.081
16.541
12.515
-8.053
-7.708
