-75.735
1.6393
36.994
51.939
2.6714
-67.183
-44.767
-31.688
-39.049
-35.709
-10.295
13.504
22.124
25.457
22.907
18.278
-9.5467
-21.638
-24.226
-18.598
-17.001
-16.204
-17.839
4.0641
-27.517
-22.492
-0.64032
14.835
18.543
40.705
22.675
19.636
-2.2456
22.272
-10.29
-3.9216
-4.1395
16.102
9.2605
39.62
69.277
42.952
38.104
22.981
11.355
5.6119
-45.335
-57.971
-33.704
38.25
-10.921
-30.519
-29.684
-26.625
-33.676
-40.572
-7.5929
-37.815
-31.143
-18.779
29.238
25.325
-5.1552
-38.313
-17.165
19.012
65.722
29.925
-6.8506
-16.754
17.001
39.721
8.0993
-10.283
-21.514
-8.277
0.018076
-5.9726
0.9143
8.4233
-10.809
21.633
NaN
NaN
NaN
NaN
29.435
77.506
16.681
50.207
46.501
-45.464
-42.912
-90.101
-48.229
15.545
-15.71
-40.769
-55.583
-43.652
16.008
16.559
16.459
-17.656
8.6433
-8.9184
7.7853
6.5409
-0.090352
-2.3401
8.4725
22.418
29.365
51.643
54.081
11.349
-6.6513
1.4357
-28.072
-39.576
-31.476
4.9162
3.4404
7.3279
-17.62
-19.094
1.5487
NaN
NaN
NaN
NaN
-21.256
-0.83641
12.505
29.505
39.113
-15.802
-14.485
29.475
67.895
63.242
24.698
-39.666
-47.752
23.239
23.914
-25.11
-57.865
-51.949
-43.991
2.7321
-22.201
-32.683
0.52846
18.236
21.082
24.963
30.716
38.204
45.485
20.751
-9.5147
-19.414
-18.645
-8.0427
-10.425
-5.525
20.006
26.736
12.417
-11.25
-53.553
-39.314
-21.986
22.781
39.152
22.528
-8.4032
-36.812
-33.001
-14.376
22.588
-12.387
-0.24006
2.3421
59.665
-0.66433
15.546
28.13
-13.227
-66.69
-37.261
-31.146
19.591
-7.8314
-17.962
37.576
30.527
32.64
13.286
6.7174
30.55
4.8811
44.954
14.507
25.163
-27.49
-22.789
1.762
9.0265
38.476
25.082
9.4614
-13.249
-69.84
-67.39
-62.038
-22.933
33.621
-10.518
-26.424
-10.099
-18.982
-40.45
-18.768
11.768
-0.62925
4.8537
-7.9871
2.8274
56.598
23.097
-4.6052
-0.77207
26.156
16.647
28.241
27.36
38.688
24.247
-9.5277
-27.726
-20.275
14.768
37.111
16.673
0.018654
-8.0716
19.167
21.298
