-48.179
6.0852
17.222
-2.22
-1.0684
-29.822
42.478
25.231
25.258
NaN
NaN
NaN
NaN
29.7
25.452
26.26
44.984
18.491
32.573
-22.606
-4.3023
7.882
-4.4483
33.451
3.2159
27.338
-6.4721
4.3475
4.5294
-36.336
-36.731
-30.271
-35.6
9.3452
-10.958
-7.297
44.779
25.158
4.6285
2.153
-7.2735
33.846
-32.492
2.7702
24.682
10.405
-49.779
-10.69
-15.767
46.957
24.206
-37.418
-15.174
4.2613
24.945
7.2873
2.7901
-43.117
-18.318
-34.257
16.285
-5.6351
-27.236
35.919
7.4944
31.791
57.446
-17.847
0.46726
14.463
14.966
-61.477
-7.1497
-5.2829
4.4317
21.872
14.31
-7.4158
20.385
3.3735
37.229
-16.407
-25.081
-87.467
-66.761
-48.553
-20.985
41.193
99.023
93.879
41.887
10.739
1.1195
6.6039
NaN
NaN
NaN
NaN
NaN
NaN
-20.376
1.4315
28.161
-55.197
-89.799
-46.959
-51.095
-30.266
-28.197
33.38
4.6035
16.599
34.374
90.418
73.278
35.138
37.535
-24.171
-20.025
-2.259
28.848
67.005
61.024
-1.892
-30.696
6.9874
-29.116
4.4636
-34.742
-19.082
-6.8642
-4.1591
-9.9432
-40.611
-13.312
-20.876
-47.825
-40.569
-50.123
-54.924
-18.089
0.52047
18.804
-0.043104
57.218
61.289
0.38831
-0.93922
8.5358
70.526
43.161
44.07
49.457
-18.067
-5.9776
12.508
30.251
0.88443
-11.518
-16.41
-38.33
-39.548
-16.369
-1.1468
-0.4838
-61.007
-2.9735
9.6654
3.4947
12.011
9.8919
-24.777
-24.747
-39.19
-41.093
5.1153
19.105
30.8
12.315
68.932
52.094
-64.028
11.33
5.2158
58.709
25.81
NaN
NaN
NaN
NaN
-29.415
-61.483
-51.48
-58.453
1.875
-35.27
3.1878
48.735
4.181
7.6043
38.984
20.017
37.238
-2.2123
-12.709
32.366
31.217
29.84
18.707
-40.901
13.351
20.497
-15.664
-1.2409
-41.216
-23.429
30.124
38.616
-0.39489
-37.153
-60.026
-56.708
-25.388
-6.7602
14.866
15.971
0.17747
-11.455
28.115
-4.7642
-9.77
-37.824
-24.671
1.9747
39.433
46.627
12.047
15.696
29.63
7.3507
27.124
9.5877
5.6117
17.533
16.03
-49.913
6.0483
22.649
14.192
23.267
-26.83
-41.761
-34.853
-0.50065
-6.4047
