NaN
NaN
NaN
NaN
NaN
NaN
NaN
NaN
22.373
-10.526
-50.9
18.386
35.167
-24.344
-59.95
-50.364
59.99
-28.098
27.864
37.243
-6.5072
-15.921
9.8372
34.556
-1.8617
34.803
38.12
27.933
-7.1641
-7.0118
-70.367
-32.792
-35.745
-9.5898
-41.639
13.694
0.78147
9.9107
12.453
-7.2117
-41.71
-48.365
-5.334
-25.867
-47.555
18.399
33.614
-6.5751
-18.47
28.202
8.3062
-35.172
-5.3219
18.846
-2.3501
16.171
14.736
-28.378
46.923
14.444
46.523
74.133
59.43
-0.009568
9.6696
28.58
1.6874
70.788
21.088
-9.5921
-80.677
-65.913
-28.623
18.315
23.384
29.302
-58.255
-86.267
-71.484
6.6018
-0.98549
-18.787
33.484
49.612
9.1233
-64.557
4.8671
-23.341
29.525
-4.0771
-13.365
-7.9224
-31.741
21.885
-4.8103
-40.909
-55.58
50.354
-37.928
41.199
37.645
28.55
27.032
53.343
-9.9829
40.464
47.627
8.8572
52.409
13.399
25.006
-37.557
9.1783
3.7377
-96.351
21.695
-9.8389
-72.796
-25.742
28.062
-1.7009
-7.0105
6.0905
-7.4901
-30.717
-1.295
-7.8846
47.343
47.996
-16.741
-28.129
-70.244
-27.571
-23.554
-53.38
-27.933
21.059
35.627
24.404
24.883
95.314
23.059
-26.24
-12.883
1.5692
71.485
-2.4367
-11.539
35.415
-62.091
89.096
91.183
65.369
-32.927
-33.762
NaN
NaN
NaN
NaN
NaN
NaN
NaN
NaN
NaN
NaN
NaN
NaN
NaN
NaN
-29.474
-61.85
5.0643
21.821
15.467
9.3253
90.051
26.2
-69.304
55.727
22.99
33.355
-103.86
-76.296
-29.581
35.096
-3.0853
28.222
-20.799
-14.44
-7.283
16.104
87.617
15.324
-55.239
-58.339
-36.008
-59.711
-44.832
-41.555
-39.659
-141.64
11.207
45.903
70.202
8.1333
194.01
75.256
-37.939
49.258
59.46
-31.003
44.712
44.624
50.814
-13.694
-34.984
-97.629
-85.739
40.747
-12.11
4.9615
-7.5615
-19.535
-56.268
55.001
48.412
-52.035
116.15
43.382
34.707
-42.629
-5.8968
-18.197
-42.701
9.0735
-9.6381
-121.03
-5.5912
-56.752
-23.759
-18.523
-60.243
-21.969
