NaN
NaN
NaN
NaN
NaN
NaN
NaN
NaN
NaN
NaN
NaN
NaN
NaN
NaN
NaN
-11.823
-33.639
-29.106
-23.772
-32.176
-34.741
2.4808
7.6942
3.2613
3.9876
NaN
NaN
NaN
NaN
59.375
42.091
31.311
35.899
21.156
-45.654
-5.2019
2.8918
NaN
NaN
NaN
NaN
NaN
NaN
-56.35
15.613
52.327
10.023
25.08
-21.719
-32.684
-29.238
-7.2909
0.54631
31.276
44.327
-12.958
-11.365
-0.27458
24.7
72.847
47.998
14.446
1.8896
7.4582
48.439
57.241
34.801
7.097
-9.441
9.1964
-27.293
-52.106
-54.898
-18.047
-39.496
-53.878
-53.826
-38.762
-24.171
-33.559
-24.543
25.716
30.414
-16.001
-37.624
-9.7289
9.1574
15.288
-8.0142
18.689
50.472
64.129
57.631
49.062
88.865
31.49
-17.378
-42.021
-39.058
-13.284
24.77
16.885
-12.865
35.178
-3.5991
-34.365
-14.524
-27.393
-51.06
-43.945
33.047
30.896
-23.273
-12.073
-11.93
-4.4196
-27.643
-8.9586
23.717
20.809
19.951
-49.737
-14.357
0.66032
-22.954
4.5591
-23.203
17.859
53.599
25.533
-4.0848
12.614
30.535
44.285
-11.378
-29.497
-14.582
-67.68
-46.103
3.3164
19.158
-2.6413
30.132
22.596
7.4254
36.072
46.214
33.273
32.721
83.34
40.58
-40.759
-50.621
-26.889
-64.226
-33.514
-32.327
-34.797
-5.3999
-20.319
-4.9116
-61.947
-18.127
-47.833
-50.281
24.605
16.981
38.481
40.493
31.875
71.825
55.237
72.152
95.363
-71.147
-42.22
-83.657
-48.289
-40.501
-4.4811
-8.4665
29.471
21.214
33.92
64.286
35.84
10.813
38.036
45.954
-14.988
-63.398
-24.062
-36.393
-11.228
-15.335
-21.418
-30.1
-44.754
-20.079
33.659
-38.359
-65.618
-40.479
29.111
44.161
34.921
30.471
-1.9769
33.157
74.921
-19.475
-29.581
-4.9676
11.629
7.7634
-0.21387
31.348
35.72
31.136
46.16
65.203
-20.551
-62.069
-97.809
-31.942
-21.935
-53.944
-45.302
12.746
25.248
19.08
13.92
11.018
-8.3681
9.8755
30.985
26.193
10.561
-16.972
