NaN
NaN
NaN
NaN
NaN
NaN
NaN
NaN
-6.8606
-11.328
-24.889
1.1447
-7.803
-18.242
-15.582
34.114
45.558
36.249
-6.1093
-2.4195
0.44555
-24.015
-33.608
-25.217
-19.79
5.2229
5.6567
-39.962
-10.467
7.3001
29.006
15.11
-21.911
-5.9266
19.801
-7.6191
-0.91939
41.878
72.69
65.181
11.273
-30.528
-73.493
-50.137
-12.972
1.0219
-21.132
1.6563
21.077
33.694
45.833
21.603
-2.6226
-3.4245
-12.171
-19.963
18.149
34.319
21.978
-10.314
-0.48595
-11.305
-37.245
-84.926
-70.452
-64.476
-74.192
-10.524
2.3285
35.831
26.16
75.037
61.714
31.942
40.008
29.215
82.381
90.774
28.582
-46.085
-47.486
-43.352
-17.559
-14.311
11.438
-9.4189
-44.212
-47.632
-18.91
-15.165
-2.7434
-0.96753
-0.52311
28.095
21.38
17.152
-15.99
4.5714
-30.484
-27.897
-28.647
5.9372
8.0592
-25.292
-31.377
-28.39
-0.33998
-3.591
1.2471
17.682
45.876
20.053
-10.059
35.068
86.162
63.62
38.095
24.96
57.624
53.052
13.127
-37.928
-49.909
-42.602
-56.034
-26.353
3.4588
2.6149
-31.534
-46.863
-22.399
-54.116
0.80819
15.246
-0.022581
-18.19
-41.59
-47.045
-43.418
13.943
42.658
17.22
-34.434
4.5598
40.186
50.184
7.5135
-45.952
5.0805
10.104
9.3814
20.343
57.719
49.571
35.64
NaN
NaN
NaN
NaN
NaN
NaN
NaN
NaN
NaN
NaN
NaN
NaN
NaN
NaN
-24.766
-30.903
-1.4189
-33.884
-45.751
-45.076
-59.706
-55.175
-41.948
-37.079
-0.64915
52.725
-16.357
-18.949
16.534
16.656
44.44
65.127
41.558
33.539
14.826
40.423
52.125
40.679
-1.6119
7.9822
28.875
21.428
-11.784
-17.681
-4.4246
-8.8218
-19.373
10.05
-42.709
-59.481
-23.634
6.0716
-24.572
0.021159
-20.391
-12.257
-14.473
17.11
34.941
37.011
-24.48
-41.666
-0.11949
20.415
32.376
16.378
7.1641
-11.457
-45.888
-37.04
-2.324
0.024785
-18.955
34.593
20.092
-8.8416
-17.672
-33.267
-23.416
6.6595
36.199
27.406
28.571
42.173
35.312
31.757
-17.437
-9.6544
