-80.024
-12.125
4.5521
-7.2621
-23.745
-13.74
-17.538
-11.91
-5.2462
-25.686
-35
-40.154
-14.532
-15.039
-11.464
-3.4946
-22.743
-41.414
NaN
NaN
NaN
NaN
NaN
-8.4939
9.5028
-16.176
15.095
27.908
-7.7044
-0.14279
0.27849
4.6577
33.993
37.803
45.469
42.464
59.098
35.145
-34.1
-32.732
7.4449
17.715
9.6801
18.878
13.728
-10.058
10.14
23.434
46.137
50.486
1.1289
-30.166
-1.7184
25.605
12.875
-21.388
-13.346
NaN
NaN
NaN
NaN
42.081
58.102
-46.707
-60.566
-89.538
-96.218
-90.186
-53.983
-23.844
0.86501
-5.9409
-24.442
-47.404
-71.256
-32.379
9.5283
20.737
34.336
8.1604
14.825
17.339
9.987
0.75468
NaN
NaN
NaN
NaN
53.957
55.88
44.191
34.042
27.316
7.9077
-9.7347
21.46
30.834
36.086
38.776
39.226
31.507
42.803
18.732
23.902
-34.251
-57.794
-50.497
-59.678
-41.932
-29.295
-66.939
-55.348
-23.79
-10.074
5.3604
32.448
18.839
-26.759
-67.77
-65.613
-48.772
-13.86
-66.667
-59.387
-50.832
-47.694
9.879
58.878
50.644
52.912
55.768
61.511
54.293
25.915
24.225
54.941
47.288
38.599
15.641
4.4124
28.246
2.5495
23.771
14.487
-5.2786
1.7369
23.008
29.52
-7.2588
-3.5872
-12.691
-23.955
-39.814
-25.84
NaN
NaN
NaN
NaN
-35.991
-58.294
-22.425
-18.239
24.156
-7.6216
-26.4
-4.6809
-14.898
-16.813
0.71716
14.806
12.54
-4.8475
19.325
-14.795
-46.837
-59.811
-78.481
-41.025
18.838
36.552
51.293
37.971
27.992
35.993
47.246
41.743
19.995
-5.2853
27.528
31.202
16.929
-13.094
-6.1317
-44.012
-32.231
-6.7769
23.663
30.57
41.757
26.613
30.283
37.674
66.475
49.607
17.167
29.414
-4.2269
-55.833
-67.214
-75.12
NaN
NaN
NaN
NaN
-9.5608
-9.9445
19.426
-3.9246
17.941
-41.655
-73.017
-97.074
-80.963
-63.764
-40.445
-41.883
-13.501
-8.1433
-8.1397
17.291
35.765
39.271
33.326
48.263
52.263
51.085
82.398
77.131
93.805
92.926
50.072
35.649
11.687
-25.641
-4.218
38.953
52.226
40.529
33.705
27.076
6.322
-15.635
-55.289
-78.696
-35.453
-54.925
-90.357
-79.992
-60.465
-38.518
-18.025
7.6804
-11.329
-39.049
-64.567
-47.403
-34.364
-39.772
-27.099
-62.917
-21.593
-7.5445
-9.5095
44.192
59.975
51.184
36.559
21.999
39.941
35.444
62.407
85.707
58.795
-1.4156
9.065
68.758
42.131
32.479
17.21
19.716
5.1633
32.497
26.061
