NaN
NaN
NaN
NaN
NaN
NaN
NaN
NaN
NaN
NaN
NaN
NaN
NaN
NaN
NaN
25.044
32.561
27.862
8.0794
-33.111
-54.116
-17.371
14.679
7.4894
12.506
NaN
NaN
NaN
NaN
-1.5395
-23.889
-4.6613
10.393
19.224
-38.412
-0.39561
3.0276
NaN
NaN
NaN
NaN
NaN
NaN
-18.832
65.665
90.122
-2.8261
57.133
-18.145
-55.34
-35.085
-0.39396
27.235
45.5
42.868
18.452
23.616
-9.5292
-17.493
21.379
24.586
-4.6156
-5.6359
15.352
26.814
35.445
-7.2341
-54.808
-38.376
-1.8995
-6.7368
-41.611
-52.957
-19.455
-15.084
-35.299
-22.19
-20.637
-17.731
-17.078
16.034
43.489
38.555
7.0491
-10.967
8.4082
29.445
29.559
3.7082
12.759
26.275
37.01
-11.246
-28.638
12.773
-2.8332
-18.072
-53.909
-35.47
18.735
48.221
11.966
24.308
67.064
32.158
10.145
37.662
37.612
-1.9321
-54.379
-30.398
-32.513
-47.493
-57.653
-46.739
-28.153
-27.211
-27.764
13.486
35.414
22.902
-34.711
-14.053
4.1848
23.881
40.645
-14.53
-6.6379
29.762
8.6597
-14.973
6.1718
20.791
46.637
-9.0803
1.6378
27.507
25.935
41.379
17.981
-31.865
-24.121
12.159
-32.351
-36.759
14.277
-15.263
-6.1381
-5.5016
5.9096
-4.4004
-35.84
-30.467
10.288
-12.555
-10.046
8.2544
-2.5871
17.583
10.242
0.68354
-21.783
33.802
13.985
6.297
18.762
-8.2807
23.165
19.985
0.88373
21.876
6.8865
41.237
65.556
-28.848
-17.384
-82.186
-80.676
-65.47
-42.025
-29.09
21.798
13.504
16.928
50.176
6.0362
3.1958
42.925
47.952
-12.321
-40.559
4.4512
-22.011
19.614
-4.5875
-6.6131
-1.093
-6.0095
33.023
75.45
-10.834
-49.66
-30.812
21.938
5.8634
12.681
-3.6556
-18.177
29.527
37.655
-68.049
-39.196
9.2308
18.774
16.124
-19.01
-5.3741
-1.4703
25.805
55.384
84.038
4.1285
-40.7
-67.186
-11.173
-32.735
-69.164
-47.27
10.2
-5.136
-8.967
-1.8313
-6.1369
3.6844
23.458
27.356
40.961
33.819
-6.0189
