28.256
-41.723
-12.3
-24.76
-5.7104
-19.198
-2.114
-30.855
-0.61801
-55.901
-6.0876
12.078
NaN
NaN
NaN
NaN
NaN
NaN
NaN
NaN
NaN
NaN
32.334
43.568
30.301
21.472
22.716
NaN
NaN
NaN
NaN
-72.455
-31.298
-9.3199
4.9539
17.927
10.261
4.8277
-23.387
-54.126
-39.155
0.62555
46.007
25.038
0.94052
20.206
2.9355
-28.534
-15.763
-40.251
-68.899
-6.7664
11.437
64.605
8.8777
-15.368
10.138
4.5776
15.664
111.38
138.42
109.98
64.363
37.516
-4.4171
-42.79
-43.245
-40.076
-45.243
-37.518
-28.638
-48.812
-44.331
-49.967
-44.012
-34.296
-23.181
-25.154
-50.816
-19.539
-30.02
1.4163
13.531
12.401
74.99
32.517
33.69
11.36
30.498
17.27
-3.6002
8.6534
9.6099
-5.0487
22.99
30.497
1.1144
11.317
7.4233
14.175
26.205
30.856
30.798
-3.2648
-2.4448
-48.814
6.891
15.327
16.099
-37.019
-57.994
-84.106
-91.729
-18.474
7.2169
4.6945
-14.845
-24.854
-3.1198
54.604
55.361
106.07
54.212
-6.5232
-17.536
-64.214
-15.89
-3.6983
-17.178
34.924
-30.476
-23.351
-33.881
-54.12
16.212
-5.4687
47.685
64.451
43.696
28.517
8.2481
15.799
9.2083
2.9111
-41.743
2.4249
-5.1287
-19.811
-20.658
-25.35
-29.387
6.264
-8.8329
3.483
15.65
-1.2201
-3.1935
31.853
32.44
3.1171
-35.165
-12.066
-23.719
32.693
-13.703
-30.906
88.769
36.886
13.881
NaN
NaN
NaN
NaN
NaN
NaN
NaN
NaN
NaN
NaN
NaN
NaN
NaN
NaN
NaN
10.719
35.559
30.063
39.508
39.701
18.214
19.136
16.979
29.301
-203.18
3.9119
-38.591
20.698
0.34994
42.457
-19.427
13.325
10.024
NaN
NaN
NaN
NaN
NaN
72.499
9.2904
8.9258
-26.31
7.8511
40.087
NaN
NaN
NaN
NaN
NaN
NaN
NaN
24.467
-15.045
41.989
-57.824
-44.534
-19.242
41.17
-7.3848
-8.3595
-32.155
4.9899
6.044
NaN
NaN
NaN
NaN
92.45
112.69
102.9
81.18
44.367
-32.461
-76.025
-11.949
-30.698
5.1817
-25.029
-14.41
-1.2153
63.005
-57.449
-71.23
-65.214
-57.94
-76.163
-95.005
-24.669
19.868
11.605
3.6543
-29.107
28.076
77.426
63.177
19.28
29.889
22.492
9.3196
-18.971
-55.99
-19.652
-1.5466
NaN
NaN
NaN
NaN
-2.8041
29.339
44.71
10.755
-29.378
-82.528
-74.051
-44.872
-33.77
-27.732
-21.155
29.264
49.474
29.977
-13.153
-35.176
15.928
16.824
-26.988
-19.368
21.177
16.482
34.821
76.944
-7.9029
35.134
-30.1
-12.923
-15.796
-46.075
-24.818
4.4178
-21.375
16.261
