NaN
NaN
NaN
NaN
NaN
NaN
NaN
NaN
NaN
NaN
NaN
NaN
NaN
NaN
NaN
NaN
NaN
NaN
NaN
NaN
NaN
-44.443
9.28
-39.97
-57.982
-30.929
5.2362
43.992
6.2912
12.169
3.2969
-19.327
41.784
-46.571
-25.962
11.619
24.977
15.175
-8.0354
-17.013
-24.577
-47.59
-22.719
-33.194
-7.9076
-13.115
-34.082
23.968
68.005
67.551
23.47
75.216
106.78
35
11.246
-10.55
-50.713
-56.657
-35.048
-45.562
-35.173
-60.599
-11.73
18.585
55.577
53.275
20.692
-19.295
-62.087
9.7149
7.1056
98.095
NaN
NaN
NaN
NaN
NaN
NaN
-68.646
-40.3
1.1268
1.2548
32.572
-55.166
-34.261
-46.011
-0.97119
23.892
-28.596
-26.565
3.7007
38.889
18.215
-10.039
-11.319
-57.543
-1.6326
11.175
10.834
0.018449
26.708
41.211
33.663
44.914
91.811
35.586
25.62
46.647
NaN
NaN
NaN
NaN
NaN
NaN
NaN
NaN
NaN
NaN
NaN
NaN
-37.893
-35.186
-71.306
-56.274
-45.519
-11.249
-32.95
-11.543
15.082
229.63
1.9994
0.81472
NaN
NaN
NaN
NaN
NaN
NaN
NaN
NaN
NaN
NaN
NaN
NaN
NaN
NaN
NaN
NaN
NaN
NaN
-26.78
-5.752
37.021
-4.8726
-42.251
-37.972
9.9552
-6.2878
46.1
-10.717
-11.097
-59.907
-22.012
24.057
-15.324
-34.018
-22.346
-56.775
NaN
NaN
NaN
NaN
NaN
15.32
36.707
-31.178
-2.3858
-20.526
-47.059
17.668
23.522
40.145
22.589
14.911
-19.443
2.8183
32.678
-34.764
3.7041
-56.42
-43.92
18.231
18.844
41.594
36.976
85.57
68.943
10.573
-29.247
50.329
0.83091
10.142
-20.793
-35.792
-26.194
-24.704
-24.505
-25.486
22.873
11.897
35.39
-9.0406
19.657
34.964
-15.462
-51.707
-32.68
-46.902
-18.362
81.878
-22.9
-118.67
-104.89
-61.223
91.53
26.906
52.466
20.671
13.134
-8.1717
-29.761
-29.639
-10.55
19.909
-3.7931
-8.4266
38.704
30.08
42.959
91.869
30.732
30.633
12.061
45.723
-53.92
38.494
-0.14497
-48.338
-40.665
14.515
-5.5318
-68.95
-56.271
-93.716
-33.641
57.227
39.734
19.572
7.5769
43.748
72.65
45.243
1.2408
-13.949
23.15
NaN
NaN
NaN
NaN
NaN
NaN
NaN
-85.693
3.0466
45.224
16.754
31.366
64.564
47.361
30.633
44.484
18.955
56.234
-27.18
81.449
