-19.281
-75.258
-75.803
-69.918
-18.574
-1.481
16.177
-46.762
48.846
27.115
57.162
75.389
NaN
NaN
NaN
NaN
NaN
NaN
NaN
NaN
NaN
NaN
42.975
36.859
25.709
49.932
61.394
NaN
NaN
NaN
NaN
5.8535
-8.9334
-10.648
-23.691
-24.991
-3.2773
0.66407
11.755
9.7833
20.138
41.361
-22.117
-36.418
45.165
64.624
20.231
59.459
38.649
-3.0981
-66.503
-81.193
-52.652
-54.479
-45.175
-17.738
12.436
-17.413
-19.043
-12.398
-3.909
35.583
28.408
17.342
-37.448
-33.38
-5.02
52.794
20.858
47.908
45.023
3.8352
-21.61
0.55373
6.3444
1.5468
4.3295
40.337
3.9821
39.93
14.865
12.639
53.154
55.166
58.477
-30.4
-83.338
-107.25
-106.25
-97.826
-42.885
-28.495
-7.0191
21.646
48.524
40.808
51.543
49.259
44.304
23.709
9.5318
-25.676
2.8215
0.65529
-33.519
-68.875
-29.577
-7.7492
21.462
25.51
-195.91
36.698
47.213
51.33
63.121
54.88
34.887
-45.061
-31.494
23.959
18.205
41.339
-75
-36.86
-31.378
4.6657
64.649
45.811
64.923
86.004
11.496
-63.103
-28.985
0.50851
32.497
36.93
77.155
36.949
-54.33
-111.84
-120.21
-94.811
-68.326
-74.566
-41.664
24.258
68.091
107.94
4.2916
-68.549
-78.385
-11.71
11.644
25.089
23.476
48.341
28.298
-8.2926
-19.446
-12.655
56.198
65.371
64.735
91.917
39.101
-13.839
99.598
40.506
37.436
NaN
NaN
NaN
NaN
NaN
NaN
NaN
NaN
NaN
NaN
NaN
NaN
NaN
NaN
NaN
-14.134
64.325
0.044973
5.4737
5.9633
80.37
51.438
76.947
53.313
27.621
-44.879
-85.292
7.1488
-43.384
-4.5255
-23.396
7.9876
-60.547
NaN
NaN
NaN
NaN
NaN
28.962
-10.988
77.038
34.338
91.798
69.455
NaN
NaN
NaN
NaN
NaN
NaN
NaN
-51.23
-41.74
-0.40411
44.273
47.647
69.044
46.214
-49.506
-57.625
-53.625
42.038
15.1
NaN
NaN
NaN
NaN
65.434
58.186
47.793
-90.198
-54.661
33.388
-3.4654
1.8213
-13.529
-2.0178
25.186
39.729
44.66
56.679
33.758
-22.838
-49.954
-21.371
-26.888
-31.743
16.052
48.23
-47.523
-60.71
-63.608
-26.508
-28.569
-17.103
20.537
57.15
71.364
28.047
-0.93085
32.012
76.396
74.965
NaN
NaN
NaN
NaN
-18.041
19.281
-8.271
-18.892
-29.924
-106.45
-100.27
-55.111
53.228
53.034
92.858
143.72
86.196
21.96
-87.087
-86.686
-43.566
18.197
7.6588
7.2185
29.954
29.876
88.434
51.174
11.198
-33.18
-91.821
-26.379
-14.466
-2.9815
2.8588
13.06
84.286
23.349
