66.226
37.785
12.951
18.27
4.9799
49.741
27.303
18.545
-23.831
-54.052
-31.082
-40.137
-32.001
-91.292
-39.375
-25.343
-13.259
-31.264
-41.029
5.0534
-18.871
5.7435
-0.4326
13.981
26.457
-3.1854
-8.4511
-14.546
78.536
66.992
88.54
54.463
29.487
25.419
-8.3355
9.3317
56.512
45.026
NaN
NaN
NaN
NaN
NaN
-24.685
-25.502
-7.0321
-40.176
-35.077
-39.07
-4.3233
-11.583
25.754
-0.04411
-40.721
36.412
34.904
42.757
-1.9548
-3.9855
80.783
86.143
66.486
23.848
5.2292
-26.949
13.829
5.741
37.309
9.5978
43.305
-23.855
-1.2912
3.9916
1.13
-69.929
-71.401
-10.036
-4.0384
-42.9
-99.888
-113.52
-36.059
-41.781
36.464
13.308
-0.48429
-10.323
-32.285
-14.182
62.097
70.881
60.517
59.643
42.071
9.3195
48.064
23.41
30.19
-6.6814
22.453
32.451
19.424
51.514
5.5414
-4.4947
NaN
NaN
NaN
NaN
NaN
NaN
NaN
NaN
NaN
NaN
NaN
NaN
NaN
NaN
NaN
NaN
74.471
47.411
44.297
7.3319
-8.973
-5.6113
5.7908
3.0787
-11.608
0.098037
35.853
-18.173
5.4939
-33.612
-13.876
-45.697
-7.8587
28.758
6.3139
NaN
NaN
NaN
NaN
NaN
NaN
NaN
13.375
27.619
-37.695
-44.799
-17.544
5.6032
-3.5203
NaN
NaN
NaN
NaN
-2.0002
-15.888
52.711
58.569
58.25
20.809
72.723
78.997
46.886
-28.112
NaN
NaN
NaN
NaN
NaN
NaN
NaN
NaN
NaN
NaN
NaN
NaN
NaN
NaN
NaN
NaN
NaN
NaN
NaN
NaN
NaN
NaN
NaN
NaN
NaN
NaN
NaN
NaN
NaN
NaN
NaN
NaN
-52.98
-48.494
-35.74
-43.101
-65.668
-28.315
-25.28
-68.409
-15.625
-5.0966
-17.615
NaN
NaN
NaN
NaN
30.026
45.075
53.982
-16.394
-60.943
-55.753
8.7364
-14.279
3.7058
7.8353
119.91
46.944
-10.078
-63.006
-29.831
-13.773
-16.514
-43.199
5.4896
65.946
-0.26462
12.907
16.999
19.112
8.3208
13.83
30.589
-10.637
32.751
-8.0936
-16.387
57.713
40.132
-46.373
-31.314
-42.794
-31.304
-39.175
-22.176
-5.9674
-46.932
14.845
-21.932
-39.596
-20.762
1.1646
14.574
-28.759
19.669
16.124
-7.4261
29.894
37.177
2.5471
37.399
3.5372
-5.2482
-26.113
-32.62
-26.974
NaN
NaN
NaN
NaN
NaN
-18.287
-77.747
-67.606
-15.997
38.409
12.743
-10.228
5.3181
38.803
19.805
-2.2889
-34.709
-50.735
-54.051
-40.61
-84.83
-68.719
-26.931
NaN
NaN
NaN
NaN
NaN
NaN
NaN
NaN
NaN
NaN
NaN
NaN
NaN
NaN
