-65.541
16.188
-9.2231
-77.997
-77.663
-6.2458
49.262
5.0733
23.507
22.631
14.695
2.2762
-13.774
19.757
19.709
28.586
-23.335
-66.374
-51.826
-43.317
-12.023
2.9756
17.139
56.062
57.429
37.721
41.893
70.867
133.19
11.197
-55.648
-65.935
-70.676
-28.797
-47.502
-52.387
15.119
23.137
NaN
NaN
NaN
NaN
NaN
-19.875
32.069
14.186
31.494
-18.214
-10.994
-35.998
-31.607
32.16
-4.3346
3.659
-56.157
-26.176
24.294
34.368
64.255
48.486
30.879
63.953
-15.463
-27.615
-48.191
-28.086
-20.328
-7.4681
11.219
26.693
77.455
11.313
-28.542
3.7459
22.08
-25.035
-18.732
3.454
-41.561
-68.199
-52.9
-1.0771
-16.822
39.03
42.017
1.6348
-4.7484
5.8595
45.814
24.808
17.854
-35.604
-21.286
12.784
5.825
23.642
13.51
-6.4113
-54.028
-40.43
-0.14641
7.8824
59.633
13.539
14.623
NaN
NaN
NaN
NaN
NaN
NaN
NaN
NaN
NaN
NaN
NaN
NaN
NaN
NaN
NaN
NaN
93.684
47.175
30.128
1.9784
23.361
62.211
25.433
22.154
-14.108
-14.132
-13.777
12.89
-8.97
-28.742
-4.6256
-3.1976
-39.422
-25.192
-11.872
NaN
NaN
NaN
NaN
NaN
NaN
NaN
11.767
-2.5548
-66.464
-50.791
-2.8772
8.0453
44.984
NaN
NaN
NaN
NaN
-30.448
-9.8674
-3.4292
23.869
-0.31076
-5.1759
16.097
25.55
40.621
1.8451
NaN
NaN
NaN
NaN
NaN
NaN
NaN
NaN
NaN
NaN
NaN
NaN
NaN
NaN
NaN
NaN
NaN
NaN
NaN
NaN
NaN
NaN
NaN
NaN
NaN
NaN
NaN
NaN
NaN
NaN
NaN
NaN
-21.867
5.4916
34.459
31.034
85.553
51.844
19.695
-6.3215
2.8459
-8.0747
-0.78588
NaN
NaN
NaN
NaN
-14.893
-7.0047
9.0727
-23.103
-66.473
-75.896
-8.0248
-3.1749
-11.893
-57.464
-0.050091
-7.7244
19.06
9.7373
36.981
14.497
46.924
15.296
-26.664
-24.714
4.8133
47.962
58.399
82.148
52.128
18.599
20.48
4.8755
-14.323
-30.591
8.0454
-9.9227
-6.4168
-28.624
-1.0272
-37.65
-0.19397
-33.467
-6.2496
-23.228
-9.5285
-14.429
-18.651
0.39516
32.654
32.848
-21.105
-43.483
-35.762
-16.317
28.907
26.623
25.456
-50.525
-87.755
-7.4905
-6.681
17.348
48.027
40.725
NaN
NaN
NaN
NaN
NaN
11.436
-22.61
-48.326
-5.9151
-22.874
5.8462
8.4801
4.0165
-35.177
5.4492
-19.977
-25.579
-27.159
-12.507
44.924
37.421
-34.634
-22.695
NaN
NaN
NaN
NaN
NaN
NaN
NaN
NaN
NaN
NaN
NaN
NaN
NaN
NaN
