NaN
NaN
NaN
NaN
-15.491
42.224
33.589
-18.845
-40.68
-33.736
-52.408
-84.787
-40.522
5.8414
38.55
-36.375
1.5319
41.75
54.54
-10.975
-34.379
-22.1
-27.341
-18.383
-5.6027
17.841
25.36
30.861
1.0552
-4.3844
3.7308
21.969
26.525
6.9376
11.607
-7.8729
16.131
28.835
10.318
13.116
-25.81
-114.76
-81.654
-39.887
9.9136
31.539
23.531
14.763
40.531
72.659
48.196
44.782
11.95
43.534
2.9904
-5.236
-21.092
-28.504
-61.212
-87.157
-45.736
-56.999
-76.949
-20.221
29.726
44.998
47.339
62.337
-29.779
-62.761
-3.0566
18.029
63.913
64.566
99.355
93.393
7.0052
-55.272
4.4021
42.108
-66.943
-92.584
-27.773
-37.464
-51.914
-39.204
-28.348
-10.89
55.711
35.898
51.375
-37.499
-18.998
-3.3317
42.213
37.27
-65.864
-33.068
13.356
19.24
39.862
65.155
22.707
16.834
-28.863
-11.372
-10.19
-37.511
-21.97
1.3194
-6.5095
25.129
10.445
34.647
22.105
38.584
44.577
-14.591
-60.501
-55.266
-13.362
-24.805
7.5768
-15.326
-64.104
-20.523
-48.708
2.7833
9.6245
1.6608
35.864
26.383
7.295
-10.468
-24.158
14.43
9.1831
55.702
41.345
4.2276
1.8702
27.958
41.295
20.13
-18.476
14.868
45.891
23.959
27.546
32.48
36.376
-41.466
-60.563
-36.725
-75.414
-126.19
-80.278
-76.645
-58.983
6.3305
72.713
65.851
8.4039
8.5339
6.6266
7.7164
26.16
17.216
54.757
13.491
34.714
5.1282
-69.816
-60.301
-30.259
67.115
82.002
69.871
29.539
-28.915
-27.243
-1.5989
15.068
14.366
9.906
42.841
-15.027
-24.664
-59.859
-33.682
16.914
14.707
-2.0953
3.8098
NaN
NaN
NaN
NaN
NaN
30.959
79.006
30.25
10.149
-3.9601
-24.355
-5.0458
8.2218
3.6969
NaN
NaN
NaN
NaN
9.0929
-22.722
-20.722
-19.596
24.909
77.449
60.599
21.293
NaN
NaN
NaN
NaN
NaN
NaN
NaN
NaN
NaN
NaN
NaN
NaN
NaN
NaN
NaN
NaN
NaN
NaN
NaN
NaN
NaN
NaN
NaN
NaN
-35.691
82.335
64.912
26.763
27.494
NaN
NaN
NaN
NaN
NaN
NaN
