NaN
NaN
NaN
NaN
NaN
NaN
NaN
NaN
NaN
NaN
NaN
NaN
NaN
NaN
NaN
NaN
NaN
NaN
NaN
NaN
NaN
99.864
40.597
60.076
64.552
53.647
54.415
-80.731
-38.688
-44.577
1.7661
-2.1391
-46.7
-10.13
-15.414
73.969
-15.851
-28.727
7.105
47.486
23.18
73.835
47.179
34.401
15.832
-17.895
-57.506
-103.06
-36.877
-62.695
-51.456
-78.636
-49.711
-53.484
-8.1967
17.442
18.178
-0.63674
-22.025
-9.5638
-30.072
-37.884
-12.441
-13.279
-10.482
-6.1865
-26.476
19.803
24.007
19.386
63.983
17.715
NaN
NaN
NaN
NaN
NaN
NaN
44.992
68.859
21.088
25.407
-31.643
-62.556
-63.039
-38.593
-35.46
-36.106
26.757
16.017
-16.312
-27.618
-63.362
-34.28
-68.149
-62.221
-9.2371
37.232
17.775
-52.414
-48.418
-1.8927
-14.079
10.847
-45.111
-3.4503
55.17
65.675
NaN
NaN
NaN
NaN
NaN
NaN
NaN
NaN
NaN
NaN
NaN
NaN
23.611
2.7491
67.621
71.198
100.26
60.212
59.509
15.991
84.777
26.909
-38.052
-93.186
NaN
NaN
NaN
NaN
NaN
NaN
NaN
NaN
NaN
NaN
NaN
NaN
NaN
NaN
NaN
NaN
NaN
NaN
-52.215
33.123
3.3367
28.444
11.949
2.6441
-4.0428
-6.9097
6.5882
26.408
12.829
-10.264
-44.884
6.0813
-3.1747
21.612
-3.9477
40.13
NaN
NaN
NaN
NaN
NaN
71.641
53.758
13.175
23.342
34.333
17.209
-20.229
1.625
33.72
-40.98
-60.847
-47.714
26.366
20.233
20.291
24.917
16.964
-2.3337
-61.46
-19.524
-49.106
-48.323
-105.62
-107.77
-91.889
-55.842
-56.787
-53.447
-52.652
-47.716
-18.987
6.1025
31.001
28.544
69.422
82.144
80.449
65.831
46.352
51.843
58.648
52.918
22.607
-11.319
18.262
16.535
-0.68081
-22.77
20.59
54.136
17.879
0.3959
83.906
3.6248
6.8588
-2.5733
59.99
28.87
37.669
-11.209
-28.797
-68.213
-74.703
-16.646
-12.487
-62.768
-79.88
-54.954
-49.756
1.2051
-79.772
-97.357
-97.279
-27.74
-37.07
-28.125
-42.014
-9.8623
0.79833
-20.284
43.309
74.769
120.72
-5.7757
-3.3541
75.475
46.291
62.252
50.889
64.707
78.937
92.7
NaN
NaN
NaN
NaN
NaN
NaN
NaN
71.467
30.433
-67.575
-55.125
-46.535
-65.601
-30.482
-48.19
-80.13
-92.507
-95.199
-109.3
-79.613
