-53.431
-40.031
-117.2
-112.78
-118.52
-27.131
-46.573
-52.288
38.327
-4.2717
28.96
-12.384
17.079
29.19
23.654
5.7051
54.429
70.034
21.678
14.944
20.789
66.892
70.203
62.983
33.516
47.818
42.054
63.247
15.428
-74.021
-62.269
-41.926
-19.805
-48.372
-47.043
-12.638
-25.74
-29.891
NaN
NaN
NaN
NaN
NaN
9.2972
-38.889
11.39
-15.668
34.099
24.467
-3.5414
-13.23
17
2.1396
4.0283
-22.98
20.427
-5.5326
17.781
28.972
78.337
51.629
40.881
-6.8131
69.747
18.346
30.831
0.34033
-3.625
-55.888
13.007
2.041
-26.507
-56.262
-0.19033
-9.2315
-30.56
-10.928
-31.978
9.1875
-5.3124
7.7809
36.908
-9.0724
14.309
-6.2196
-21.188
0.33226
7.3634
0.45514
-53.903
-14.845
-3.9066
-7.3379
-12.912
-33.873
15.615
-19.747
-11.274
-23.419
38.44
27.241
3.7146
42.513
26.24
13.355
NaN
NaN
NaN
NaN
NaN
NaN
NaN
NaN
NaN
NaN
NaN
NaN
NaN
NaN
NaN
NaN
-33.867
-62.347
-13.534
-5.1175
-4.2162
23.129
12.293
35.904
-6.4749
3.8696
-7.5129
29.61
-11.891
-23.366
12.077
9.5757
-36.52
-57.884
13.464
NaN
NaN
NaN
NaN
NaN
NaN
NaN
-21.817
-29.935
-33.149
-6.097
-21.764
34.13
52.015
NaN
NaN
NaN
NaN
-34.995
-11.07
-13.21
8.3085
-22.598
-79.934
-32.423
-30.363
2.5208
-15.708
NaN
NaN
NaN
NaN
NaN
NaN
NaN
NaN
NaN
NaN
NaN
NaN
NaN
NaN
NaN
NaN
NaN
NaN
NaN
NaN
NaN
NaN
NaN
NaN
NaN
NaN
NaN
NaN
NaN
NaN
NaN
NaN
9.8537
37.133
82.779
67.525
103.69
38.198
34.271
44.401
60.164
24.254
85.664
NaN
NaN
NaN
NaN
-29.882
-30.416
-36.425
-54.711
-25.149
-14.92
-29.157
-107.35
-101.52
-90.163
-86.619
-10.525
30.916
58.722
58.386
35.651
66.766
-9.4038
-20
-4.986
30.073
36.723
51.627
76.533
30.6
14.555
-11.249
5.0075
10.285
-6.978
-18.844
-61.09
15.468
33.133
71.781
43.473
70.653
54.293
-18.358
-96.449
-77.742
0.1832
2.6547
48.022
-23.166
40.674
-12.46
-75.879
-36.6
-39.752
-48.248
-38.296
-54.408
-26.497
-29.069
-5.4055
17.172
68.792
95.901
73.895
NaN
NaN
NaN
NaN
NaN
65.689
54.698
39.112
6.8523
-5.6535
2.3948
-23.233
0.55464
-35.592
16.373
7.2709
34.769
81.987
77.403
30.826
-12.935
-2.7497
10.69
NaN
NaN
NaN
NaN
NaN
NaN
NaN
NaN
NaN
NaN
NaN
NaN
NaN
NaN
