28.94
24.983
0.51215
35.66
16.482
4.2011
19.24
8.7896
-30.627
-93.251
-89.865
-51.634
NaN
NaN
NaN
NaN
NaN
NaN
NaN
NaN
NaN
NaN
-48.154
-46.512
-11.592
-43.111
-16.985
NaN
NaN
NaN
NaN
19.929
36.28
65.815
-5.0833
13.933
5.0147
9.2574
-38.346
-28.477
1.3117
-5.0654
25.692
8.414
25.067
3.6005
17.237
-7.4199
12.538
-8.269
-2.2988
1.8314
-5.1143
9.0251
-21.524
-28.399
9.6051
-2.2865
32.14
43.714
49.392
1.4377
15.678
31.703
-7.0639
1.8398
-51.6
-22.34
-29.939
-18.852
-29.83
-72.187
-42.551
-3.4911
18.024
-9.9072
9.5405
-23.362
6.3456
14.51
14.536
33.463
5.6112
19.969
58.742
37.675
9.8851
-27.303
-14.301
-14.959
-48.257
-5.2079
-15.479
-36.112
4.227
-20.02
9.0331
7.7731
29.05
57.584
55.053
84.893
45.386
18.566
0.60947
-26.159
26.185
-6.7676
-32.598
-15.486
4.8742
-78.525
-36.76
-32.271
-47.486
-27.158
-39.23
-9.8731
-16.154
-5.839
-8.8995
53.045
25.118
-10.81
-51.891
5.9577
-16.432
-28.617
-23.48
-17.663
10.889
-11.155
20.481
66.144
105.63
78.825
112.46
115.45
56.484
-8.851
-28.598
-37.638
-48.251
-55.533
-52.422
-23.033
11.558
-1.9185
-31.386
-15.067
-46.764
-18.314
-10.552
-44.007
-41.974
-37.31
-44.724
23.412
25.355
5.0831
18.577
-8.2785
-2.9403
32.524
47.909
36.066
26.707
57.417
22.604
NaN
NaN
NaN
NaN
NaN
NaN
NaN
NaN
NaN
NaN
NaN
NaN
NaN
NaN
NaN
-23.664
21.913
53.858
15.607
67.136
17.219
13.012
26.81
11.663
-200.5
56.206
-13.381
7.1224
-25.034
-14.166
2.6155
-6.378
3.502
NaN
NaN
NaN
NaN
NaN
-41.615
-17.425
2.8196
23.793
0.70713
-23.887
NaN
NaN
NaN
NaN
NaN
NaN
NaN
-37.897
-4.5627
41.018
13.204
14.354
0.82964
60.787
-10.82
-61.757
-38.872
-37.892
-15.018
NaN
NaN
NaN
NaN
73.55
99.145
62.701
40.107
-15.747
-79.445
-6.7125
-0.69001
-38.423
-60.612
-40.399
-14.906
6.8649
21.434
-67.797
-39.635
9.2822
-12.427
-36.926
-45.835
-0.90805
23.627
-12.065
-3.3825
-2.0505
25.486
73.775
35.564
0.14198
30.771
75.86
62.521
34.841
6.9783
-2.0058
6.7916
NaN
NaN
NaN
NaN
-14.274
9.2269
-42.243
-37.647
-39.785
-18.888
-25.082
-2.0992
-3.3481
26.127
19.216
-10.494
31.707
15.029
-18.808
-40.944
2.4248
0.9391
-32.627
-32.954
11.356
-28.1
19.628
41.375
-21.222
16.037
5.3109
13.258
-3.0924
-32.795
-5.2699
-23.257
20.989
100.27
