-28.3
8.5424
-8.4839
5.6489
-0.7601
21.905
13.549
-71.586
-51.813
-28.091
-34.882
-29.948
-26.797
-30.445
7.2943
-12.33
-7.8991
-7.5836
-21.91
-6.4761
-4.9032
41.174
19.685
35.413
14.447
23.587
28.869
84.755
59.57
10.995
-21.035
-22.734
-18.643
-8.0202
-1.5401
-5.5951
15.043
4.459
NaN
NaN
NaN
NaN
NaN
5.5205
22.745
15.5
-14.382
-32.5
-11.297
-44.011
3.0735
-11.574
-39.009
-17.828
-34.389
6.2164
47.372
57.522
11.235
41.091
12.933
5.9031
-10.693
-16.615
-20.329
17.984
5.6928
-9.3803
-20.032
-8.545
-14.497
10.536
-43.7
12.506
-20.195
-34.298
-20.683
-15.666
-39.111
-1.0969
58.018
75.951
27.683
31.655
29.334
38.033
75.967
48.911
14.009
-57.581
-48.112
-28.563
14.028
14.613
-3.1449
5.0585
-15.056
-23.873
-63.765
-1.7259
-35.286
-23.051
-14.269
-5.1185
38.968
NaN
NaN
NaN
NaN
NaN
NaN
NaN
NaN
NaN
NaN
NaN
NaN
NaN
NaN
NaN
NaN
18.615
-39.288
-8.234
27.543
37.641
66.333
29.421
25.466
-2.5229
-12.563
-43.28
17.466
-8.6221
0.70133
-11.576
0.079451
-26.84
-36.915
-8.2244
NaN
NaN
NaN
NaN
NaN
NaN
NaN
16.317
-47.145
-12.918
8.9846
21.368
-5.22
-4.3575
NaN
NaN
NaN
NaN
-27.994
38.32
-17.89
16.167
-18.389
15.553
27.65
-3.1817
-1.8489
17.153
NaN
NaN
NaN
NaN
NaN
NaN
NaN
NaN
NaN
NaN
NaN
NaN
NaN
NaN
NaN
NaN
NaN
NaN
NaN
NaN
NaN
NaN
NaN
NaN
NaN
NaN
NaN
NaN
NaN
NaN
NaN
NaN
-11.322
-14.964
0.45571
-7.2266
-10.061
4.7804
-13.89
33.179
22.566
35.457
22.182
NaN
NaN
NaN
NaN
15.063
50.24
45.516
19.431
34.526
94.709
69.96
22.27
-59.531
-69.165
-13.884
-27.134
-47.771
-57.362
-38.61
-55.571
-52.112
1.4323
19.92
-16.08
-30.517
-11.33
6.4498
53.502
47.288
50.229
9.4774
19.722
-20.818
-4.7966
9.4355
-1.083
-8.1416
-2.4626
-9.9581
-9.529
1.4761
-19.876
50.752
7.2391
48.848
6.0406
-8.3802
20.337
12.102
-32.146
-39.812
-46.363
32.408
20.034
12.118
-35.569
-48.767
-13.232
-12.625
20.449
17.608
46.674
34.141
71.471
NaN
NaN
NaN
NaN
NaN
-45.494
-39.626
-26.566
11.452
37.855
-7.6581
-21.609
2.9235
-29.159
-10.201
-60.065
-36.833
-35.689
-1.397
-25.662
-22.477
4.1318
63.954
NaN
NaN
NaN
NaN
NaN
NaN
NaN
NaN
NaN
NaN
NaN
NaN
NaN
NaN
