28.601
-82.013
-69.542
-83.95
-14.394
-25.446
1.703
4.1523
56.089
6.8952
7.9735
65.546
NaN
NaN
NaN
NaN
NaN
NaN
NaN
NaN
NaN
NaN
7.9293
-15.471
-2.7373
-12.659
6.4541
NaN
NaN
NaN
NaN
7.3571
4.6168
36.273
1.0739
7.3526
37.7
17.493
-18.965
-3.0576
-5.7406
-15.247
-4.7693
-19.111
69.724
58.929
64.406
46.8
35.992
-19.097
-68.183
-49.359
-48.716
-6.3811
-39.84
-83.253
-54.365
-64.782
3.1129
47.493
55.93
16.569
-15.064
27.84
-39.875
10.1
14.824
79.327
39.171
22.559
41.405
-15.878
-47.584
-52.255
-7.9738
-6.3612
-4.1384
12.737
21.992
47.462
21.178
25.214
-4.1377
28.399
94.874
48.77
15.249
-95.403
-97.919
-49.889
-60.49
-30.06
-50.52
-58.835
2.9758
17.805
26.126
42.114
29.232
47.191
8.362
-17.778
-12.434
-8.8077
29.801
-55.77
-27.824
-15.792
2.651
43.348
12.898
2.9724
-15.269
37.045
30.07
46.701
24.766
-13.609
-15.718
-12.225
-5.0494
31.396
2.0372
-24.508
-39.831
-11.525
10.443
23.893
26.066
44.386
-0.15399
-17.443
-36.914
-3.2146
41.621
36.198
56.3
34.424
-12.658
-73.327
-84.466
-66.712
-57.602
-87.047
-67.906
-16.462
19.622
55.45
-11.913
-47.72
-27.199
45.62
44.255
12.856
51.266
71.004
39.481
-6.2247
-18.248
6.4668
59.738
49.924
71.829
88.237
69.443
14.728
67.035
-20.429
-2.4915
NaN
NaN
NaN
NaN
NaN
NaN
NaN
NaN
NaN
NaN
NaN
NaN
NaN
NaN
NaN
54.165
93.227
82.323
86.946
87.122
70.362
40.135
76.847
-51.037
-118.84
30.66
-0.30472
26.942
-5.5336
-19.381
-76.93
-50.321
-2.229
NaN
NaN
NaN
NaN
NaN
11.753
-15.077
39.18
5.6855
49.093
22.249
NaN
NaN
NaN
NaN
NaN
NaN
NaN
-59.367
-38.519
-19.859
-29.545
1.9879
-36.668
0.47384
-54.873
-38.357
0.38717
6.2619
-20.678
NaN
NaN
NaN
NaN
78.614
92.815
74.337
38.533
-36.368
30.985
-4.1154
8.6583
-36.373
-25.679
-5.3321
-28.432
39.194
55.986
68.298
-21.133
-62.772
-62.513
-52.243
-77.404
-20.379
3.9268
-26.572
-38.574
-38.122
-32.271
19.966
46.92
22.426
55.366
50.696
60.3
34.661
-18.109
-23.752
-18.417
NaN
NaN
NaN
NaN
35.049
32.88
-3.2595
-58.59
-37.488
-88.023
-56.556
-56.655
32.855
78.443
73.77
61.572
67.642
65.577
-18.175
-51.479
-28.288
6.6991
9.4402
-36.712
20.234
-25.166
13.153
41.234
-37.068
-12.746
-63.061
-58.964
7.4315
-9.8646
31.875
58.191
16.053
81.232
