NaN
NaN
NaN
NaN
-7.2818
3.7495
27.866
-5.2373
-58.775
-10.549
-32.764
-0.6543
-1.2948
64.392
47.501
-0.2639
-56.377
-11.788
29.078
16.322
11.711
-21.259
4.2694
-7.5158
-0.29598
1.5847
14.88
32.551
28.459
-15.962
-32.45
-6.7298
-0.016762
17.676
0.52913
-31.889
-31.027
12.385
-5.8253
-12.471
17.908
-5.3083
-87.623
-59.865
6.6946
29.959
23.16
-9.3566
19.699
46.316
64.073
67.824
0.37204
5.3317
29.518
26.496
-16.329
-40.935
-42.521
-25.442
-36.188
-53.396
-31.261
-10.136
10.619
50.574
55.113
32.364
-32.192
-27.664
-14.844
-7.4132
-5.3783
22.9
67.323
60.848
40.94
-64.056
-36.874
4.9393
-34.89
-54.268
-51.555
-14.295
-10.145
-6.3405
39.519
36.912
47.253
36.965
43.783
-10.366
-24.105
3.8447
31.096
8.4966
-65.5
-86.173
-49.528
-24.004
25.082
15.554
30.023
32.875
11.578
28.452
37.403
-24.984
-56.78
-71.884
20.348
32.323
65.016
53.885
19.227
28.705
61.861
37.85
-20.85
-56.425
-44.861
-52.526
-24.029
-17.611
-42.433
9.349
-30.082
-36.012
-37.277
-14.093
-21.862
8.408
5.7724
12.5
41.067
44.933
40.619
36.462
54.888
-19.54
-10.481
23.84
19.003
17.539
-33.279
-34.847
25.469
-18.738
-19.862
-15.901
12.525
45.292
-3.7441
-0.15016
26.665
13.749
-67.409
-108.09
-84.407
3.6037
34.116
78.172
80.048
25.126
-20.86
-12.643
-23.026
-27.54
18.154
26.769
13.555
18.046
-33.77
-52.553
-9.4663
2.462
23.347
24.249
-21.4
-47.691
-56.864
-2.9398
39.487
13.206
16.316
2.9803
35.598
28.938
41.066
21.612
38.164
23.774
-5.5587
-4.58
NaN
NaN
NaN
NaN
NaN
-5.87
3.0796
36.361
47.747
4.9781
19.908
11.23
-13.226
-9.0466
NaN
NaN
NaN
NaN
48.928
-10.308
-41.717
-36.23
5.2258
29.562
45.49
-9.0274
NaN
NaN
NaN
NaN
NaN
NaN
NaN
NaN
NaN
NaN
NaN
NaN
NaN
NaN
NaN
NaN
NaN
NaN
NaN
NaN
NaN
NaN
NaN
NaN
56.149
-49.401
31.665
19.672
-25.174
NaN
NaN
NaN
NaN
NaN
NaN
