-32.269
-27.323
14.68
-27.265
-46.474
-17.075
-24.041
-1.1761
-45.343
-56.734
-26.625
-29.822
-50.358
-31.136
36.001
26.848
10.947
14.737
45.115
-7.6678
-2.523
13.286
25.541
50.127
35.97
50.276
39.488
8.4647
25.814
-0.76257
7.811
-12.369
-4.9405
-27.006
24.023
37.36
66.393
26.41
NaN
NaN
NaN
NaN
NaN
-58.765
-28.001
-29.073
-25.265
3.5677
-6.233
-24.106
-14.902
-0.78805
10.441
2.7725
-7.6686
-5.9676
34.688
44.211
38.425
69.005
81.485
55.05
31.807
18.9
19.314
16.454
8.0887
-15.632
-36.1
26.535
-20.544
-7.1667
-10.046
10.318
21.64
-19.801
-29.523
-46.281
-79.278
-79.288
-57.701
16.71
7.4047
24.403
-7.4212
-40.4
-46.319
-6.3175
17.536
28.856
7.6203
4.211
51.872
43.986
1.7574
29.875
23.103
0.69691
-1.2746
55.968
46.484
25.886
4.5118
-18.513
26.139
NaN
NaN
NaN
NaN
NaN
NaN
NaN
NaN
NaN
NaN
NaN
NaN
NaN
NaN
NaN
NaN
28.221
-7.0564
20.765
-15.502
43.24
46.758
22.384
18
36.269
18.601
0.85239
44.278
48.512
4.6998
18.277
-19.975
-9.1411
-70.055
-32.784
NaN
NaN
NaN
NaN
NaN
NaN
NaN
-15.518
15.227
-10.765
-26.598
6.7983
25.732
18.698
NaN
NaN
NaN
NaN
13.145
-12.354
37.971
29.42
7.738
0.86812
21.782
56.532
53.724
40.311
NaN
NaN
NaN
NaN
NaN
NaN
NaN
NaN
NaN
NaN
NaN
NaN
NaN
NaN
NaN
NaN
NaN
NaN
NaN
NaN
NaN
NaN
NaN
NaN
NaN
NaN
NaN
NaN
NaN
NaN
NaN
NaN
-54.617
-12.08
-23.402
-23.59
5.346
22.444
25.338
-3.8273
10.154
-0.82121
16.163
NaN
NaN
NaN
NaN
-4.7367
39.648
-1.1855
-38.042
-68.726
-16.421
21.233
-34.171
-54.249
-58.273
15.839
-20.046
-12.626
-29.143
15.326
40.579
39.96
19.395
-7.1643
-26.405
-42.003
29.314
45.667
65.613
24.301
43.128
32.423
-2.9438
33.493
-0.29521
-10.504
11.847
2.1147
-22.17
-21.976
-11.091
10.511
23.434
-31.927
9.4498
-2.4435
-0.6493
-4.9719
-70.64
-27.356
-5.8365
-52.369
-40.509
-16.606
3.9726
9.2222
5.1677
-11.706
-7.2143
12.276
-16.508
-2.9297
40.877
19.685
52.2
NaN
NaN
NaN
NaN
NaN
-6.1522
-17.019
-35.932
-24.094
27.757
22.103
-16.868
-38.125
-9.2978
-15.624
-1.1072
-43.925
-28.058
-10.322
17.295
-15.206
-54.354
-55.814
NaN
NaN
NaN
NaN
NaN
NaN
NaN
NaN
NaN
NaN
NaN
NaN
NaN
NaN
