NaN
NaN
NaN
NaN
-123.92
-82.961
-56.405
-25.884
-48.947
-53.374
-58.223
-11.602
35.512
96.389
82.266
5.9835
46.918
-27.387
24.412
74.712
40.646
9.3014
-5.4849
-7.3546
22.297
39.969
2.3508
-10.336
23.587
12.052
0.51015
-34.131
-6.1522
-9.5432
-34.917
-48.341
-38.165
-24.022
18.088
-41.772
-36.413
-40.007
2.0048
35.683
21.468
43.578
3.5065
-33.31
-32.216
9.8338
38.496
45.277
38.513
-24.889
-26.87
31.188
19.865
-35.872
19.139
30.512
-4.5486
-28.504
0.90542
7.9625
-12.863
-15.38
45.329
48.961
-1.493
-31.068
-56.299
-13.853
-21.964
11.482
-38.606
3.7873
25.477
24.94
9.9576
-5.6193
18.545
9.8529
33.059
-6.7053
-23.628
1.8011
-22.526
-20.62
-13.458
-39.395
4.975
31.432
65.953
38.565
-13.188
31.711
-2.3889
-39.421
-38.2
-37.641
-27.852
-49.994
-19.675
-13.844
39.32
33.264
30.886
-14.085
9.2114
-10.795
25.707
10.638
20.425
40.191
0.9037
-9.901
0.40603
42.696
-18.757
-10.41
-3.5987
9.1316
31.076
-0.52414
-38.399
-18.33
10.253
11.987
-4.9412
-12.443
-31.49
-33.142
-37.969
-16.775
-9.8284
30.363
-1.6051
32.276
6.879
-15.348
-9.2179
16.358
8.1371
-12.629
-27.869
26.902
66.397
36.934
-33.9
-44.743
-13.754
-7.1757
36.403
8.4208
-81.714
34.879
-6.1989
9.4873
9.2275
9.427
9.838
21.903
16.471
53.983
57.103
7.8312
-5.5688
-56.577
-11.012
-7.2903
21.527
16.179
-11.928
-68.002
-83.467
-19.898
5.7972
13.989
-41.316
-37.671
2.7068
12.635
38.207
7.4707
-14.714
31.164
15.321
21.236
10.934
-2.1983
-25.45
19.301
-6.9726
-13.503
NaN
NaN
NaN
NaN
NaN
19.855
48.22
31.83
35.337
24.964
13.961
19.208
1.6194
21.59
NaN
NaN
NaN
NaN
-2.6375
-14.618
-31.004
-59.637
-64.337
-53.383
-23.12
-22.809
NaN
NaN
NaN
NaN
NaN
NaN
NaN
NaN
NaN
NaN
NaN
NaN
NaN
NaN
NaN
NaN
NaN
NaN
NaN
NaN
NaN
NaN
NaN
NaN
74.058
-7.7585
20.049
56.06
7.1727
NaN
NaN
NaN
NaN
NaN
NaN
