NaN
NaN
NaN
NaN
NaN
NaN
NaN
NaN
NaN
NaN
NaN
NaN
NaN
NaN
NaN
NaN
NaN
NaN
NaN
NaN
NaN
58.528
8.9599
13.153
25.508
15.656
-5.4634
-85.301
-52.109
-35.285
54.139
73.161
-74.788
-31.019
-62.546
54.737
32.463
67.201
24.542
43.471
-9.6678
14.482
40.938
40.365
-60.312
-130.11
-31.384
-29.93
-8.2794
-43.061
22.234
-36.156
-7.2791
4.1749
-2.0934
16.074
67.349
64.164
-2.1038
-37.876
-75.223
-25.649
-36.356
-37.79
-0.54409
-37.602
-6.7117
8.3136
7.2524
16.103
41.485
-51.79
NaN
NaN
NaN
NaN
NaN
NaN
20.822
82.852
65.531
48.258
-105.85
-32.944
-48.673
21.721
20.957
-56.466
18.282
-16.15
-0.77657
12.959
-26.035
10.521
-32.927
2.6299
37.147
-26.118
-43.691
-100.98
39.882
-91.779
-56.821
24.373
-50.033
76.418
-13.054
176.42
NaN
NaN
NaN
NaN
NaN
NaN
NaN
NaN
NaN
NaN
NaN
NaN
-18.203
0.40414
64.906
44.57
91.248
35.93
63.386
4.1382
49.976
-34.004
-27.842
2.9835
NaN
NaN
NaN
NaN
NaN
NaN
NaN
NaN
NaN
NaN
NaN
NaN
NaN
NaN
NaN
NaN
NaN
NaN
32.977
75.035
-28.132
32.001
-4.6779
35.134
-62.74
5.1266
-37.936
41.667
-9.707
-54.676
1.7587
17.484
-43.718
-15.038
-36.153
22.505
NaN
NaN
NaN
NaN
NaN
31.781
63.827
33.102
27.133
-50.662
11.498
25.925
119.23
35.664
20.012
-38.086
-28.914
-8.1599
-31.111
11.944
-51.933
-15.554
-85.557
-83.098
19.779
-33.736
10.692
-7.8098
-65.805
-49.901
50.087
-72.724
-5.4721
8.5789
20.111
38.91
0.83429
-3.9016
-18.701
56.383
5.1758
4.0902
-3.1759
40.367
41.026
25.109
2.3613
-50.464
-80.619
28.438
57.487
-38.066
-70.165
25.342
53.33
-51.213
44.305
160.23
29.138
42.081
16.928
-21.296
-17.961
25.361
-1.7711
6.507
-65.518
-2.1079
48.127
33.434
-11.624
-50.89
-43.943
-3.9032
46.789
-97.783
19.975
-21.737
-2.0388
-72.634
-2.8103
-23.655
-66.616
-75.374
-116.5
-21.772
-25.157
20.85
-97.92
5.4334
39.517
65.499
78.753
53.66
101.69
92.215
72.655
NaN
NaN
NaN
NaN
NaN
NaN
NaN
30.176
66.476
-42.067
-7.624
-28.993
-11.402
16.401
17.048
-44.858
-24.797
-54.548
28.17
-41.846
