127.48
66.951
-34.151
-23.219
-54.281
16.525
38.543
-15.553
-9.1521
-15.104
-20.003
-50.189
7.8408
-5.7886
31.961
-29.578
-58.305
-34.729
-41.099
-24.676
-54.491
26.96
23.418
7.5633
2.8743
-5.364
-35.413
15.717
94.587
59.927
47.314
9.0966
-24.912
44.904
4.3451
11.56
29.459
54.066
NaN
NaN
NaN
NaN
NaN
6.0958
-60.764
-4.3373
12.399
-21.119
-63.537
-54.367
-17.071
16.989
14.172
-6.8653
-103.53
14.895
19.618
50.765
54.535
85.136
11.598
80.107
-18.172
-29.609
-89.044
0.12357
-35.264
-55.306
11.51
26.23
29.795
21.158
-7.89
43.441
-15.404
-23.191
19.571
41.959
-33.702
-61.768
-36.867
31.258
30.496
50.315
44.505
12.752
1.1122
-21.437
25.765
13.547
-16.279
-28.687
-3.941
-6.8359
-17.913
16.549
-16.839
-14.79
-76.059
-43.378
-15.273
1.1998
56.456
59.992
31.412
NaN
NaN
NaN
NaN
NaN
NaN
NaN
NaN
NaN
NaN
NaN
NaN
NaN
NaN
NaN
NaN
76.417
10.011
-46.259
-17.337
-23.038
20.077
36.411
20.583
-37.058
-5.398
12.513
9.1745
4.2219
4.446
-17.876
37.511
47.887
-31.247
-24.24
NaN
NaN
NaN
NaN
NaN
NaN
NaN
37.314
23.115
-67.075
-36.623
-28.251
1.1353
34.735
NaN
NaN
NaN
NaN
-26.531
19.371
21.777
15.366
-3.2791
33.554
48.254
43.347
79.23
31.067
NaN
NaN
NaN
NaN
NaN
NaN
NaN
NaN
NaN
NaN
NaN
NaN
NaN
NaN
NaN
NaN
NaN
NaN
NaN
NaN
NaN
NaN
NaN
NaN
NaN
NaN
NaN
NaN
NaN
NaN
NaN
NaN
-14.679
-7.2981
63.908
-22.81
34.889
6.8364
47.492
-7.2351
7.2997
18.868
32.809
NaN
NaN
NaN
NaN
16.689
57.13
31.169
-12.677
-95.837
-119.94
-22.973
-18.056
-44.478
-1.4015
27.19
43.841
26.302
-2.6518
12.355
7.8839
6.1765
-8.7444
-28.35
-50.644
-15.484
0.98939
56.188
40.121
63.01
61.612
66.238
72.886
6.5059
-16.745
35.151
-27.351
4.2911
-71.15
-14.705
-22.332
-31.984
-29.833
-44.147
-5.9505
-3.2728
-14.358
-50.451
1.9555
-20.881
-3.3985
-57.945
-21.963
6.1474
59.709
36.929
12.618
7.7316
-39.05
-20.568
48.411
56.942
30.667
18.785
-1.4618
NaN
NaN
NaN
NaN
NaN
-31.096
-75.953
-116.85
-85.696
-4.5486
12.292
-20.05
28.887
8.3077
10.672
-3.7052
-11.156
-12.433
-6.8597
63.175
18.623
-67.965
-63.194
NaN
NaN
NaN
NaN
NaN
NaN
NaN
NaN
NaN
NaN
NaN
NaN
NaN
NaN
