0.52924
-70.87
-44.863
-55.221
7.1042
-2.7702
3.0171
-32.988
-14.52
-6.634
5.4814
20.808
NaN
NaN
NaN
NaN
NaN
NaN
NaN
NaN
NaN
NaN
34.558
24.932
6.4372
16.479
9.768
NaN
NaN
NaN
NaN
-11.583
1.188
13.608
13.538
25.851
61.463
74.599
2.1715
-5.3083
-32.299
-14.045
4.8363
17.475
13.056
6.7717
-9.6931
-8.8832
-11.374
-45.542
-73.729
-49.038
-17.566
24.134
8.2562
-56.292
-70.831
-40.576
23.223
71.823
96.54
47.168
-21.521
-19.358
-37.774
-15.691
22.976
54.774
51.788
16.936
-7.8346
-3.8271
-22.119
-22.28
-0.12503
12.824
18.094
13.855
7.1382
15.978
-7.7253
-24.682
-9.667
-2.846
53.514
43.132
27.888
-4.5474
-22.883
-38.513
-31.448
-43.884
-34.14
-46.282
-12.539
1.3142
-5.2289
11.046
7.0922
2.0587
-5.5165
-25.052
-20.31
-12.908
36.603
-3.5334
-4.1349
47.771
29.639
6.6213
17.535
-6.367
-24.656
24.501
42.724
38.998
12.716
0.77609
-19.594
-31.711
-25.652
9.9763
0.13185
-0.78551
-2.9091
1.2225
-0.55311
20.646
-3.7997
44.586
16.14
-3.7291
-18.558
-21.122
15.043
12.862
-4.0084
-31.542
-30.13
-18.097
-23.654
9.7023
3.8085
-19.97
-45.355
-9.4861
-4.0561
-10.225
-51.679
-55.799
-18.452
33.548
19.127
20.458
36.736
45.624
26.396
30.408
12.968
23.827
39.685
28.986
13.154
25.64
27.137
-3.3539
42.858
10.041
-12.661
NaN
NaN
NaN
NaN
NaN
NaN
NaN
NaN
NaN
NaN
NaN
NaN
NaN
NaN
NaN
21.533
24.807
6.6925
1.4838
31.112
4.7085
19.408
18.094
-1.9982
-24.104
4.3425
-45.409
16.335
29.644
44.602
-16.256
4.7675
19.719
NaN
NaN
NaN
NaN
NaN
65.279
14.339
29.861
-2.868
16.072
-10.046
NaN
NaN
NaN
NaN
NaN
NaN
NaN
-24.27
-76.506
-50.684
0.41258
-33.91
-46.813
-1.7281
14.831
9.5669
18.399
8.1526
-5.304
NaN
NaN
NaN
NaN
53.264
18.44
33.799
24.86
-4.1412
14.833
-23.756
0.70212
-1.7448
1.3343
-4.781
6.056
-8.1612
42.078
46.809
-33.158
-45.241
-36.351
-51.243
-88.366
-77.987
-31.486
7.3924
-13.217
9.5638
16.844
53.734
80.78
45.981
26.756
24.08
15.23
6.8336
-16.958
-31.718
-36.081
NaN
NaN
NaN
NaN
23.066
13.248
32.555
18.687
-17.766
-39.82
-38.899
-38.549
11.049
-14.35
-30.151
-22.475
2.7566
17.413
0.74944
-26.43
12.185
45.984
30.631
14.16
17.602
-7.5071
6.2038
60.383
18.295
12.378
-13.199
-38.965
0.27022
-6.4252
8.4946
10.068
43.878
26.685
