-50.682
-57.703
-48.56
-69.686
2.058
-12.206
53.86
24.865
76.655
86.805
64.085
123.7
NaN
NaN
NaN
NaN
NaN
NaN
NaN
NaN
NaN
NaN
0.39117
5.3447
13.65
43.211
46.448
NaN
NaN
NaN
NaN
23.677
-26.388
-15.257
-33.294
-34.517
0.17439
-16.451
15.466
10.838
21.119
-1.0381
-21.147
-55.454
34.774
51.985
44.788
65.455
38.897
-5.1339
-36.121
-0.25131
-39.24
-48.448
-93.792
-29.796
18.343
17.314
3.9179
-15.389
28.818
23.193
11.911
-2.5604
-92.356
-24.534
5.0682
47.63
52.479
61.061
57.351
-3.1245
9.9188
2.0971
18.809
-17.384
-58.309
6.7736
-29.164
25.501
-32.556
28.563
56.88
63.076
83.589
9.2021
-46.348
-129.37
-96.589
-73.373
-64.018
-35.036
-9.4117
-0.47314
32.499
12.271
41.908
48.722
16.486
86.563
19.173
-11.523
2.7675
1.9983
15.738
-63.738
-19.822
-48.822
-6.5262
-3.011
63.551
-15.718
10.358
48.729
36.316
37.745
24.769
-85.053
-38.709
43.893
52.217
36.831
-58.87
-32.141
-43.764
-16.123
35.17
27.096
28.17
3.6681
-5.4572
-60.74
-51.639
12.88
41.906
34.303
65.37
37.465
-37.073
-60.643
-108.91
-55.97
-43.253
-96.404
-34.771
10.737
48.527
115.44
36.519
5.1362
-34.376
23.901
36.376
12.83
21.438
65.075
23.799
3.0415
-32.183
-17.641
23.412
20.249
26.706
67.443
36.705
6.9768
15.422
-54.107
8.802
NaN
NaN
NaN
NaN
NaN
NaN
NaN
NaN
NaN
NaN
NaN
NaN
NaN
NaN
NaN
-1.7801
93.785
-6.2411
103.2
68.664
104.35
22.695
105.25
-19.725
47.931
10.069
-49.572
60.907
-42.709
-18.61
-23.29
4.6306
4.085
NaN
NaN
NaN
NaN
NaN
-6.9124
-26.55
11.216
-0.1413
47.23
25.964
NaN
NaN
NaN
NaN
NaN
NaN
NaN
4.995
-25.483
22.785
22.463
38.472
52.309
67.599
-13.929
-5.8881
-17.527
50.21
41.271
NaN
NaN
NaN
NaN
52.718
63.517
35.566
40.189
-48.147
36.591
-7.1541
16.386
-30.044
-5.8581
9.2737
-28.345
50.653
26.109
68.971
-2.9982
-31.602
-70.323
-33.348
-56.011
3.1105
19.305
-64.189
-62.737
-79.321
-49.623
5.4039
-7.6475
-8.7368
47.907
69.062
54.415
4.9178
16.059
83.826
78.44
NaN
NaN
NaN
NaN
27.284
56.761
-6.3214
-42.532
-15.566
-108.14
-93.561
-58.985
32.354
32.623
95.815
76.255
80.522
35.302
-76.076
-45.962
-37.571
9.0545
10.498
-20.813
20.575
13.82
44.535
45.623
-9.8007
-38.784
-99.589
-33.093
-11.032
-19.886
32.634
7.3291
33.983
27.717
