-162.61
-44.399
-64.199
-92.69
-84.711
5.6081
-2.6549
13.99
83.497
48.467
91.261
27.38
-7.5886
1.0621
-6.9065
20.749
27.586
-17.483
-31.637
-30.466
-2.0822
20.99
69.883
43.7
57.73
-4.1144
28.178
64.052
82.492
-62.471
-53.242
-79.38
-65.615
-43.438
-60.43
-16.225
-43.144
-13.931
NaN
NaN
NaN
NaN
NaN
3.0211
9.1857
10.833
-15.508
5.8862
14.558
-9.434
5.8116
21.805
34.1
17.094
-12.984
14.695
45.16
28.927
28.478
68.818
51.555
40.356
-18.798
-34.009
-29.966
-41.734
-28.346
-29.183
-24.54
-14.136
7.8164
-47.642
-72.779
-51.322
-5.0694
1.6448
18.201
13.09
18.512
-3.3765
-2.0796
41.137
25.548
33.599
-0.74874
-39.277
27.404
33.723
40.571
44.339
-26.765
30.046
-6.0432
-12.005
-44.359
-1.7615
-0.62126
-6.1141
-22.913
17.427
22.927
-36.396
29.824
-28.447
-62.682
NaN
NaN
NaN
NaN
NaN
NaN
NaN
NaN
NaN
NaN
NaN
NaN
NaN
NaN
NaN
NaN
-43.128
-59.313
-17.754
24.758
70.792
69.361
63.594
77.257
55.42
27.033
18.947
38.076
-11.955
-4.5699
1.1745
-10.679
-36.755
-83.906
-35.376
NaN
NaN
NaN
NaN
NaN
NaN
NaN
-43.67
-47.619
-85.957
-45.775
-40.473
1.3135
24.796
NaN
NaN
NaN
NaN
-20.102
-13.741
17.357
41.429
-25.501
-4.7445
-20.548
5.5777
2.536
-38.816
NaN
NaN
NaN
NaN
NaN
NaN
NaN
NaN
NaN
NaN
NaN
NaN
NaN
NaN
NaN
NaN
NaN
NaN
NaN
NaN
NaN
NaN
NaN
NaN
NaN
NaN
NaN
NaN
NaN
NaN
NaN
NaN
-8.3987
44.046
75.906
74.319
92.719
53.848
66.589
-13.572
63.977
14.952
66.3
NaN
NaN
NaN
NaN
-36.194
2.3233
-54.721
-49.409
-39.423
-18.254
-9.9403
-40.192
-56.874
-66.758
-75.752
-12.051
36.276
19.401
33.306
51.269
66.402
21.701
7.4226
-21.541
17.268
13.598
26.507
55.733
44.816
11.525
-12.911
14.819
22.101
6.9401
-42.212
-73.532
-35.05
32.648
16.276
30.813
61.61
37.25
4.8527
-47.776
-43.473
-38.205
-21.77
34.223
18.359
62.267
-20.971
-59.305
-50.159
-25.857
-22.52
-5.2384
-10.854
-36.825
-26.627
-45.499
28.72
75.976
119.98
83.857
NaN
NaN
NaN
NaN
NaN
27.898
62.947
12.297
23.952
6.832
51.731
3.9414
-28.273
-73.23
5.2896
-7.8179
3.355
35.844
55.276
22.775
6.5098
-47.72
-24.555
NaN
NaN
NaN
NaN
NaN
NaN
NaN
NaN
NaN
NaN
NaN
NaN
NaN
NaN
