-80.373
36.371
10.133
15.826
-15.277
57.759
32.34
-3.448
44.295
25.912
36.399
-8.0818
-32.539
-14.935
0.6987
16.63
-1.1656
-10.545
-52.541
-26.195
-5.3626
26.096
57.576
28.291
-7.5873
-43.618
-4.5047
-5.4674
2.6158
-45.933
7.4176
-1.0659
-24.389
-9.926
23.843
51.602
16.186
53.311
NaN
NaN
NaN
NaN
NaN
8.1888
-22.679
-37.32
-9.9754
-3.5744
-7.0698
15.872
50.274
57.95
27.61
26.963
49.723
53.712
37.927
30.215
32.351
77.157
36.145
11.647
-16.553
-39.103
-39.059
-14.936
-30.049
-48.478
-35.455
-18.373
-10.358
-63.531
-52.701
-9.1684
-35.397
-38.955
-15.263
-40.03
-31.703
-37.915
-0.8811
23.245
-8.6215
58.494
70.437
52.899
44.683
11.032
24.926
63.927
27.534
38.381
15.883
23.988
-7.1691
9.1531
-24.534
-4.3395
5.061
43.388
35.947
-10.599
5.6726
-48.202
35.439
NaN
NaN
NaN
NaN
NaN
NaN
NaN
NaN
NaN
NaN
NaN
NaN
NaN
NaN
NaN
NaN
-10.421
-65.169
-22.879
58.72
95.099
78.743
24.801
30.699
23.578
14.843
4.754
4.5856
-9.494
-13.624
26.035
-0.53007
11.003
-43.802
-29.604
NaN
NaN
NaN
NaN
NaN
NaN
NaN
-58.606
-13.422
-49.997
-89.767
-48.84
-34.017
-11.294
NaN
NaN
NaN
NaN
-46.005
3.6932
21.56
26.642
-13.06
6.6655
59.377
57.258
35.668
10.026
NaN
NaN
NaN
NaN
NaN
NaN
NaN
NaN
NaN
NaN
NaN
NaN
NaN
NaN
NaN
NaN
NaN
NaN
NaN
NaN
NaN
NaN
NaN
NaN
NaN
NaN
NaN
NaN
NaN
NaN
NaN
NaN
-9.3252
25.453
43.288
3.1456
11.716
5.9219
70.415
-3.2825
59.837
57.164
62.823
NaN
NaN
NaN
NaN
-4.3769
50.003
6.3756
-14.488
-28.931
3.749
-25.88
-42.731
-50.239
-39.628
-65.662
-52.43
-38.245
-3.1816
10.297
57.201
63.395
25.838
49.875
-57.028
-22.413
14.741
82.444
66.072
37.411
46.207
12.048
43.742
9.7027
4.9753
8.2883
-11.598
-40.446
-45.17
-29.116
-46.608
4.3733
-28.237
-2.1961
-32.923
-1.0546
-8.8948
-19.635
-3.1145
17.399
-3.3656
-32.007
-31.626
22.165
23.039
59.52
-20.546
-52.248
-25.958
5.0405
-0.40989
36.424
47.339
102
61.646
NaN
NaN
NaN
NaN
NaN
-18.534
-6.5823
10.458
9.5925
-2.783
-18.41
-30.128
-1.9885
-15.727
49.982
48.345
49.047
74.192
36.165
-18.65
-26.128
-9.9016
-7.0868
NaN
NaN
NaN
NaN
NaN
NaN
NaN
NaN
NaN
NaN
NaN
NaN
NaN
NaN
