0.38794
-5.8835
-25.883
-20.322
-2.6097
-17.366
16.155
19.881
4.8163
-11.671
22.173
59.632
75.648
74.274
58.748
16.379
4.7387
16.255
-8.2951
13.251
-52.267
-51.021
-52.344
-40.067
-69.185
-19.861
-15.636
6.7428
-9.4158
7.5871
13.679
40.106
17.108
17.288
10.309
28.399
28.725
-1.8578
-45.804
-84.367
-53.075
4.2867
5.8552
14.225
18.561
-14.004
-27.953
-32.336
14.732
35.045
39.398
42.034
30.68
29.78
41.661
32.766
8.2966
13.499
-16.42
6.0533
-19.437
29.922
-12.881
-50.69
-49.085
-25.851
-65.514
9.8042
-13.909
-37.017
-0.47451
-6.2508
4.5403
5.0756
12.748
-17.338
17.483
43.142
30.389
11.929
-2.281
28.361
8.0735
-13.709
-5.0014
1.6391
5.8509
57.409
22.467
-28.722
-5.2917
-6.1571
-17.241
18.403
-13.919
-29.746
-31.19
-51.881
-2.32
12.917
6.3313
-7.7695
-8.9366
10.3
-22.517
6.4185
-9.3077
-18.789
-2.5333
44.48
-38.47
10.628
-5.6958
27.168
47.523
83.247
43.847
1.3083
-11.282
-15.1
17.042
-11.628
23.092
13.039
-1.5688
-7.7858
-15.232
-8.2332
4.7688
-38.926
-41.846
-60.819
-53.265
-30.871
-9.1497
-16.298
-22.621
7.9457
30.683
3.013
22.514
-18.229
2.8536
-10.312
-6.2796
52.039
23.347
77.474
61.809
28.722
54.215
27.667
2.9232
-21.175
-33.27
-15.574
-42.401
2.6251
-21.382
-8.7251
-15.776
-24.398
-31.874
-38.988
-47.04
-9.1666
-7.5674
-2.3705
3.3308
39.878
23.71
10.475
31.143
15.449
35.031
15.215
20.77
-1.8339
23.779
18.058
-21.705
-3.6437
-81.556
-39.844
2.2863
-21.317
-19.501
14.689
51.432
41.154
2.0742
-20.839
-19.577
-19.985
24.213
35.119
-1.5146
-24.766
-34.315
-22.333
-63.825
-25.473
-12.392
15.372
49.691
26.84
34.429
55.055
17.359
33.477
-0.2237
37.08
-4.5662
-24.898
12.525
-19.015
3.0852
11.429
-25.909
6.7508
-29.892
-8.6876
-22.163
-20.673
-6.0036
-27.262
9.3042
-0.25821
23.616
0.96363
0.11891
-4.9452
-9.3876
-43.138
-9.8486
-34.302
-6.6972
15.959
5.9238
-24.635
27.325
2.4392
-26.047
4.1726
-4.6866
0.020663
62.793
64.919
18.575
44.852
36.868
32.103
-10.073
-7.566
22.073
-25.9
13.935
10.298
-6.216
-14.135
-19.382
-13.971
-29.922
-48.566
-19.893
-36.786
-50.137
10.037
24.343
-14.039
3.2359
-7.3177
-21.733
-12.024
-33.978
-15.601
22.746
41.869
3.2819
5.5335
-22.138
37.721
8.9838
53.102
16.232
50.075
11.982
-27.127
-8.3102
21.407
-3.952
11.528
-10.351
5.4406
-7.0222
-5.9994
-10.507
5.6561
15.138
11.046
6.755
39.002
27.881
0.59107
-27.838
-30.928
2.313
-45.527
-120.71
-72.366
-33.789
-13.82
-4.1876
21.896
-4.0502
4.3999
-2.8783
29.312
54.564
29.252
27.304
19.284
74.254
46.31
51.638
38.623
25.897
17.187
-23.117
-25.236
-32.012
-42.272
-35.385
-41.587
-52.889
-34.328
-13.351
-47.339
-59.524
8.7638
45.563
22.372
8.2981
33.516
10.104
-23.333
5.3391
45.597
12.914
-19.656
-15.491
8.4459
5.4899
23.896
46.302
23.18
-4.1855
29.621
21.213
22.634
20.475
-19.915
22.714
-43.117
-6.9353
-21.221
-53.407
-48.743
-24.621
-40.61
-13.22
-3.4506
15.694
46.415
17.394
-57.183
