-4.0912
20.782
-16.815
53.944
10.867
7.0022
-3.8704
-35.04
37.051
21.834
-1.2387
18.249
31.316
34.198
36.908
-12.488
-4.8999
0.39699
43.707
27.013
-50.473
-37.893
-31.999
-45.216
-21.193
-36.758
-27.824
18.341
14.036
8.8995
41.206
0.17305
-7.2232
-26.118
-37.897
25.162
-8.2702
17.371
2.7408
-24.6
-13.318
-18.023
1.4772
34.546
35.002
-3.0083
-32.855
-12.059
-0.11927
34.958
28.121
14.048
-5.2464
-17.635
26.432
29.543
30.054
60.747
-6.5628
-61.683
-9.0876
3.3878
-0.74445
-19.016
-27.777
-24.852
-21.985
39.688
12.958
12.004
7.7053
-57.26
7.1657
-5.742
-3.8052
-26.039
0.27532
-21.681
-8.8868
0.069293
0.33537
55.341
43.658
-15.551
-15.825
-29.515
-20.425
21.812
17.376
19.59
-3.8564
-5.1984
-18.369
1.0722
17.189
-0.010299
16.099
20.965
18.093
-12.941
1.726
2.604
-8.4442
-27.47
10.742
-9.0087
-21.932
-3.1694
0.54611
4.9086
28.629
-3.7499
-39.021
3.2516
2.7133
-22.376
28.858
10.418
30.967
-22.448
8.9404
-8.7584
-22.957
35.673
28.836
38.899
13.179
-0.78613
-42.471
-19.647
-19.73
4.5424
-16.23
-32.494
12.148
-12.354
-39.426
-10.728
-9.0499
-9.5084
15.254
15.982
-1.989
-10.487
21.16
20.481
-13.984
14.614
59.633
2.1053
-12.475
-6.7526
8.8829
31.025
-6.2355
-5.7182
-3.8286
-6.3513
11.85
4.1149
19.873
-21.764
-19.517
-4.118
25.481
-0.38515
48.149
-20.625
-40.855
2.9943
0.19454
-14.002
-9.0618
-0.53178
51.481
57.897
-47.339
-55.077
-47.361
11.781
-36.484
-29.272
-38.755
-31.513
0.9274
32.208
2.107
23.306
10.034
21.215
-26.2
14.223
28.693
21.787
35.49
65.92
35.642
-3.5744
0.67249
-1.0884
-40.857
-28.277
-19.335
1.057
9.4022
4.5444
38.282
24.36
7.5298
-0.19772
-14.575
-9.839
2.8207
-25.88
-11.647
-24.08
-1.8108
-22.446
-1.1742
-5.0846
-49.968
-26.009
39.373
-30.817
-38.095
27.254
37.245
4.1204
17.369
12.288
-9.1802
-5.4323
-13.175
-31.93
13.381
-15.631
-15.65
19.592
45.162
20.162
-4.307
9.1312
3.8315
14.664
27.57
18.138
1.0184
8.4872
33.386
34.191
11.483
-13.411
3.868
3.7095
-6.6127
-9.103
-20.706
-10.442
-26.418
-20.774
-14.312
-63.97
-40.674
-4.593
12.656
-30.296
-10.092
2.7767
-37.437
-32.076
3.9489
39.588
14.448
17.574
11.947
21.873
32.892
51.159
22.247
4.6415
2.1318
19.085
8.9107
23.593
-17.529
-28.199
-35.037
-6.2784
-1.3327
-17.843
-8.3084
20.788
-17.642
37.424
-1.0197
4.2401
22.916
-19.994
-5.2048
-26.001
36.908
11.364
63.484
31.242
-0.12081
-29.89
-36.148
-37.921
-58.853
-43.358
-51.862
-62.193
-21.186
20.587
32.707
46.551
-0.92885
10.796
9.5948
21.571
15.945
-8.7942
47.006
29.377
-11.316
23.165
33.694
-3.9267
23.246
23.235
20.344
17.376
23.972
-61.388
-11.915
-22.076
-47.491
-69.186
-57.247
-50.645
-13.081
22.353
67.705
27.813
-15.337
-33.306
-9.6733
44.501
31.311
11.914
15.019
4.7208
33.706
7.636
-3.8488
21.346
-5.1703
0.31572
-4.3751
11.959
6.3413
7.7961
33.648
-28.419
6.6157
-44.181
-47.326
-61.013
-10.839
-10.883
-9.1864
-10.309
-19.407
-13.55
34.64
3.7023
