-7.5493
-2.9114
-18.818
-26.556
-30.518
1.0338
-7.9453
18.354
0.80486
33.3
51.779
-2.5952
-60.601
-68.331
-40.983
17.154
26.608
9.0718
7.9445
11.272
41.817
37.911
56.597
67.294
17.269
-18.554
-36.177
-62.506
-30.508
-81.629
-90.707
-47.231
1.0972
-1.3969
16.618
27.792
24.275
11.965
38.122
5.4913
-39.724
0.95771
46.248
59.231
3.3449
4.4156
9.5746
21.492
5.1014
26.248
23.258
13.162
10.199
30.487
2.2468
-30.777
-38.845
-28.868
-32.98
-20.811
-37.642
-27.832
-77.656
-64.354
-45.748
20.102
10.629
36.234
66.043
83.893
61.608
22.196
38.063
1.034
-27.495
-73.331
-49.92
11.522
3.9151
8.7216
56.12
23.354
14.924
12.022
18.118
-4.0622
-64.289
-57.308
-32.887
-7.9608
11.964
53.377
69.343
14.617
-26.68
-22.705
-28.862
-49.103
-34.877
-41.704
2.9837
45.782
33.354
21.35
-2.6608
9.3397
-29.351
34.464
11.672
36.737
14.638
-21.157
-33.352
-34.381
4.9802
-4.8431
18.184
-45.481
23.308
54.28
55.444
-5.5059
49.405
-18.114
-61.572
-37.156
2.9224
37.473
-9.6863
NaN
NaN
NaN
NaN
NaN
NaN
NaN
-41.307
-6.5941
10.157
15.015
1.587
4.7348
54.198
27.995
24.781
25.435
23.037
20.664
-3.5434
24.975
-31.776
-17.473
-42.938
-23.031
4.2935
-16.239
9.8542
40.816
36.059
-27.49
-35.781
-42.584
-3.5057
-2.6371
63.868
20.887
-27.543
-4.2914
-17.368
-9.2798
-28.311
4.3081
-18.316
15.14
12.236
24.718
44.113
40.531
36.86
9.2134
-26.739
-28.129
-16.69
-46.604
-20.535
-42.308
-15.751
-0.99669
29.159
28.321
23.365
9.1685
-8.0852
-19.88
-63.655
-67.66
-21.058
4.5973
15.646
27.885
68.517
63.091
56.681
39.118
24.024
12.581
30.494
7.916
10.688
11.033
-40.345
-47.365
-24.093
-27.913
NaN
NaN
NaN
NaN
-68.519
-10.987
-14.198
-19.188
-20.752
-9.845
64.529
78.733
18.337
17.872
15.482
6.5352
-13.686
-17.309
-19.73
5.0046
15.878
18.051
18.944
30.915
35.96
11.127
15.975
18.214
12.718
42.131
-29.767
-37.92
-40.251
-62.313
3.7657
-25.708
-8.9419
-20.925
1.9484
44.466
31.881
-21.664
7.2589
-12.128
-2.4166
-24.685
-13.408
55.315
-20.005
-18.245
-0.43972
-37.388
-35.519
-35.376
14.77
77.388
-43.288
-5.3899
3.4374
28.94
58.446
81.289
45.501
-28.788
36.184
16.49
-32.168
-67.593
-32.31
-39.792
-34.294
-37.553
6.9887
8.5359
-20.508
-1.3293
53.814
41.69
29.881
10.244
2.9069
NaN
NaN
NaN
NaN
19.012
-27.932
21.253
-15.727
-46.822
-45.946
-22.932
-26.943
-45.692
-45.44
-47.104
-50.752
-34.358
-4.1569
19.567
71.296
28.758
49.461
53.324
32.182
13.736
15.969
37.509
45.089
56.929
23.065
-4.6073
-16.14
-67.981
-57.311
-20.907
-61.186
-71.347
-30.974
47.175
68.776
15.958
24.566
22.992
-38.574
-42.75
-17.737
-6.0099
48.811
16.843
2.6422
-6.1053
-26.822
23.667
10.575
-13.907
-29.056
-0.91093
-19.773
43.31
26.2
32.242
-30.956
-39.899
-46.978
-36.428
-3.3582
17.854
37.553
59.91
16.946
12.151
25.13
