26.882
-32.893
-11.08
64.719
54.756
-18.969
-6.951
-31.664
-74.497
-57.336
-69.635
-31.291
-39.449
NaN
NaN
NaN
NaN
-7.4965
-13.977
-16.492
-7.9766
28.345
15.02
78.05
32.951
-33.615
-16.198
11.238
35.099
36.185
69.376
35.231
58.54
5.7354
-54.217
-29.272
-43.901
-79.6
-41.789
-15.073
-28.404
-40.194
-9.0587
-19.002
10.143
43.343
70.888
48.829
0.76464
-12.841
-47.944
-51.224
-70.764
-0.41024
24.537
39.765
32.985
-32.101
11.473
33.101
24.305
41.529
45.171
58.952
32.153
21.878
-0.035187
-82.703
-73.92
-111.08
-41.332
-2.3521
50.623
-6.491
-20.181
-35.013
24.447
38.356
-4.7129
56.467
18.651
91.094
90.938
62.219
-21.793
-43.459
-83.654
-88.038
-75.261
-82.193
-36.538
-37.705
-28.286
11.718
34.99
83.329
93.957
97.382
15.449
0.60043
16.85
22.575
9.7074
-10.029
2.7862
-30.788
-20.487
-41.593
-30.054
-33.409
-38.991
-7.1902
-30.406
12.217
-13.14
-14.334
-2.2922
14.759
27.246
31.855
19.903
9.8251
33.838
7.6735
19.424
-27.391
-11.626
16.879
13.396
1.0474
-19.581
2.7322
1.8655
-17.125
NaN
NaN
NaN
NaN
-7.6458
-12.099
-46.846
-36.403
-24.089
-12.275
-22.616
2.9257
-32.222
-3.1598
-58.393
-17.134
2.8848
21.251
32.577
42.123
61.46
22.47
13.019
14.699
38.297
59.745
23.285
24.935
-36.243
-17.908
-49.887
-22.092
-13.565
-12.207
-46.475
-29.342
-37.446
-37.495
-5.475
-10.823
73.668
99.784
84.783
26.429
14.242
-4.6296
-28.243
-31.483
-81.437
-48.856
-33.321
7.9168
1.9901
-21.877
-27.819
-14.149
-10.386
-3.1467
25.195
18.889
20.066
-30.037
27.732
17.001
16.985
41.375
73.349
65.199
23.204
-4.8748
-53.538
7.0443
44.662
57.161
-29.719
-75.796
-74.558
-79.097
-33.721
-15.17
13.813
17.222
21.881
-3.0285
-19.929
-14.118
3.4654
27.779
55.57
45.035
-6.4853
-53.33
-47.039
-5.3348
7.22
-22.162
21.213
17.254
12.519
39.12
72.777
29.275
-15.001
-33.785
-31.057
-41.489
-29.302
2.7142
-21.505
-16.473
-2.6323
15.83
22.642
-15.635
9.4543
14.613
19.676
30.509
37.889
17.293
-17.079
