45.137
-29.88
-57.631
-51.037
13.409
19.002
-2.5349
25.264
-37.55
-13.042
14.804
-6.0777
7.0885
NaN
NaN
NaN
NaN
-40.113
-37.066
57.409
64.43
86.009
73.818
-2.5783
-0.88071
11.181
-52.546
-53.66
-41.558
-20.743
28.196
10.467
-55.075
-48.958
-80.918
-55.028
-14.375
36.659
84.731
49.633
7.6399
17.731
18.318
-48.143
-34.384
12.066
-44.896
27.358
62.132
30.543
49.397
-12.258
-26.028
26.983
42.229
17.631
9.7869
65.511
8.2984
-8.041
-37.62
-21.114
-13.407
-6.9425
-38.986
-68.997
-15.258
-36.155
-71.78
-8.2978
42.103
53.438
30.564
-31.808
-57.381
-0.70654
-14.674
7.807
-5.9145
-29.987
0.63365
43.137
71.968
52.316
34.983
-22.777
13.012
29.544
-33.171
7.3197
3.3204
-2.7992
-38.592
-3.3858
27.298
47.185
-13.605
-28.62
-7.1331
-46.329
18.92
23.809
27.943
11.569
-42.161
-15.179
7.144
31.397
-3.268
38.622
-6.2658
-42.497
-61.532
-12.87
-5.8779
-25.056
-72.72
-49.5
-2.5414
-2.2743
71.128
56.465
27.565
37.727
0.28718
-24.527
-12.02
23.683
24.258
43.134
-13.739
-3.2836
6.2801
3.8984
NaN
NaN
NaN
NaN
21.933
30.959
-28.392
1.3408
48.291
-27.144
-90.561
-59.757
2.9756
6.9438
2.6948
-12.333
39.488
33.769
-26.75
-18.351
2.5778
-28.37
-25.43
-17.116
34.91
45.889
3.6121
19.652
-7.8809
7.8146
38.998
33.087
-36.642
-58.222
-19.557
12.558
10.598
-13.111
-37.931
24.599
29.374
-8.6404
-19.279
2.5831
5.3305
15.474
16.676
25.494
-6.7226
-22.363
11.542
19.27
42.477
-5.2709
6.1788
18.919
2.4305
-10.384
1.9411
-26.247
-54.51
5.1596
29.064
-49.184
-35.141
-16.787
-4.8905
44.876
28.563
-34.813
7.1946
-12.884
-39.905
-21.15
-9.4627
8.755
13.375
-12.242
-27.32
2.3163
25.822
36.784
24.483
36.422
22.358
5.8041
36.978
29.812
34.666
44.043
-14.885
-51.929
-38.742
-20.051
-13.345
12.493
-5.5522
-11.817
-6.6239
4.2267
-17.69
2.6573
14.978
7.1503
-18.183
-48.077
-47.597
-55.612
-24.289
3.1895
20.504
31.064
-9.8644
19.149
4.7939
19.091
43.188
31.334
32.226
43.107
-3.3472
