26.37
-24.011
9.8141
6.316
-24.563
49.229
-45.355
23.803
-0.62925
27.597
18.612
84.751
12.667
-24.377
-29.939
-37.394
2.0484
-8.2013
-30.476
25.057
8.4098
-31.094
90.692
-14.508
-69.507
-46.428
-22.372
-29.485
-38.477
-24.339
-11.438
3.3666
18.741
16.993
22.132
-0.57871
-3.0859
22.724
14.818
-18.715
30.462
54.079
41.771
-22.397
-44.698
-12.133
12.272
-16.614
2.403
44.649
23.247
-26.971
-8.6847
4.3042
11.432
-20.681
-7.7306
-9.3189
12.791
24.831
18.13
49.339
-31.793
-20.077
8.7139
21.015
-49.692
-25.539
1.5513
12.344
11.058
-36.542
-34.322
-21.653
15.324
-2.911
-2.9138
-21.287
-18.053
14.706
20.96
10.929
37.809
18.699
-0.49123
30.946
-4.7095
-17.612
-5.192
-28.46
10.772
19.543
12.244
-14.067
-22.667
-5.0076
10.319
-31.812
7.5079
3.0659
-21.118
10.108
7.2171
6.419
15.214
23.394
-0.9611
19.473
-15.109
-7.4607
41.319
-43.06
23.072
7.3945
35.67
-3.4174
-28.848
-64.903
4.3809
57.99
15.915
-2.5547
10.42
-11.823
-8.9355
21.838
31.05
32.077
14.859
NaN
NaN
NaN
NaN
NaN
NaN
NaN
-7.172
20.479
17.9
49.192
33.559
20.68
70.59
66.287
23.313
58.083
67.319
33.332
-4.2487
-14.469
-50.512
1.7594
3.124
-12.362
-20.793
-15.573
-15.205
-24.079
-40.78
-15.483
-12.361
-26.37
-0.94865
23.753
3.4494
-26.805
-7.1026
-17.997
10.43
-13.257
20.192
-48.986
-12.123
-12.109
12.278
-16.401
29.535
29.072
22.17
17.561
27.649
2.333
17.979
23.119
-0.53388
6.0402
-24.89
6.5681
-16.599
1.7256
5.8788
-2.8586
-20.905
-9.8515
21.778
9.7086
-11.611
3.5546
-31.776
25.426
-1.2572
12.504
22.729
1.9757
12.297
26.429
18.734
13.602
25.566
-24.755
-45.785
-56.501
-39.139
0.65087
NaN
NaN
NaN
NaN
-42.665
25.811
3.0631
42.788
30.346
9.3035
52.282
25.34
-3.6994
-14.383
-25.925
29.711
11.135
17.296
-7.2998
-36.82
16.231
11.574
15.84
24.251
18.796
40.465
44.734
-13.635
-39.257
-49.493
9.0839
-14.893
-29.123
-30.643
-39.388
0.0020542
-10.724
8.8917
24.337
19.333
11.813
12.905
4.9951
-28.995
-41.714
1.5994
18.161
32.53
35.744
-2.9859
0.84883
1.4611
32.378
-48.087
-74.318
38.481
-36.156
-14.394
-1.2722
26.145
37.175
42.22
15.35
-30.796
-22.342
-48.898
-18.011
-11.961
13.533
-1.2614
27.415
1.9723
-0.90909
42.192
14.514
29.476
16.422
-37.039
-2.4526
20.596
41.201
NaN
NaN
NaN
NaN
57.849
-11.384
17.866
-10.983
-22.028
-30.261
-3.1822
-13.657
-56.1
-34.439
25.209
-32.832
-64.006
-16.594
-6.9641
16.183
-17.228
-9.7825
7.3484
27.752
-2.8055
24.897
40.447
2.6311
17.505
39.003
43.207
25.714
-24.264
-15.177
22.684
-5.7365
-25.227
-3.0057
7.851
28.053
-14.74
-6.2702
41.422
-6.1271
13.478
-6.9006
-5.2595
32.223
-18.128
-29.471
-13.662
-6.0503
3.5733
-2.3771
1.284
-37.476
-13.749
-10.786
-31.424
-30.298
-42.87
-41.989
-18.566
25.522
21.866
47.025
-3.4931
23.362
12.537
-5.6529
29.054
25.347
