29.327
54.326
38.639
-4.1654
23.515
42.117
-1.5679
46.128
77.365
86.154
44.642
39.519
-10.605
-59.022
27.833
-29.868
-82.854
-55.107
5.5315
4.5777
38.282
21.907
2.6734
30.379
-24.115
-52.587
-26.355
-61.46
-24.003
-65.177
-19.052
-32.571
-68.82
25.586
35.656
23.449
49.484
-20.775
0.71559
-27.114
-9.457
51.495
54.88
66.775
30.224
15.573
-24.269
19.131
8.3789
19.31
-7.7965
-13.224
19.962
39.337
41.144
34.895
-17.006
2.2617
-64.567
-16.402
-69.401
22.571
-2.6169
-2.4695
64.37
-18.13
-72.241
-80.162
-62.096
-35.076
-18.846
30.979
30.18
3.6931
-11.665
21.016
57.202
7.8626
19.475
10.413
67.529
-67.162
-24.925
-73.096
38.126
-35.682
19.025
51.955
23.537
7.1399
14.581
12.46
38.359
42.005
-14.423
-53.335
-3.8198
-27.265
-37.936
31.637
1.7395
36.359
42.474
51.136
-44.898
49.751
-30.012
26.221
17.636
51.1
-1.3464
-106.41
-45.674
-45.595
-13.551
-185.35
2.7536
-56.339
-6.0919
60.321
80.81
5.1477
-45.158
24.128
-19.182
-47.185
-47.172
-15.545
177.71
NaN
NaN
NaN
NaN
NaN
NaN
NaN
27.423
27.176
-11.825
70.064
-31.824
-34.406
1.3303
6.1566
19.129
-43.446
-49.908
-101.65
-93.91
-20.95
-53.194
-52.625
-30.572
-29.473
25.545
28.092
53.172
57.462
99.47
4.2923
-31.832
-18.395
-33.698
-5.5127
-30.575
24.783
45.325
14.683
29.173
34.71
44.804
33.097
12.479
-22.129
-20.176
17.122
17.542
11.143
15.763
7.8905
-5.7958
-12.949
20.339
-38.032
3.7798
-59.063
-106.37
-2.1643
-18.747
-11.614
-16.998
-29.544
-26.88
-6.0459
-35.968
-36.629
9.4532
-44.064
-9.5541
14.366
50.284
66.673
94.657
85.066
112.28
34.922
56.184
63.227
62.778
-28.624
-64.365
-47.194
-49.097
-53.69
NaN
NaN
NaN
NaN
-38.295
0.28489
-40.281
49.262
10.131
-7.9793
31.438
27.916
-4.2909
-19.136
-50.19
23.035
-25.914
-54.196
-53.162
29.377
48.007
16.249
56.481
2.8398
9.9637
2.1767
34.236
64.072
40.69
28.104
24.973
-10.997
-68.932
-55.539
-38.375
1.3623
-0.67436
-21.001
23.681
50.641
-19.65
100.14
19.059
-47.01
-67.807
-21.374
-66.195
93.821
13.149
51.285
-42.791
-24.098
-45.576
-62.498
-69.396
-44.967
15.92
20.044
14.137
-10.143
54.451
12.025
25.346
57.767
57.139
8.6884
-26.442
-39.155
-14.733
6.6795
-65.335
3.4981
17.398
22.683
64.281
3.0629
43.973
11.312
36.916
-28.85
-29.003
NaN
NaN
NaN
NaN
33.158
98.626
60.657
5.4723
-39.934
-102.07
-63.866
26.76
-24.537
-55.891
6.439
-66.604
-60.354
-53.405
-5.6962
59.664
57.278
67.454
3.3582
-1.8765
-37.239
6.4502
-56.416
33.16
-7.5296
114.96
37.191
46.464
48.941
5.6958
-34.428
-26.333
-59.094
16.628
-1.9964
49.668
53.224
64.163
-41.922
-67.035
-42.178
-58.658
-15.255
22.813
-14.308
5.0665
-7.4305
-9.2918
-31.713
-98.86
97.405
50.172
49.384
1.1103
-41.054
27.453
47.018
-29.227
-6.4594
-42.559
-26.783
-22.832
6.8614
28.725
-59.787
-25.566
-90.927
-41.627
