-8.4534
-43.865
-18.817
26.034
34.164
4.8692
-29.712
-32.226
-137.51
-82.149
6.8293
-5.6549
-16.2
NaN
NaN
NaN
NaN
-45.446
34.208
88.786
70.182
109.27
55.136
5.4245
-8.877
-37.7
-10.444
-42.096
-59.854
-2.509
21.664
-34.641
-20.474
-11.75
-29.832
-26.184
-12.101
-34.65
111.13
0.90477
-36.608
7.1721
29.656
11.899
-38.711
20.907
-8.1004
12.318
15.761
37.625
28.886
-40.986
-13.016
29.857
41.116
2.985
-17.086
27.8
11.878
-2.0113
-53.347
-6.9425
30.941
3.3397
26.511
-13.092
-55.859
-13.32
-13.783
-12.131
-16.081
22.914
13.544
-61.888
-75.133
-50.533
-41.583
13.337
-20.814
18.637
78.762
101.09
169.6
75.704
-21.604
-84.737
-31.813
-0.89999
-51.547
-52.063
-31.9
-12.291
-50.167
47.311
23.565
79.658
29.428
-15.6
22.178
-8.7814
8.7635
41.032
37.338
-19.357
-45.345
-2.2539
38.167
-4.5479
-50.949
14.988
0.25753
-15.028
-35.262
-29.245
-51.961
-74.606
-90.053
-44.268
-25.852
33.201
111.05
65.622
7.8164
9.0412
0.34991
-23.745
6.6279
30.776
42.509
32.871
-34.735
15.784
84.098
82.256
NaN
NaN
NaN
NaN
15.101
6.0054
-40.625
-71.75
-72.046
-125.32
-147.6
-54.276
23.227
44.568
28.448
-50.288
-31.861
10.994
11.222
28.997
39.568
15.655
15.179
-10.26
61.865
73.046
58.613
8.8367
-4.3452
-5.987
23.437
14.953
-9.5885
-69.983
-33.238
-22.971
-45.53
-26.907
-54.111
-37.053
-5.948
11.833
53.52
84.018
80.85
71.601
-8.1573
-10.953
-71.667
-23.316
-12.366
-14.593
23.014
39.132
-2.275
-20.892
-13.346
-12.564
37.666
-32.532
-50.72
7.0397
2.7073
-9.2749
-20.921
-49.36
1.4501
54.081
51.948
8.5536
15.176
2.0614
5.9631
-23.412
-13.367
-26.863
-39.308
-93.565
-70.606
20.223
74.213
87.183
47.669
30.47
38.309
31.009
2.2351
20.734
37.112
8.27
-8.811
-34.085
-64.959
-40.271
8.357
22.91
-5.225
-48.174
-11.118
-2.4068
48.584
48.558
8.7199
-24.222
-27.281
-22.219
-73.433
-83.238
-68.993
-39.323
9.7599
33.322
17.037
-17.287
13.727
41.28
57.863
97.474
110.54
78.778
21.416
