46.941
8.9936
-1.135
36.535
-35.463
-24.831
4.3177
-17.79
-8.087
44.479
-37.277
1.675
51.795
10.682
18.451
-21.241
-61.233
17.463
18.269
9.471
-22.219
-46.237
-47.844
-33.591
-39.871
-14.633
-9.5098
6.5478
24.126
38.993
22.614
69.137
28.741
59.407
31.86
-19.508
-1.4553
-18.656
-6.7511
-40.413
9.999
1.8425
14.059
1.8315
-34.749
-7.9141
-29.479
-14.149
4.0502
-26.423
18.258
22.003
-29.148
19.741
-15.626
49.33
28.563
-0.87323
3.186
36.337
-8.786
20.145
-50.928
-38.588
-32.02
-11.184
-8.2864
-3.8971
-4.2122
-53.761
2.6363
-38.539
-5.9979
34.775
79.029
11.282
55.353
31
-6.4147
-16.455
14.23
35.223
8.9367
-25.772
-8.7396
-22.514
13.28
-3.1636
4.0173
3.2209
-26.101
47.058
-8.4115
-6.0633
-63.279
-15.134
-28.354
-45.814
-29.514
-2.3911
33.099
55.246
22.744
16.169
-10.207
-28.461
3.4477
11.325
-42.988
41.994
37.492
22.144
-26.15
-29.035
15.604
6.6577
-15.083
17.803
21.072
-7.7277
39.532
22.555
-21.606
-18.711
-12.908
40.927
-30.762
-50.259
-36.891
5.3943
28.309
21.301
27.111
-49.61
-0.48714
7.198
-20.328
27.112
1.1638
-30.064
17.055
-45.998
-5.6769
-43.431
3.2224
1.2139
74.413
45.082
-4.3598
-0.78415
19.365
2.5765
62.17
4.0282
-12.546
-16.973
-8.1912
-47.121
-24.226
-16.553
9.908
16.724
-14.67
29.786
-1.618
-16.465
-15.605
-2.4158
-13.53
19.722
27.286
0.10827
-10.035
-24.291
9.828
49.222
43.085
-5.3805
-37.88
-60.733
-76.675
-41.764
-6.453
29.675
32.445
21.185
62.855
62.188
34.591
9.0321
-55.164
11.693
11.996
-32.29
1.5665
24.838
-17.404
-10.178
-50.23
-75.47
-34.864
1.0583
16.922
38.508
58.292
-4.9671
8.6087
31.087
-3.2626
22.425
27.884
40.366
-25.874
-26.96
-20.716
-38.002
8.25
-26.964
8.8874
-7.8318
-18.891
-8.5588
-10.078
-2.3797
46.242
37.379
56.028
-21.608
-28.848
-26.797
-13.153
-11.485
-24.7
-44.938
-30.86
-3.8538
31.375
6.9621
33.03
5.0202
-15.395
21.925
-4.3326
12.56
16.117
13.152
11.49
14.344
-4.5831
27.56
33.603
29.97
74.702
43.857
17.794
-16.333
-58.089
-55.944
-77.904
-32.136
-23.977
-26.669
-34.068
3.484
-33.814
-20.404
-59.651
10.056
8.8397
38.288
9.6832
56.992
33.754
-35.184
-34.507
17.764
9.3551
-14.071
20.616
2.7629
3.1953
44.409
41.837
65.641
61.449
14.503
1.3112
12.705
-3.9477
-22.632
-19.322
-54.223
-22.488
5.4007
4.3921
-29.035
-8.8772
-16.805
-32.686
11.831
2.4913
19.108
-2.9661
-26.561
-59.117
-26.458
-52.339
-30.163
13.504
14.982
-5.3132
-2.948
45.98
22.564
38.887
12.636
14.845
35.622
-9.9219
26.147
-11.7
84.404
46.963
-2.1926
17.147
-24.067
-24.92
-17.458
13.993
-32.01
-8.0294
-39.613
-12.5
-55.714
-51.412
1.1019
34.331
64.242
12.151
9.5884
2.5122
-15.158
-19.044
26.9
-22.343
-10.258
-30.746
-20.534
-37.548
-21.601
-6.3055
15.347
5.4571
38.525
34.061
17.973
23.464
74.381
3.2798
28.12
-11.987
-22.617
-2.156
-45.137
-57.182
21.174
-1.3418
9.3637
-17.024
-28.309
-29.293
-13.866
-3.1429
28.13
11.132
33.162
