58.007
2.7414
21.182
-8.6547
-55.143
-41.559
-12.71
-5.8508
-17.092
25.285
-18.492
9.9205
NaN
NaN
NaN
NaN
NaN
NaN
-5.8257
54.446
84.599
2.4525
16.448
-35.353
26.368
-30.376
-6.5357
8.3777
41.195
47.557
67.726
-26.252
21.892
1.2752
29.469
38.504
29.595
51.079
17.92
NaN
NaN
NaN
NaN
NaN
NaN
NaN
NaN
NaN
NaN
NaN
NaN
NaN
NaN
NaN
NaN
NaN
NaN
57.927
63.664
83.673
12.003
20.637
-39.658
-35.616
-79.891
-71.31
13.438
49.521
43.667
41.01
62.41
2.0402
9.2065
-39.315
-34.187
NaN
NaN
NaN
NaN
8.3527
7.6873
87.339
23.344
-12.553
2.9072
-35.765
-30.188
-25.487
-13.516
NaN
NaN
NaN
NaN
-72.981
-77.598
-79.625
-20.552
50.353
12.275
50.902
35.186
12.113
-52.372
-30.498
19.273
79.22
55.582
14.218
-55.357
11.235
-14.209
-12.329
28.738
-18.44
15.101
15.633
79.273
-1.5166
-27.117
-15.579
9.7986
-4.6119
15.095
-20.464
-4.0588
40.241
-29.506
14.389
-38.773
-60.617
-27.171
-48.316
-13.768
18.239
-6.5498
NaN
NaN
NaN
NaN
NaN
NaN
NaN
NaN
NaN
-54.445
-94.988
-96.809
-12.224
43.74
57.293
116.61
39.435
-21.634
NaN
NaN
NaN
NaN
NaN
NaN
NaN
NaN
NaN
NaN
NaN
NaN
NaN
NaN
NaN
NaN
NaN
111.08
40.139
-2.6707
22.952
89.71
-9.8393
-63.165
-70.072
-27.927
-39.87
61.581
58.948
20.331
-14.24
-13.929
-1.5698
-9.6562
-22.766
-76.054
-19.796
-54.443
-64.498
-13.353
-58.748
-6.9285
-38.324
-12.35
7.7782
36.552
-9.5804
-56.177
-30.09
-19.694
52.69
149.28
50.994
59.615
49.47
3.9701
-34.752
24.937
5.1955
43.361
36.327
-30.722
-24.208
-6.7434
52.35
60.459
60.775
95.887
-89.428
-86.429
-80.902
-96.681
-25.163
-31.716
2.5639
5.4873
-2.262
16.046
-17.053
-1.9811
-84.776
-56.521
-54.033
-9.3359
27.259
17.984
45.581
93.327
43.927
39.393
2.6741
-30.968
-4.4482
38.366
11.676
-28.378
-52.878
3.1311
20.052
36.022
28.672
19.946
50.768
NaN
NaN
NaN
NaN
NaN
NaN
NaN
NaN
NaN
NaN
NaN
NaN
NaN
NaN
NaN
NaN
NaN
NaN
NaN
NaN
NaN
NaN
125.6
85.174
34.255
-16.099
-13.67
-95.515
-44.489
-9.4768
19.205
14.274
NaN
NaN
NaN
NaN
NaN
NaN
25.158
15.345
22.918
-19.058
-1.3048
-17.687
-38.823
-17.575
-73.983
NaN
NaN
NaN
NaN
NaN
NaN
-63.654
-9.5001
64.728
24.058
35.091
49.744
31.502
42.004
20.695
13.217
38.041
3.2612
15.221
24.607
45.224
