-6.9247
-35.953
-77.588
-14.322
43.289
27.882
31.697
-10.571
-67.519
-70.994
19.722
26.939
-2.6589
NaN
NaN
NaN
NaN
-74.525
35.427
111.75
97.406
98.063
70.87
-43.063
-9.5642
4.2749
-32.256
-71.78
-82.082
-33.321
-53.9
-90.319
-86.047
-43.499
-46.563
-27.052
6.9672
16.248
147.79
43.505
-14.282
52.087
72.699
47.052
5.8061
35.565
-36.449
-12.181
32.435
16.269
57.057
17.628
99.726
126.57
75.898
-2.8098
-65.849
-19.196
-42.658
-38.152
-97.534
-61.335
14.694
-21.163
-22.175
-59.06
-68.303
-57.762
-35.3
-20.468
-2.231
21.882
-32.79
-72.906
-59.345
-33.115
-30.316
29.293
13.866
-15.898
73.094
128.99
190.94
101.74
83.498
-63.669
-5.042
42.584
-5.8206
-27.192
-1.4971
-2.3726
-43.839
7.0529
14.601
58.301
0.46907
-64.783
-57.352
-46.699
14.047
34.246
-0.30062
9.5233
-1.8198
34.949
42.962
12.684
-54.355
-3.1111
-34.922
-64.266
-83.035
-28.524
-19.522
-63.957
-110.44
-99.944
-38.504
11.297
146.25
126.79
47.426
15.322
-30.22
-49.01
-3.9848
27.547
34.515
11.762
-33.794
60.94
133.02
90.316
NaN
NaN
NaN
NaN
83.076
92.241
-29.957
-54.645
-63.615
-138.69
-142.01
-84.167
-4.825
-2.61
-30.768
-91.669
-63.824
-38.164
-57.419
-77.355
-55.222
-28.303
-22.87
12.112
76.224
70.182
23.298
21.698
25.899
30.967
97.275
128.85
102.42
64.06
71.056
5.9188
-36.992
-61.347
-104.93
-73.622
-60.672
-1.3805
16.118
42.216
81.138
55.108
17.288
-15.656
-95.46
-73.982
-38.145
-9.5919
21.986
69.853
14.472
-33.422
30.087
77.816
62.465
37.896
-17.869
-38.546
-66.054
-110.22
-138.05
-118
-4.718
22.781
71.557
3.901
29.268
8.1431
-35.906
-75.35
-32.305
22.827
47.242
36.759
8.237
40.916
88.162
84.605
81.154
84.61
7.7879
-52.739
-75.052
7.5669
5.0735
24.816
63.44
78.554
-25.003
-22.551
14.163
21.473
2.1335
-41.877
-62.38
-46.836
-11.57
-8.5078
-46.135
-31.144
-58.522
-93.664
-132.91
-114.9
-108.47
-45.757
-10.324
62.504
60.595
85.949
80.807
106.82
98.029
93.53
113.64
95.562
-9.4524
