-40.931
-28.119
-36.648
-46.208
-39.117
40.456
37.512
40.346
-30.403
0.50396
14.744
-12.103
16.392
105.32
-22.449
-19.3
51.939
80.21
28.672
-28.873
-1.0556
9.2116
-29.568
-75.68
-29.619
-30.887
13.279
11.502
-19.323
16.24
14.715
5.0058
46.773
6.4192
-17.815
-30.012
10.193
32.641
22.14
-50.155
-27.874
-7.4815
-52.734
-63.481
-26.013
7.7295
-33.824
-21.115
-1.4506
33.982
30.437
63.391
23.514
59.33
81.603
20.161
-44.052
-34.187
-41.31
20.932
16.53
67.717
22.087
14.045
-35.99
-51.938
-0.36913
29.432
10.17
-60.587
-34.53
-5.5873
36.494
-16.593
-35.252
25.205
22.182
-17.462
-42.333
-3.3979
-20.918
-9.8537
-10.61
19.086
-11.407
-20.958
-1.0026
-30.702
-2.058
33.471
75.632
41.941
23.927
-31.721
-10.07
27.641
-15.835
11.867
14.438
-14.165
-28.36
12.451
10.004
57.944
6.9394
0.13056
-11.264
-29.181
6.2458
3.6216
23.952
-8.3349
1.5011
-63.074
-50.792
-79.422
-39.828
-29.155
19.415
48.419
92.792
58.135
-2.1254
30.96
-13.369
9.2438
-4.2187
15.31
-6.8513
-40.954
-33.01
12.113
-2.4533
-29.53
-30.867
-19.664
18.791
1.0085
NaN
NaN
NaN
NaN
11.976
23.556
-21.803
5.546
33.318
2.0121
22.165
7.8153
-9.8444
15.131
42.844
-1.224
32.81
-43.511
-5.0364
-2.1452
-39.787
-15.821
-7.522
-12.736
-40.405
-35.853
14.576
20.305
16.672
-39.085
24.389
-15.761
-31.766
33.174
31.959
46.919
57.461
2.3199
-35.858
-11.639
13.65
-1.2821
-14.915
-5.0365
6.378
-70.755
-50.192
-13.837
48.79
4.1138
-35.026
14.313
46.925
48.32
29.893
8.8534
-8.4835
-53.684
-43.246
26.269
9.6595
33.796
35.862
-1.5764
-7.8608
46.481
36.982
8.5407
2.4333
-30.458
-45.469
-33.525
-46.319
-21.115
-20.324
-59.812
-19.255
-6.7123
10.768
81.862
-28.253
52.293
1.3469
-31.877
5.8668
-18.368
-34.369
-11.095
-8.8749
25.86
26.059
64.058
43.302
6.9661
49.646
-14.924
-10.322
6.0943
4.6971
17.11
-40.926
46.934
10.326
30.541
-24.854
-30.061
-55.688
-63.477
13.181
-2.9926
6.3583
-38.047
-1.9583
27.101
2.3107
43.774
-4.8418
