-30.765
25.258
8.4956
23.018
62.702
43.359
-5.3319
-14.205
-4.8979
-21.518
-45.27
-44.347
-32.806
19.436
18.517
-11.91
-25.913
-27.536
-6.3577
-15.246
25.974
12.954
72.806
20.841
12.196
16.686
14.867
54.135
-33.118
-13.797
-49.84
-44.091
-61.55
11.005
2.7759
9.2306
30.941
-17.941
-0.83332
-9.3636
-18.234
25.618
29.932
-2.9905
9.0144
31.881
-33.505
-2.1857
41.607
21.667
-17.957
-43.892
77.143
22.981
-42.248
-52.003
-6.6607
22.697
-14.737
13.402
-3.1015
29.295
-6.5013
-53.888
-30.647
-54.708
-45.716
37.994
10.026
-16.004
-23.57
86.675
61.108
60.211
40.492
31.383
-22.332
-37.964
-5.4299
2.5649
-21.516
-19.826
6.2155
-47.205
-5.5923
-17.43
17.231
-0.7896
-20.496
-12.778
-35.07
12.996
33.281
4.8341
-3.5281
25.559
18.669
-30.246
-6.9425
17.259
-0.50785
9.2145
10.653
13.763
-14.541
47.815
36.606
18.285
-47.481
-42.043
-16.565
-41.067
-39.472
-0.33341
2.1845
13.911
3.3773
40.256
68.515
45.984
-0.13267
-46.431
-40.337
-19.714
-36.382
-56.978
1.7616
7.4621
69.71
65.149
3.0589
-27.93
-5.1579
-20.401
0.081436
24.979
-13.789
-0.94368
-9.6982
19.991
10.855
12.257
-3.2441
0.050287
-11.919
3.7637
-18.363
18.622
-13.319
-48.474
-43.376
2.4869
-10.889
42.006
72.102
37.142
-34.132
-29.616
-2.301
27.833
-25.183
12.748
-15.025
2.2343
-32.477
15.395
34.237
5.0724
-30.437
-26.471
1.3589
23.027
8.6535
12.606
16.613
-17.615
22.072
-4.0461
1.6543
-45.281
-29.41
-5.0195
-8.8462
25.887
28.851
36.73
-10.021
18.134
7.7046
-20.076
-5.0852
3.4851
-0.82157
-21.716
-0.79995
-12.883
17.369
34.281
-4.863
4.9038
1.5604
-74.379
-50.289
2.0679
-14.829
18.324
-25.404
50.296
0.49409
25.147
2.7362
25.076
15.617
-10.605
21.617
3.4863
32.122
-30.029
-12.855
46.427
-19.094
-14.907
-29.489
-34.488
7.8025
31.22
-1.7583
68.176
10.906
5.4192
-19.927
-21.395
-33.615
-27.308
-5.6528
-39.599
-12.539
24.399
-28.664
-31.078
-18.859
-12.377
9.9107
45.291
8.9081
30.169
34.177
3.0945
19.248
10.809
-8.0053
24.972
34.137
7.6528
-26.662
-10.785
6.9496
42.498
1.6397
-17.132
37.569
-3.54
-12.604
-17.257
-48.88
13.409
-21.229
-66.865
-73.721
-72.666
-59.809
-28.557
12.749
33.685
71.91
84.451
36.23
34.131
38.849
53.207
71.434
20.038
-29.365
-22.932
-67.952
24.014
18.853
-40.761
-24.485
-17.598
-0.83804
-7.2653
-50.751
-0.22322
-6.062
-4.8449
-27.899
-13.028
-8.6997
-2.7593
-1.8366
31.361
58.331
-4.2942
