67.03
13.506
-5.7745
-56.418
-53.776
-27.107
-0.66797
-0.48034
-15.081
20.003
27.98
46.463
13.478
-30.023
-22.61
-24.083
-3.6857
-0.56684
-21.635
5.9581
-8.5535
8.0983
3.8563
-5.79
-21.255
-14.291
-6.655
-30.856
9.7642
-2.71
14.839
36.644
49.493
30.63
32.909
-1.1018
-22.851
-0.18961
2.7866
-23.44
-32.107
-33.386
-10.956
13.676
5.7452
7.7944
20.588
-3.3696
-16.005
-27.059
54.858
44.556
-3.4419
-42.278
-1.5734
-9.4414
-15.537
-8.8606
-3.2717
-8.447
-4.0161
15.027
61.156
62.693
0.47301
-20.614
-16.532
-30.428
-41.239
-8.0162
-13.186
-35.692
4.5361
6.7796
4.0821
11.61
2.0685
11.717
13.861
-1.8135
0.48743
-2.4247
-7.8162
5.1525
-10.083
-17.969
20.872
15.797
-9.186
4.6823
20.082
-1.5347
-1.0132
8.6136
32.338
23.997
5.7872
12.247
-14.513
-14.331
10.888
12.966
4.4015
-20.638
-56.417
-45.195
-43.667
3.4941
-13.354
-39.293
-2.7775
39.666
21.178
18.788
5.0448
4.1987
31.719
49.412
20.093
-12.851
-3.2494
32.026
2.5426
1.1751
5.1351
-15.322
-36.613
-34.598
-58.564
-25.457
20.09
19.705
-0.068337
14.757
-7.4718
1.1086
32.331
-2.0925
-4.586
34.189
18.683
-18.116
-26.763
-24.431
-10.547
-9.9383
20.342
-9.0687
11.167
43.445
11.653
40.324
52.702
24.554
-35.021
-0.5816
-5.0961
-12.405
-20.122
-67.534
-40.776
-35.184
0.47487
-12.744
1.2987
-11.915
-14.853
11.887
40.26
23.346
-19.526
-20.005
-11.524
-6.5568
6.8918
24.436
23.757
22.899
33.597
46.062
20.135
15.714
18.809
-7.9572
-17.518
-0.87435
-10.312
-19.638
-14.635
-14.764
2.5499
-29.765
-34.915
-6.7238
-19.839
-23.809
10.78
30.811
42.311
10.878
-13.017
-5.1927
1.8543
12.856
6.4652
13.474
4.6461
-68.324
-33.544
1.7198
36.516
-3.7976
-34.477
-7.0812
-19.078
-12.525
-3.1712
-22.826
-43.599
15.467
96.464
88.082
83.925
82.435
48.566
24.487
-56.451
-59.931
-32.553
-36.514
-68.024
-53.387
-42.347
-18.428
-7.2615
47.973
18.558
-0.98257
18.597
44.202
44.303
5.6947
-26.163
-44.478
-12.639
0.75391
-11.858
-20.247
-30.08
1.1754
-9.9774
5.2988
11.485
3.7986
31.859
27.677
16.696
-7.7875
-24.876
-4.7003
3.245
0.21649
-4.8628
4.8371
-0.26694
12.875
3.8174
30.05
30.111
42.223
10.968
-25.124
-12.826
-10.543
-0.47719
-9.3214
26.927
10.887
-0.75842
-31.653
-26.493
-48.139
-22.214
3.3023
-9.8624
-62.094
-36.655
13.641
6.4682
10.311
36.131
21.828
18.944
27.279
-3.4735
9.1334
-11.976
1.8543
11.521
-16.419
-2.076
18.232
-2.6354
55.375
