0.36453
-31.077
-59.447
-43.73
-60.771
-36.609
-6.2518
29.704
42.121
-11.593
-35.026
-1.2474
41.185
47.339
33.144
3.1046
-17.011
8.3412
34.628
-1.4039
0.99814
-11.477
7.6579
34.594
31.887
14.887
31.404
38.972
12.932
3.237
-4.2607
-15.152
-48.461
-30.127
-15.563
-11.946
-15.469
-22.714
-15.15
-1.8819
-6.6664
-10.054
-12.114
-4.6095
8.7958
25.281
-11.216
-20.596
-4.3821
25.577
-17.953
-6.2676
-6.9932
-14.789
-1.3618
16.331
7.0708
-19.602
2.3887
59.404
25.124
-16.125
-45.067
-30.834
23.795
52.786
44.798
63.532
63.249
35.281
-15.365
-30.294
-25.097
-33.37
-42.058
-51.703
-23.247
-16.897
-6.8061
-14.805
-24.225
-5.4584
11.187
23.41
37.948
29.058
-5.2159
-15.858
15.655
5.7534
-17.616
13.859
15.489
-16.259
-11.295
-2.7219
-5.4172
-10.007
-13.099
-31.877
-20.786
-7.0839
26.945
39.003
33.388
-23.197
-40.739
-0.0082725
-5.5374
18.12
20.499
27.297
30.544
23.77
25.441
43.663
-2.6321
-15.865
-30.443
-43.686
-24.19
-10.388
-13.807
-6.746
13.622
33.15
26.434
13.584
-9.4633
-39.25
-26.498
-12.659
-3.3153
-12.626
-12.053
-12.575
10.715
23.346
10.205
-19.345
-14.152
-12.386
10.141
27.865
19.557
18.965
12.496
-8.4812
-9.1649
-29.714
-12.6
-0.17182
-18.634
-1.3609
-15.348
-22.209
2.2428
8.5408
36.55
76.22
68.589
18.751
-44.096
-33.648
9.0411
34.535
35.139
-5.7233
-35.938
18.192
32.585
20.578
12.822
-19.324
-58.135
-49.223
-52.679
-39.922
-24.65
-18.653
-34.357
-9.2354
-20.5
-21.213
-12.487
3.8699
8.9729
34.542
42.621
19.721
12.456
30.35
39.568
41.297
45.251
18.212
-16.234
-19.278
3.5975
-3.082
1.6818
21.088
17.54
0.53512
14.422
25.635
36.82
-14.276
-37.255
-33.567
-23.712
-17.1
-50.74
-33.785
-23.673
-27.539
-19.295
-19.723
-19.78
-15.271
-14.907
9.4728
30.26
31.262
-1.0015
-19.074
5.6858
50.011
56.708
61.41
29.532
1.5284
19.03
-2.6419
-16.264
-28.053
-21.685
-7.1608
-0.91564
-13.669
-11.584
-2.2501
17.963
6.3741
4.9718
-6.9542
-12.882
-1.6329
-3.299
-14.28
-2.4645
-9.1447
-16.82
15.651
8.5214
14.329
6.1126
-18.627
10.839
-9.3581
-17.4
-18.31
27.903
36.444
60.886
12.339
-27.228
-33.954
16.93
-0.21973
-19.714
-16.424
-10.109
-18.293
-50.235
-41.641
-28.429
-1.1485
9.8563
18.973
34.469
18.306
2.4086
14.064
19.499
7.6874
13.898
21.532
9.7381
-0.85782
-23.47
-5.5119
20.87
27.351
32.66
40.472
48.551
7.0152
-23.021
-2.9911
-10.298
-42.015
-30.922
-12.741
