-1.1724
0.70945
18.021
-7.1186
13.245
0.18028
32.459
30.961
9.6907
-23.061
19.405
82.995
26.965
-16.685
-28.205
-36.563
-31.76
-39.635
-50.892
3.4771
39.564
14.933
-34.202
-12.5
6.9066
-29.625
-0.70174
60.852
70.743
38.594
-19.838
-4.3686
-8.3131
-23.282
-27.903
-52.877
-15.317
-12.069
-28.021
15.855
1.7907
2.121
1.4781
-12.775
29.086
26.412
-9.5661
-1.6589
-19.756
-3.8864
-2.8598
31.796
54.072
32.357
24.76
-13.847
-17.124
23.344
33.249
22.876
-8.6192
-25.466
8.284
-8.9066
-12.466
-2.6328
-33.769
-34.195
2.6979
-43.695
-64.248
3.5709
51.871
10.225
8.0043
7.2474
-63.524
-26.641
-9.4465
-1.3362
16.304
12.231
24.517
-3.3473
-14.665
-18.998
23.23
72.101
70.384
2.7254
-20.895
-30.757
3.6259
-2.6826
22.89
36.314
-13.854
13.056
15.025
16.351
-7.2874
-19.647
25.158
35.736
-4.5826
-57.094
-51.835
-20.023
-4.0208
-24.599
-32.461
-29.257
9.8991
1.2475
-29.996
-67.317
-55.704
12.42
67.316
48.457
45.766
48.923
37.809
11.54
9.3871
5.6628
-16.063
-6.224
-56.229
-23.792
9.3084
20.969
40.941
0.93929
-30.129
-1.7151
24.254
20.913
NaN
NaN
NaN
NaN
36.873
6.414
-4.7701
-26.025
-34.832
-18.957
-34.782
-50.62
-22.93
15.052
3.8877
-8.7401
-15.273
-25.603
-25.084
-12.859
19.612
-7.5892
-19.698
20.9
64.079
39.737
24.615
18.905
20.95
7.8644
-17.314
-4.4504
18.71
0.55288
-17.824
-19.984
9.7954
34.558
18.35
4.0307
-14.18
13.784
-11.027
-24.266
7.1979
-31.416
-22.676
-22.221
18.643
4.2803
-32.73
-13.393
12.467
12.083
-50.894
-50.738
-33.753
10.207
34.838
80.786
42.897
-24.926
-10.985
11.917
30.62
57.346
40.161
10.565
-7.6851
-32.582
-32.089
-24.399
-7.5051
-12.677
-26.93
-35.108
15.068
20.907
-6.3691
5.8541
-1.489
-0.44013
-43.337
-35.693
-0.51317
21.278
4.2051
26.38
38.197
-5.8888
10.574
33.747
36.257
18.136
3.7231
10.229
27.394
5.0758
-38.07
-19.932
-29.773
-31.176
-29.008
-43.163
-8.0397
21.056
25.554
0.14779
-22.521
-19.749
3.0917
23.109
15.588
2.2572
-37.303
-6.3371
6.9204
