-4.6131
-3.6549
-10.495
-29.349
-27.133
-19.614
-4.3145
10.881
6.6469
-16.846
-2.5637
37.672
51.895
38.408
17.586
-12.434
-3.5584
5.4418
-22.325
-5.444
-4.8671
-12.913
-8.1925
11.586
29.573
43.605
59.029
18.097
-11.481
-19.903
0.201
5.4659
0.086923
-2.2071
-6.863
-18.873
-21.535
-0.52703
1.1253
-1.8658
-25.54
-37.781
-18.134
2.3366
16.102
-2.1101
-48.262
-44.58
-14.84
3.3802
11.973
32.297
33.242
16.156
-30.834
-2.0352
11.668
-5.6364
-5.4842
4.3072
10.603
-4.9495
-32.486
-0.64058
52.259
77.166
55.863
28.845
1.9097
-27.53
-51.796
-16.017
45.822
39.412
24.44
-9.6266
-18.776
-17.194
-24.9
-28.414
-26.248
-19.778
-27.092
5.7638
-3.7398
1.5778
-12.922
-19.2
2.7586
-1.8521
-1.5998
-4.4502
-17.508
-9.8989
-3.316
18.187
16.211
25.053
16.767
-40.512
-31.382
-21.405
9.979
49.701
43.63
13.697
-12.812
32.131
-10.624
-2.2711
14.162
47.857
40.054
22.025
0.28962
-14.415
-26.995
-19.209
-33.444
-44.257
-31.991
11.665
6.4846
-4.7358
29.858
33.794
20.827
-2.0409
-30.631
-52.585
-23.183
-4.0098
11.729
14.925
1.6721
-3.0513
5.6214
7.3754
-8.9708
-21.849
-31.161
-30.964
-15.268
-2.1384
32.56
13.684
18.031
17.466
12.862
-7.7308
-3.6639
8.216
4.1365
10.386
20.014
51.882
13.234
-4.1373
12.34
23.601
14.039
-19.768
0.088763
-20.605
-13.767
-11.887
-26.06
-64.186
-48.6
31.44
48.398
56.316
48.4
19.466
-0.60474
2.5264
-48.895
-66.563
-39.5
-10.911
-26.215
-9.487
-12.014
-34.826
-21.118
7.6555
13.095
24.306
13.128
-2.984
4.7344
-3.7958
-1.1495
10.988
19.39
12.441
4.8581
22.982
28.147
-6.8336
9.2062
57.841
57.734
42.635
43.067
20.452
12.053
-34.933
-13.307
2.2807
-30.691
-39.12
-12.224
-3.1398
-50.795
-61.341
-22.767
-37.904
-58.624
-44.601
-38.513
-21.462
22.153
40.378
17.418
-3.3379
-19.849
15.365
46.806
32.08
2.0001
12.209
37.995
31.492
18.207
26.088
-6.2068
4.0761
7.2332
-0.63141
11.758
12.681
15.858
0.88192
-18.814
6.8508
-4.6244
-9.5044
-36.658
-7.1499
21.334
10.546
-12.138
33.495
33.254
31.834
-4.5982
-35.419
-48.956
-59.793
-74.218
-27.186
-13.213
-9.9782
27.811
-1.8897
-36.723
-18.524
29.971
14.018
-7.371
-18.617
-13.634
6.0575
29.531
35.296
45.568
59.856
42.401
35.508
13.777
-26.392
-18.923
1.0634
6.5938
-3.5133
18.19
21.922
-10.363
-23.287
-21.719
-14.206
-13.265
13.309
-12.671
8.7135
4.1842
-3.8865
-7.7264
-10.592
-4.123
-8.3383
-17.913
-13.399
