4.6879
-7.634
-19.65
36.52
14.946
-29.215
-29.705
-49.889
5.1881
24.586
2.2032
-23.917
-46.542
-4.1421
39.072
14.039
9.4569
27.473
32.757
22.707
-9.2493
-29.894
2.1031
-21.954
-28.459
10.449
11.83
-28.913
-45.837
-55.206
-9.1432
13.611
2.5596
39.286
23.05
26.568
37.773
34.997
-2.5924
-14.861
-2.1929
17.496
33.541
15.678
42.049
30.686
-4.6086
-15.164
12.308
22.673
-20.957
-82.36
-66.025
-50.841
-49.551
-24.902
8.5016
12.405
13.133
16.915
5.7209
-40.294
-22.586
9.7478
34.913
16.55
1.5109
29.977
17.305
30.354
20.56
-22.096
-15.647
15.713
22.101
-10.209
-36.049
9.0622
29.162
9.0282
16.745
25.228
8.0218
-24.745
7.9483
-6.4244
-22.733
-8.6346
-41.157
2.078
17.789
23.346
21.506
29.407
-20.783
-51.879
-21.567
-1.9033
-10.888
-9.4977
-9.7299
-17.45
-26.333
-51.495
-13.411
14.701
45.604
30.125
12.806
11.632
39.448
47.785
25.012
13.871
11.854
2.3014
-16.109
-36.439
-28.085
-49.129
-45.709
-22.479
-6.0934
6.0541
32.453
33.006
23.257
30.877
37.644
9.8368
-3.7981
18.095
14.768
-9.4014
3.0579
-28.874
-18.052
10.817
NaN
NaN
NaN
NaN
-11.491
-16.72
-3.1458
-44.791
-13.581
4.474
-37.965
-18.848
12.11
14.365
-7.1352
19.418
27.338
36.405
35.583
17.574
5.394
-4.1374
17.811
17.158
32.499
12.642
17.134
17.236
-27.012
-17.072
-20.764
-25.772
-31.057
-13.987
19.65
3.9887
-0.0042091
-6.2974
0.32167
-34.519
-47.98
-24.13
-6.209
14.028
29.528
11.65
6.5808
36.921
26.923
1.9979
12.152
39.628
1.888
-50.801
-25.201
-39.546
-8.9663
6.238
-19.766
-29.994
-12.121
18.575
29.546
39.02
7.7923
7.4042
17.116
6.8947
-10.088
-26.732
-32.782
-4.824
32.741
32.179
18.825
34.908
25.03
-23.5
-48.629
10.891
35.878
13.455
-24.85
7.6938
-9.599
-2.2394
2.3729
1.5303
-19.369
-38.508
-45.136
-25.058
-68.057
-45.353
7.0117
40.649
20.112
12.458
11.341
15.93
43.463
40.676
29.744
22.861
-2.5851
-41.163
-17.565
15.217
-25.292
24.762
26.21
0.013057
-12.182
1.4261
7.8323
9.9936
-8.1147
