-35.434
7.2195
35.986
-21.411
-9.4783
-23.048
-13.184
-5.9117
-3.122
-30.87
-11.565
19.013
38.215
33.502
-6.2423
-2.782
18.15
19.721
14.788
8.4847
-14.941
0.1285
38.596
38.739
2.8383
-44.461
-20.073
-12.988
2.3558
13.919
16.614
10.404
-23.468
-4.435
-11.298
-38.321
-12.677
-3.5775
8.9037
24.739
9.1651
18.792
13.665
1.4271
-7.135
-18.406
9.5109
-8.4596
-25.613
-4.2195
-18.278
-13.453
4.5527
18.965
-6.1851
14.573
2.0332
-41.585
-29.533
-18.132
7.243
46.449
31.863
40.062
24.345
8.8262
-8.1258
-8.8494
-20.61
1.5215
-5.6906
-12.708
-4.3538
15.076
0.64007
11.94
-10.384
-16.956
-2.455
14.926
-1.9974
-3.5414
-5.2887
-9.8806
11.339
34.058
6.4224
0.10515
11.915
5.3662
-14.046
6.3795
-20.873
-27.757
-26.676
-4.846
2.1411
-11.392
-7.0782
-8.7346
-3.6771
-22.313
-3.9981
6.3874
18.168
11.44
16.449
18.688
-3.9726
-8.9302
2.8655
39.229
26.708
15.736
-24.765
-8.055
6.8349
9.9371
-19.2
-14.588
-2.739
0.41772
-11.549
-6.8159
9.1901
15.546
25.413
17.164
3.5813
-21.693
1.9265
10.267
-9.7336
-8.0149
-10.005
-12.953
6.2506
1.7095
-11.313
-40.742
-20.377
4.0891
-3.5816
-3.2652
9.4714
9.6165
-15.549
-11.859
16.855
-2.2553
5.3799
-5.8469
3.2609
13.958
18.432
-8.3728
1.5698
25.101
30.132
19.267
7.9789
-4.2548
7.1921
-4.1539
16.418
1.5219
-40.062
-42.522
-2.2711
19.064
10.551
9.3461
5.4115
-24.505
9.4241
-4.8549
-38.492
4.7333
-3.8635
23.857
0.87124
26.457
16.242
6.0376
-2.548
-18.576
-30.226
-22.764
-5.7744
-10.125
-12.591
-4.3563
-11.477
4.5826
3.4795
-17.912
-14.918
-14.176
-7.8579
-5.5156
33.24
21.689
18.882
6.9127
8.94
16.93
48.667
42.107
49.441
30.408
-2.4404
14.259
23.849
7.5772
-61.848
-27.645
-44.21
-60.538
-6.033
15.884
20.301
3.4658
-14.166
-32.819
-26.958
-21.06
-14.232
-9.2772
-45.825
-49.104
3.9724
16.48
17.289
20.367
29.752
21.304
-3.6995
3.9016
10.927
-0.098538
-8.6629
15.189
45.314
39.409
11.668
11.604
7.6179
43.326
32.015
6.704
0.25833
6.2269
-28.195
-2.4203
-40.695
-40.149
5.1898
-6.4507
2.2244
-34.769
-54.062
-1.8777
14.961
8.5134
19.316
-18.167
-16.19
-9.4374
-23.455
-21.375
-13.325
5.5671
-3.9253
-20.554
8.9918
15.853
7.1281
-10.419
-6.5637
22.093
41.47
35.029
30.451
28.699
25.864
19.987
17.104
3.1449
-10.905
-15.833
-21.084
3.4207
-15.653
0.074155
-0.54859
-1.6085
2.0631
-18.13
-11.357
-2.8013
-4.6186
-8.696
-16.27
-2.21
