84.155
17.716
-29.074
-68.886
-27.582
-42.409
-18.933
-1.1973
-20.249
-23.663
-11.245
25.572
26.911
-5.6994
2.752
10.397
26.006
28.995
16.133
6.7562
-9.4958
-35.581
-26.074
5.914
27.808
-3.3225
-52.411
-5.5643
-20.666
19.765
9.0195
36.698
32.102
18.087
-9.7257
4.7004
16.764
17.659
-16.611
-39.16
-29.49
35.875
-6.6645
-38.437
-56.796
-26.045
-15.084
20.163
16.793
22.964
44.908
34.798
34.298
-5.5947
-69.053
-25.848
15.355
8.4999
-3.5463
-1.4423
4.6135
-3.1058
-19.383
-18.693
-21.415
2.2053
49.123
27.715
34.727
16.726
13.494
29.79
1.9258
-6.8711
-25.099
-17.583
-15.041
-30.539
-42.998
-22.018
18.941
28.496
29.235
16.533
-4.2878
-28.51
-23.467
-4.9199
-5.2829
-8.4172
-1.4066
11.529
-2.7895
15.114
-3.2352
-18.614
-13.871
7.9955
9.3809
9.2372
0.48802
24.751
19.856
2.7126
12.847
34.96
0.82527
-25.004
-20.12
-18.348
-0.54559
-24.337
-9.1959
22.659
-5.1416
-14.388
-28.831
-24.005
-0.99324
21.95
69.934
33.787
22.085
26.222
29.042
21.064
-30.216
-40.986
-30.8
-23.77
-52.906
-32.427
-6.6034
-7.45
17.465
19.656
29.626
1.9137
-2.3368
-5.0642
0.96247
-1.2996
6.2642
-14.44
-17.05
-27.907
2.8483
16.921
-6.1336
-12.795
-2.4069
20.597
35.269
37.309
48.643
27.918
-11.52
-5.9268
8.1557
0.18654
-11.351
-67.126
-26.93
20.002
27.86
33.755
29.425
1.0507
-3.0404
-22
-23.198
-54.041
-63.298
-42.076
5.5491
7.8744
7.0522
-2.6392
45.558
16.159
-2.1281
8.5005
15.217
9.5947
4.3831
16.799
15.931
-16.464
-7.7579
-23.124
-31.154
-7.5978
29.617
17.702
0.73619
-15.597
-24.841
12.562
30.363
26.379
25.082
5.2925
-1.1988
-9.6217
14.94
-12.668
5.2788
19.003
-17.001
-9.5147
-10.098
9.3553
5.9475
-24.322
-29.345
-6.721
28.96
11.774
-14.956
-38.508
-44.148
-8.0944
-9.1027
-5.6392
-17.067
-2.9781
0.64453
-20.461
14.054
32.183
35.655
40.356
38.068
35.173
10.351
-8.4174
4.3933
-12.766
-4.1681
5.5306
11.13
-14.913
-4.7538
-15.575
-11.037
-8.1524
-3.2622
-5.5183
-20.375
-12.866
-3.59
32.73
3.6595
-19.953
5.5755
15.355
35.114
5.5123
-27.001
-18.644
-6.8485
6.4659
-3.5348
-4.6987
-5.2064
2.5838
-20.36
-45.625
-19.567
-2.9487
-10.238
-8.4413
19.204
13.492
19.429
45.297
54.014
46.016
-17.585
-33.728
-17.729
21.38
32.873
-1.3319
-2.9435
6.4713
-2.9778
-1.5116
-7.2082
-3.8308
7.4425
-3.7412
-29.665
-27.44
-9.5083
-6.3899
-33.453
4.9299
-9.1911
-44.644
-16.296
1.8047
-3.6689
7.8448
20.623
47.871
100.96
