42.513
8.7347
7.0577
-37.07
-43.63
-36.421
-15.8
-16.622
-27.494
-11.5
3.7672
22.144
8.9114
-16.956
-5.344
-2.1964
1.7829
3.4723
-6.8902
7.9423
5.231
16.12
13.716
11.804
-9.6537
-11.552
-3.5782
-10.831
17.401
-8.3486
0.9561
10.025
28.56
9.4599
17.233
-0.21797
-17.986
-0.31375
6.2807
-18.399
-31.6
-22.529
-11.083
-0.33748
0.59514
13.956
11.025
-3.3911
-11.221
-8.1203
30.388
36.369
-2.4306
-30.962
8.3023
-7.1361
-7.4495
7.1429
7.3692
-1.6245
-0.40244
-1.4144
37.369
44.009
5.1349
-21.274
-10.672
-22.166
-34.734
-20.413
-11.721
-23.669
13.424
12.948
10.669
12.615
-4.7195
1.2775
11.438
3.8331
3.739
-6.0073
-11.907
-4.6648
-10.591
-23.974
5.8677
20.525
-1.6285
-4.4484
13.464
0.55342
3.2735
17.539
27.989
9.8539
-4.0671
11.801
-7.8862
3.9164
18.128
17.155
5.3953
-10.489
-34.626
-30.509
-25.186
-2.4845
-10.892
-44.909
-22.11
15.56
12.187
12.646
7.8304
3.772
1.5439
28.873
15.56
9.0632
9.9588
33.316
13.989
2.674
-4.8441
-17.399
-28.087
-21.515
-41.462
-5.173
22.573
6.5797
-2.4409
2.6365
-12.108
-8.291
17.413
-1.632
-0.1966
21.275
11.224
-12.077
-9.0453
-14.407
-9.3886
-5.1322
22.709
3.8742
1.305
32.587
11.956
28.14
29.38
24.981
-20.084
3.6147
1.2441
5.7402
-12.795
-68.344
-36.78
-27.215
-11.519
-23.848
-8.9262
-9.3919
-14.417
-0.99228
29.46
18.872
-7.0375
-17.732
-7.674
1.672
3.2643
25.549
35.369
38.445
20.826
28.975
16.399
14.861
25.975
-0.76452
-16.396
-8.646
-9.7165
-21.329
-19.443
-7.2757
-5.8149
-22.348
-16.55
-3.6406
-17.637
-15.478
4.3201
18.099
28.425
6.5692
-13.031
-6.0429
-2.6038
-2.8613
-4.4649
-1.4232
-2.1075
-38.84
-6.3535
14.144
27.82
17.032
-17.031
-18.549
-21.161
-9.3607
6.8188
-12.576
-26.671
-3.9158
71.392
66.936
64.603
51.157
28.641
20.735
-37.484
-42.18
-21.065
-23.182
-42.324
-39.581
-33.135
-10.214
1.5147
35.631
16.64
-8.2369
4.279
21.009
24.911
-6.0241
-23.78
-32.507
-5.7701
1.0551
-12.088
-25.687
-28.488
0.83162
-3.2034
8.8991
14.836
6.5628
29.424
26.901
14.731
-8.5907
-13.498
20.904
32.446
13.797
0.60266
6.88
-13.082
-6.7456
-14.012
9.9902
14.025
18.053
-0.11592
-18.728
-3.9533
-5.3535
-7.8004
-5.2781
17.123
-0.15553
4.0339
-28.627
-19.978
-29.846
-14.522
-4.0189
3.5532
-41.016
-30.335
15.915
6.8657
7.846
19.532
21.077
25.695
22.134
-6.87
-1.3789
-12.343
6.723
20.846
1.1568
-2.0463
12.724
8.0964
53.501
