-3.2154
3.7396
8.6131
-9.7873
1.2254
-11.826
12.268
21.65
18.861
6.8442
32.459
51.402
7.7832
-11.671
-13.581
-9.7288
-1.5315
-11.301
-31.328
-6.3922
19.014
-5.3718
-29.862
-22.864
-9.6362
-13.337
4.3924
33.298
34.029
22.72
-4.3126
-1.6171
-7.0594
-9.3007
-15.105
-36.214
-21.122
-1.3563
-6.7124
3.2176
-10.894
-7.0029
-2.4053
-6.5475
10.602
6.0352
-7.3244
0.62456
-0.27248
10.777
12.175
29.705
55.153
43.789
41.099
-8.5947
-12.946
6.4939
1.5307
-0.098185
-13.964
-20.577
-8.7546
-22.932
-17.088
-9.3125
-24.592
-16.862
4.8052
-21.387
-24.551
-0.079136
24.866
7.7712
21.562
10.952
-32.674
-15.252
-0.33141
-1.4332
1.3842
2.3345
9.9963
-11.909
-15.707
-20.058
15.455
46.114
31.238
-1.1843
3.1922
2.3051
6.6363
-9.8539
14.498
29.196
-13.365
5.4266
0.89528
4.4889
-2.6058
0.071331
40.5
27.511
-4.6148
-28.777
-26.284
-13.675
-16.054
-25.033
-21.047
-18.966
0.1498
-12.236
-20.059
-54.539
-40.215
16.455
55.799
38.846
31.429
35.622
18.315
-2.6979
-6.7753
-9.2117
-14.665
-0.89907
-34.214
-13.684
18.386
30.625
34.899
-3.8582
-28.784
-9.814
16.003
21.743
NaN
NaN
NaN
NaN
24.059
9.2318
-4.9465
-19.885
-5.8355
11.622
-13.364
-33.453
-15.421
5.455
2.215
1.2782
-5.1481
-22.561
-18.049
-8.6362
5.3496
-7.7192
-16.477
2.14
35.3
11.341
3.622
-7.1148
10.971
5.598
-15.037
-8.2231
13.15
15.891
8.8776
8.9967
26.874
26.428
5.6598
-3.2774
-11.088
6.4653
-14.136
-15.127
-6.0353
-25.032
-19.499
-10.072
27.685
12.604
-19.489
-12.297
7.2103
15.209
-14.772
-23.531
-13.339
8.5864
14.189
37.144
9.1999
-14.768
-9.0259
-1.3397
15.996
33.595
19.801
5.2574
-17.496
-35.565
-23.751
-18.355
-3.4246
-5.1549
-14.734
-31.056
9.9024
15.524
15.96
29.857
16.546
14.945
-30.44
-23.359
-5.8387
9.1298
-5.7412
5.3658
9.9265
-4.9576
5.6325
33.776
36.18
25.926
23.361
11.09
6.1641
-8.0776
-26.873
-17.911
-21.188
-20.746
-22.187
-37.607
-10.955
15.708
11.882
-17.526
-23.273
-8.4459
9.3282
15.681
5.2013
3.1123
-20.112
1.3752
14.037
