-5.8158
-2.4572
-9.1568
-5.0745
-13.945
-21.919
-12.747
11.024
19.688
-26.322
-42.025
-5.232
28.489
38.003
24.655
-2.9526
-9.7034
-0.10252
5.1921
-0.67451
2.8216
1.4402
6.8537
24.993
24.866
22.659
34.198
29.314
-0.15797
-6.6782
-9.9908
-20.215
-37.331
-16.193
-6.829
-5.6362
-9.1987
-16.833
-13.383
8.8872
3.4147
6.8139
-3.6897
-5.7584
0.7202
0.18802
-18.322
-1.9896
4.3347
18.029
-11.722
1.0046
6.0458
-19.168
-12.82
4.7668
0.37
-20.019
-8.474
31.824
12.771
0.7369
-16.537
-3.9139
15.05
36.241
28.357
19.848
5.8116
-2.9443
-5.5265
7.7538
11.106
3.8177
-7.7096
-17.602
-12.402
-20.907
-16.923
-8.8104
-16.375
-5.4583
3.5615
16.484
28.05
23.844
-1.9746
-12.098
8.3435
2.8818
-11.912
1.9862
-5.8181
-25.455
-18.037
-12.769
-15.601
-13.713
-3.0894
-14.174
-14.317
-8.7421
18.791
32.081
32.599
2.3997
-14.92
2.5087
-8.0779
1.1408
14.736
22.268
25.681
27.994
31.181
33.428
4.0472
-6.4984
-10.634
-19.06
-22.133
-19.558
-23.645
-14.206
-2.528
-0.87607
4.9382
5.7156
2.4316
-16.963
-22.533
-11.096
3.9567
-0.26581
-2.933
-5.8368
6.5426
21.706
8.1635
-17.067
-10.175
-3.0802
1.8245
1.2411
5.7214
9.2368
1.4756
-4.5495
2.1884
-17.227
-6.4189
-3.7795
-13.884
8.6082
11.77
4.9698
6.5906
9.1573
31.992
55.956
39.883
7.6783
-33.264
-29.799
-5.4202
11.412
8.8569
-24.175
-32.745
12.913
23.538
27.852
20.653
-0.35943
-19.42
-23.42
-39.056
-33.404
-21.841
-23.467
-36.805
-14.906
-16.159
-13.65
2.9062
10.395
14.334
33.285
25.848
4.0554
5.3102
16.397
22.059
24.185
23.66
10.499
-11.5
-16.197
0.55706
-4.3268
8.2859
21.614
24.162
11.381
11.705
11.229
21.027
-6.0402
-15.603
-11.827
-12.655
-14.368
-24.483
-18.64
-30.753
-26.122
-23.487
-24.029
-10.147
-6.0752
-16.275
-4.4417
18.946
24.291
8.4182
-9.2639
2.8889
32.618
39.164
33.751
13.898
-6.0261
-0.015123
-10.574
-9.0608
-16.831
-7.8607
8.8475
0.87298
-16.968
-10.274
1.1416
23.49
15.824
14.508
0.35308
-8.5422
4.2198
3.2838
-6.6846
-4.1973
-8.896
-16.751
14.007
17.469
9.8988
5.1668
-5.7403
10.999
-6.1461
-9.7635
-10.017
12.132
11.631
16.583
-16.945
-40.382
-42.611
-17.24
-32.5
-28.421
-8.7437
2.7768
-0.3288
4.8989
17.465
12.389
26.23
25.876
34.55
39.198
4.5621
-6.9838
-8.0762
2.7516
11.165
11.052
12.141
-0.11962
-1.793
-19.661
-7.986
-5.4849
8.622
15.603
2.8081
8.9131
-2.54
-19.077
-9.2817
-6.8905
-14.321
-5.2625
-4.9478
