25.409
9.1946
27.145
2.6097
-15.916
-26.196
-27.598
-38.056
-44.896
-28.109
-36.011
-20.616
-1.9151
-27.294
-13.204
-12.473
13.283
2.6596
18.435
-6.9212
-5.0512
8.2716
33.668
8.7988
-2.8065
-22.939
-15.207
-23.999
-12.581
19.837
23.806
20.699
28.702
28.628
-5.0945
-25.132
-25.938
1.2491
8.5067
24.287
10.389
6.1893
14.003
-15.9
-12.338
-7.1001
3.3609
-20.191
3.1365
0.98772
18.84
23.04
33.54
64.085
15.62
-41.617
-50.952
-53.862
-19.21
-10.953
-6.8042
-50.899
-18.171
-34.416
2.3267
NaN
NaN
NaN
NaN
7.512
41.624
10.376
-2.1673
19.953
-7.8709
23.393
17.474
26.179
NaN
NaN
NaN
NaN
-15.811
10.138
-11.73
-9.3413
-6.8995
-11.743
-6.6671
-7.2173
13.226
12.188
17.13
15.821
40.664
19.936
23.751
36.891
8.6297
-15.712
-39.651
-16.531
20.153
NaN
NaN
NaN
NaN
-49.184
-23.86
10.803
21.649
34.271
34.172
-16.509
-37.775
-22.576
2.1792
-15.003
-52.124
-19.894
-0.19178
-9.8533
-1.5176
-8.3873
NaN
NaN
NaN
NaN
23.511
21.606
-10.404
-29.437
-19.004
17.044
-12.998
-7.3832
-15.354
-13.363
-25.062
-8.7193
-13.111
8.2376
8.3295
8.436
-1.5575
-5.7344
7.1014
22.318
25.624
28.865
7.922
-9.0835
-23.251
-24.487
-5.5391
24.505
-6.9736
-17.384
-74.865
-62.346
NaN
NaN
NaN
NaN
37.448
60.319
84.002
53.381
13.106
-22.164
-4.6773
-52.45
-44.749
-18.772
-15.503
-32.927
-9.4121
5.7718
55.493
58.197
62.106
47.798
22.24
-13.289
-32.928
-24.426
-36.327
-26.548
1.4174
-25.69
-15.88
-10.037
-27.192
2.2488
-20.064
-12.669
-1.8518
-16.044
17.628
57.231
63.084
53.655
23.831
-12.933
-61.088
NaN
NaN
NaN
NaN
-41.674
-32.805
13.976
6.162
14.439
18.853
23.534
9.3447
19.742
-3.1328
20.139
29.711
41.256
-4.189
37.626
60.172
1.7133
-80.578
-67.434
-25.393
-22.689
15.676
33.541
-1.0737
-10.179
-19.281
-10.635
7.623
-19.03
-12.401
-28.266
8.4168
15.986
13.845
-12.728
-31.898
-15.041
17.391
34.212
42.38
47.794
17.072
-2.2094
-0.47895
-1.8974
10.956
25.525
8.1939
-44.431
-65.204
-70.039
-42.077
-6.9
29.47
56.035
49.033
-2.9464
-57.066
-14.934
34.237
13.149
-29.19
-53.197
7.3485
NaN
NaN
NaN
NaN
53.392
67.229
81.146
41.077
20.415
-18.359
-19.202
-39.218
-39.44
-53.682
-61.246
-31.5
-28.83
8.8957
-11.928
-0.50204
-4.2509
-19.594
-21.079
-41.62
-24.473
-30.264
3.1366
0.89492
14.645
41.454
40.542
50.503
33.957
34.505
63.025
69.455
