21.429
-5.1563
-14.058
-19.515
9.7744
10.479
15.719
22.183
19.225
16.703
2.6346
-40.525
-39.285
-22.177
-9.5797
-11.333
10.042
-10.106
32.111
14.803
43.657
18.984
-13.925
-19.053
-12.91
-20.943
-23.48
0.29904
2.3972
0.40374
10.992
0.80545
9.7226
7.851
11.566
-3.2627
21.593
20.514
8.833
-13.496
-25.284
-27.002
21.539
-28.209
-15.753
-8.4833
-6.6535
-7.6846
14.515
-18.937
-6.9329
1.2292
-8.3436
23.82
22.555
14.807
14.801
-23.549
2.2059
-0.3762
-7.6547
11.467
20.072
-3.2263
23.481
NaN
NaN
NaN
NaN
-5.2139
-11.216
15.042
38.532
55.791
5.8843
-7.3806
-16.763
-0.54163
NaN
NaN
NaN
NaN
-33.414
-6.9508
-12.654
10.824
3.3516
-17.975
-2.9217
4.4548
16.944
23.248
-11.325
-5.4668
22.272
0.99149
0.078536
-1.6866
-3.2374
22.74
13.139
10.51
20.979
NaN
NaN
NaN
NaN
-8.443
24.61
5.4161
-20.342
-43.949
-3.0986
-8.7935
-2.4487
5.0939
-0.69089
-7.1964
12.957
14.325
-19.881
-19.647
1.7949
-0.057772
NaN
NaN
NaN
NaN
-34.234
6.3341
-31.852
-23.995
-7.035
-15.218
-15.791
6.8254
32.731
34.083
36.536
13.997
-0.72948
23.218
8.3941
-15.813
-19.624
-5.4672
11.89
15.09
19.227
18.258
-8.6866
8.0726
-13.193
8.626
2.6666
18.798
1.6703
7.3917
-15.253
12.095
NaN
NaN
NaN
NaN
-85.874
-6.5908
-0.49839
-24.66
-19.188
-11.651
20.732
21.74
8.6188
-9.6616
11.846
4.1782
14.771
-10.847
-10.231
-1.3274
3.3326
8.1508
9.6184
11.78
20.454
15.469
26.809
23.317
17.607
2.3331
23.465
-3.8443
-12.289
5.2554
-19.878
-35.328
-28.582
-21.622
-7.275
0.85303
12.693
-1.5655
7.2576
8.4836
-8.198
NaN
NaN
NaN
NaN
-24.447
-11.973
0.11796
-20.137
-16.423
-6.1806
11.132
27.323
29.958
8.8049
-1.0422
-20.139
-24.724
-13.797
4.8265
5.8748
-7.1046
4.1324
30.276
47.105
8.0995
-29.495
-23.779
-11.383
10.261
6.194
8.949
19.361
-11.143
14.578
10.809
34.153
37.39
30.85
-19.557
-41.029
-44.515
-18.518
-34.106
-39.052
-12.767
-2.6529
10.318
12.957
13.536
-6.3469
2.0437
-2.4289
-5.9797
-0.73617
20.546
4.1053
6.2664
14.258
16.907
17.263
12.989
-12.986
-8.3725
-17.781
6.4471
1.0895
-27.847
-15.56
NaN
NaN
NaN
NaN
-0.75666
4.4849
13.577
33.738
16.747
21.897
-6.2861
18.233
-5.6069
-11.851
-6.6507
19.079
-1.3035
-10.255
-15.124
-12.522
3.3117
-5.4429
1.0357
11.05
-22.193
-26.954
-10.828
-15.479
-27.35
4.6383
-14.669
15.537
10.986
16.32
18.77
22.039
