-27.324
15.868
44.257
62.078
42.31
0.5935
-35.139
-21.366
-11.933
-24.22
-20.979
-14.617
2.1101
-1.0115
34.21
46.7
12.813
-18.93
-8.0646
-12.986
-10.733
-18.431
-5.6321
-8.4665
-19.091
2.3839
18.785
-4.4583
-5.6213
7.5199
-6.2492
8.5346
-12.084
-21.275
6.319
25.407
-9.7222
-2.3081
7.7115
16
-3.8614
-0.1581
7.8295
14.707
5.5307
-2.3847
-2.1806
-19.745
4.3845
5.2185
7.5352
28.569
8.1263
4.5392
-9.2613
-7.9942
-3.7012
5.065
-2.0327
-15.147
-18.488
-8.9114
0.82928
3.7226
-11.729
-12.24
-1.5666
0.5754
-1.0382
-2.5606
12.526
4.6281
5.9945
-8.2896
-6.6282
-1.7023
9.9791
13.349
-2.764
1.1398
11.049
5.3015
-11.663
-3.7755
-1.7088
-3.5394
3.2799
1.581
-7.1368
4.7603
25.02
1.1956
5.8234
-7.3043
-5.572
0.9649
-0.86391
-12.08
5.7708
-5.7289
-15.131
-3.5057
9.1393
7.978
14.544
-0.50416
-20.937
-9.1571
3.7838
-0.32819
-3.7506
0.68728
15.164
-9.4345
14.534
13.43
13.748
0.41454
-4.9542
-14.944
-4.2202
1.8761
-6.3124
1.3374
-0.001001
-14.969
-15.085
-12.201
-11.699
15.509
9.1437
16.385
9.8963
9.9908
-6.4599
-20.632
-1.5863
14.749
12.471
-0.23177
-5.3228
-8.833
7.106
5.405
-4.2944
-21.728
-10.986
10.771
3.9154
6.9134
10.076
13.003
16.753
9.1831
-22.235
-19.367
4.0944
3.4971
-4.2218
13.427
7.1967
-5.8649
-7.3665
-7.3371
-18.053
-7.6467
5.8968
20.436
4.5997
-8.1385
-0.046099
-1.6872
8.523
-8.3428
-16.019
-5.2111
-1.6133
-3.444
3.1721
-7.2664
6.4389
NaN
NaN
NaN
NaN
13.475
-16.383
-20.051
-16.025
4.2459
6.6855
3.3981
4.7433
-2.633
0.64815
1.8429
13.773
16.997
18.62
23.179
0.74689
-9.5366
-2.6137
-27.407
-25.897
-24.374
-26.84
-19.408
17.952
13.761
-5.0305
-10.913
-0.44432
-3.6115
31.926
16.6
3.7623
-12.035
18.991
17.628
1.4999
2.0997
18.536
4.8354
-0.76525
3.0113
-6.6536
NaN
NaN
NaN
NaN
-15.974
-11.287
-4.3027
-7.911
3.7231
-14.537
-13.436
8.8026
8.007
0.22532
26.881
10.994
-13.238
9.9209
-5.3783
-14.855
-13.032
