-4.7005
7.5077
-11.332
-15.349
-5.5016
9.6741
24.131
33.034
-16.439
8.8454
15.164
15.257
-10.891
-3.6362
1.9179
15.472
-21.182
-31.434
-10.837
-2.6162
-9.9063
-12.379
13.279
24.295
1.4453
26.547
45.24
21.729
-6.2845
-10.987
NaN
NaN
NaN
NaN
-8.6748
-8.6028
-1.2256
8.2113
20.6
29.823
15.804
15.375
5.1252
-0.43227
2.0101
-19.023
-17.697
-31.621
-21.524
-17.805
-9.3666
-24.429
-31.032
1.2061
-13.598
-13.115
-12.78
-3.4239
-4.2799
30.04
39.382
47.909
17.283
-40.163
-28.095
-10.562
15.193
31.2
24.198
31.428
2.6919
18.554
NaN
NaN
NaN
NaN
2.4587
-37.361
-28.153
-22.826
-29.738
-33.825
-27.187
-6.3009
-18.18
0.4934
-1.6419
11.383
13.788
21.773
3.1756
-12.793
6.6313
2.8366
1.3619
-5.9881
0.76405
-3.8266
14.422
14.803
-13.673
2.025
-12.145
6.1054
3.879
-15.522
-5.8887
22.323
-1.9172
-24.407
-24.714
-2.805
22.732
5.705
19.324
-2.281
-8.5066
5.2483
11.977
27.284
-7.8332
-10.66
19.255
20.104
NaN
NaN
NaN
NaN
-11.052
-2.8243
12.371
54.443
52.225
-1.393
-21.342
-10.104
-22.185
-8.8604
7.9619
6.8528
6.5996
14.401
-9.5596
-20.327
-14.517
-13.6
-10.521
-36.547
-20.063
3.5721
4.1044
-11.47
-8.2249
-9.113
3.7127
-11.47
15.014
23.422
10.819
26.287
15.958
-4.949
7.2113
-7.6823
10.786
22.477
30.966
-2.5723
29.022
51.351
-2.7592
-42.531
-44.919
-13.952
-2.4674
25.229
17.607
13.806
-8.7439
2.7642
-8.4779
-16.463
-7.9854
-0.087001
-1.6425
-32.875
-53.588
-46.116
-27.762
-30.755
12.212
29.048
18.031
0.55185
14.589
36.56
29.947
24.016
-4.5621
-9.2653
-9.1145
-0.52157
7.8903
6.0693
-18.153
-6.6792
8.6643
21.022
29.661
11.695
-14.511
10.145
-18.461
-20.261
27.282
35.765
10.812
-12.921
-11.04
6.1193
5.0046
-17.274
-19.844
-0.5892
NaN
NaN
NaN
NaN
10.82
-19.187
-17.372
-21.513
-21.471
-9.413
19.945
-1.1901
-30.674
-31.326
-2.4246
5.5044
17.724
39.785
21.54
20.828
8.9159
11.456
-18.561
-14.7
-13.145
-4.6551
21.085
12.662
-6.9273
-13.339
-10.134
-3.8131
17.902
19.008
37.149
25.273
40.62
-20.901
2.853
-5.8984
-7.3547
-15.499
6.5861
21.913
NaN
NaN
NaN
NaN
-7.0384
-35.814
-41.423
-19.137
-40.362
-15.04
22.116
8.6366
11.335
9.9606
5.2201
-18.693
-34.307
-15.61
24.474
20.656
-4.1333
-17.256
4.4634
17.933
50.089
39.155
34.24
22.845
6.7284
25.919
8.8077
10.625
-5.8722
-4.1595
-13.616
-27.235
-3.2449
19.498
-16.05
-33.561
1.3628
-1.3592
-25.641
-30.15
-34.531
