7.2455
5.6402
25.968
7.3485
18.3
23.062
16.803
-30.044
-52.851
-41.594
-38.85
-19.155
7.5106
-16.235
-25.937
-26.406
5.7437
-3.9634
26.109
-11.538
-1.0163
2.192
13.962
-4.231
-16.632
-24.167
-16.128
-14.249
1.8215
14.81
27.305
15.781
27.539
28.196
4.856
-24.528
-20.182
7.2546
21.224
28.623
6.9709
-0.55149
11.15
-20.983
-7.9252
-9.9306
-3.2403
-5.14
4.4759
-0.07661
12.187
16.943
25.483
46.416
6.0524
-41.352
-48.428
-35.465
-8.7468
-12.007
-7.1366
-19.578
-23.128
-26.722
36.417
NaN
NaN
NaN
NaN
15.444
19.506
-2.5042
10.784
25.199
-4.3144
8.9699
6.954
23.37
NaN
NaN
NaN
NaN
-8.8013
6.8677
-5.262
3.8185
-1.4161
-6.0037
-0.056285
3.9184
24.635
13.625
8.6625
16.558
34.343
15.587
15.823
15.277
10.552
-5.5529
-26.863
-15.363
11.872
NaN
NaN
NaN
NaN
-46.362
-35.012
-10.379
6.8188
20.674
24.125
-25.327
-44.042
-11.208
13.622
10.744
-35.843
-11.899
-7.5416
-7.2747
-4.6198
-13.778
NaN
NaN
NaN
NaN
26.601
11.165
-2.5809
-14.001
-12.664
4.5664
-13.236
-8.2574
-15.458
-9.7417
-1.5877
2.8033
-6.3263
6.1842
-0.10193
7.4114
-6.7135
-21.295
-1.2189
8.6153
10.298
27.351
20.359
-19.996
-26.166
-10.994
-2.4117
7.7777
-12.806
1.4232
-28.979
-30.565
NaN
NaN
NaN
NaN
23.67
52.859
58.911
35.481
22.939
-4.2729
-8.9544
-40.778
-24.45
-14.005
-12.241
-27.638
-6.5573
3.9508
33.668
39.351
44.822
34.811
20.311
-9.8144
-21.62
-13.981
-16.948
-19.634
8.9502
-17.002
-12.753
-13.143
-20.728
14.771
0.86347
-12.112
-21.307
-19.034
12.476
37.314
42.045
23.75
6.0934
-21.094
-67.697
NaN
NaN
NaN
NaN
-3.7373
-6.003
10.429
-0.62531
14.629
19.795
14.88
-16.455
-0.70556
17.326
31.417
17.443
26.614
-13.999
22.994
41.831
-1.338
-66.859
-47.604
6.7549
6.8859
28.911
21.186
-28.52
-24.942
-28.469
-14.246
3.2081
-20.804
-11.03
-11.798
15.053
28.693
26.873
-12.519
-30.985
-23.706
11.062
15.513
25.927
35.156
17.923
4.3845
-7.2623
-0.25153
6.6757
22.767
-10.308
-38.722
-40.962
-35.131
-12.731
3.5545
30.599
44.346
40.523
-17.179
-69.793
-21.283
21.085
24.457
-1.208
-43.302
4.5284
NaN
NaN
NaN
NaN
34.848
40.908
76.955
64.846
28.317
-6.7093
-22.115
-29.144
-20.795
-32.814
-51.863
-32.623
-23.114
0.13279
-16.701
-0.060752
-1.3168
-13.381
-18.256
-35.457
-29.134
-34.229
-5.13
4.5061
4.3115
33.255
23.577
40.329
37.019
29.044
38.867
55.122
