NaN
NaN
NaN
NaN
NaN
24.98
-3.1886
-5.5193
1.5172
-14.403
9.9108
21.762
-3.7559
-11.924
-3.4925
-8.696
-11.479
10.545
-6.7175
10.069
-3.0319
7.4969
-0.33085
-2.3486
-15.889
0.1026
-24.412
-16.938
-24.616
-4.1188
24.587
17.59
1.6856
20.963
16.922
25.27
6.489
-6.1696
8.5801
-14.413
-15.012
-31.767
-15.367
8.6645
15.261
4.5991
11.082
5.6814
-3.1038
16.623
8.0833
-7.1109
-5.9192
-2.8794
7.2844
-1.0282
-30.609
-24.498
-11.855
-1.3665
22.249
-16.358
0.019009
10.225
13.514
28.746
22.247
NaN
NaN
NaN
NaN
-4.6299
-4.7066
-5.8716
9.5882
-19.059
-37.303
-24.462
2.586
-25.962
-11.133
3.4059
10.354
24.349
8.5929
-20.919
-1.741
7.9122
6.6612
14.929
13.852
17.696
13.828
-17.235
-7.3941
0.11846
-11.807
-17.151
-0.1599
-1.2176
21.745
20.664
-6.4675
-3.1024
19.616
20.953
15.507
5.5607
-3.0271
-14.644
-27.694
-14.616
-12.256
23.5
NaN
NaN
NaN
NaN
-27.83
5.4975
11.051
-5.0495
15.818
15.736
11.632
3.4294
5.5884
-19.406
6.7992
-13.997
8.0087
-0.97141
10.454
25.035
33.745
13.802
6.6004
5.5789
-0.45498
-20.371
-20.388
7.3342
3.6939
-7.0063
-24.138
-1.7995
2.994
-5.3308
4.4405
-0.045532
5.3452
1.2207
11.369
-11.391
-15.003
-18.167
-25.686
-16.603
3.5866
17.612
46.442
50.108
10.387
-22.918
-9.7826
17.98
-16.627
-23.847
-19.706
-21.833
-7.3708
-9.4665
5.8743
-6.0945
14.094
11.167
-4.3552
-10.494
5.8853
-4.3787
10.489
3.2225
31.093
38.071
33.467
0.36206
-16.312
9.0729
8.0816
-5.1029
-14.002
-23.815
-19.503
-29.471
-14.194
8.0954
3.1127
11.053
6.206
-1.9426
5.9323
-9.7099
22.771
15.944
-17.614
-29.958
-16.414
-7.6505
-7.4451
-4.946
NaN
NaN
NaN
NaN
-17.088
9.727
18.448
13.02
5.5483
-11.049
-14.838
13.106
10.941
3.2504
-19.793
16.782
26.557
4.0988
4.0458
-26.379
3.8171
4.7598
4.3653
-5.626
-8.5167
-2.1849
6.772
16.613
7.4504
-9.3263
-15.58
-26.184
-6.3
-0.05947
-17.234
4.4122
6.2365
11.269
7.6954
-0.83334
7.7418
18.601
-25.692
-21.028
-8.6131
-9.6807
-15.517
-13.989
-15.343
-15.126
-2.797
11.206
38.263
25.131
38.673
38.433
25.781
14.61
3.1957
2.7347
2.9148
3.0103
-2.6885
-28.02
-9.7054
-12.708
-20.256
-20.041
-7.8814
-43.064
-16.797
-2.088
-3.9648
13.868
24.134
16.274
-9.986
-13.016
-11.81
17.594
7.8207
12.646
2.7701
16.05
7.3539
-23.844
15.219
16.133
-0.7122
-15.137
-19.172
-8.7936
2.8825
16.833
6.7283
-8.6617
-31.355
