-12.717
6.8456
-44.792
-21.08
18.82
13.302
-25.095
-17.01
-13.245
43.245
15.025
7.3657
-20.515
-1.4022
29.314
26.676
27.487
15.033
15.296
3.9231
-36.387
10.578
15.238
35.414
-25.977
-16.228
-17.038
3.422
26.636
8.4133
-68.408
12.32
-49.288
-33.989
-37.182
-10.501
5.207
39.017
-0.95959
-28.312
-9.7198
-6.6678
47.981
33.205
32.501
40.234
21.536
-17.392
-12.249
-9.8081
-49.14
-39.787
-44.563
-19.657
-3.0609
10.248
52.413
59.853
57.73
64.215
63.109
0.84383
-35.109
10.65
16.861
-22.245
-74.224
-49.267
-30.569
-11.096
-0.19841
1.8383
1.2091
-6.0165
-34.679
-1.3569
-16.795
1.7697
-25.337
-12.396
-2.0109
12.804
12.762
37.838
-36.605
5.8419
33.035
1.7177
-18.061
-15.328
17.912
37.044
19.525
29.005
47.957
19.101
6.5254
-16.506
-13.849
3.9093
31.578
53.403
-42.815
-27.971
-33.197
-19.005
-11.227
4.2813
-17.531
7.1793
5.8093
-31.512
-42.307
-14.762
5.4863
-70.942
-65.292
-36.677
6.0346
71.212
38.46
84.934
77.168
37.392
25.102
-22.864
-21.174
-53.715
-12.2
23.983
-11.112
-2.591
4.3406
9.8788
-31.611
-36.815
1.8606
16.01
-3.0914
15.454
30.401
26.151
16.411
44.296
6.0972
-10.267
-46.997
-21.906
-5.2848
-37.131
-13.81
-1.1673
27.076
3.2065
-2.9711
-4.3378
-36.381
-1.7659
-3.9788
-24.854
-0.66581
-22.763
-30.216
-11.426
31.804
40.559
46.653
26.474
10.24
8.6267
24.363
12.078
-17.951
-21.512
4.054
-17.852
36.285
10.298
-4.2176
-34.66
-3.6981
-37.65
-11.283
-38.012
10.761
80.037
46.921
2.2513
23.464
-6.4837
19.63
11.718
-10.141
-38.083
-107.53
-65.069
-26.517
16.508
-4.8769
-23.095
19.419
10.621
18.206
29.969
67.354
22.362
-14.404
-16.342
-19.164
-1.5513
7.956
-27.592
10.078
26.058
43.612
74.265
16.638
7.7522
-9.5105
-33.056
-30.998
-13.811
-10.01
-62.926
-35.803
-11.645
-2.5546
20.08
35.85
48.673
7.5136
-32.121
-17.401
-28.161
-20.712
35.986
-5.9166
62.753
20.263
-13.912
15.086
3.2141
-40.15
-41.023
0.76225
12.729
-7.5979
-28.443
-34.42
-14.152
-8.2849
-7.7928
14.795
35.163
41.905
30.257
60.404
24.853
-15.31
-31.442
-12.575
-1.5866
24.924
6.3693
-7.6443
6.1529
-3.044
-27.22
-51.978
-12.625
24.39
35.778
9.0012
-35.878
-40.799
-48.42
1.2177
-7.1144
0.9624
2.5218
24.18
14.054
60.266
110.14
53.46
-30.063
-67.034
-28.555
-50.337
-40.196
-0.90128
2.2775
10.501
42.502
