-26.536
-2.4496
-19.679
7.721
31.509
22.017
13.542
-6.3593
-40.854
14.298
-26.743
71.894
33.558
54.604
-28.598
24.022
30.608
5.368
11.629
21.397
-57.707
-12.722
-52.168
-47.679
-17.239
22.571
20.116
19.454
-66.17
-44.483
-47.842
41.695
29.194
29.447
9.6816
-34.358
20.141
31.471
-0.88208
-27.048
-6.9162
-19.536
-14.603
22.215
47.329
-4.4601
-29.594
-19.349
55.194
59.716
16.751
37.27
-9.8651
-3.9581
-43.861
-71.817
3.8158
-8.4668
-17.269
-37.617
-53.036
-51.383
11.236
20.91
39.657
6.9655
-20.92
-7.2523
67.176
109.69
96.119
63.658
-2.7288
-30.192
-37.912
-44.512
-39.361
-14.747
3.9234
13.359
20.274
-8.2402
-6.8233
14.154
-11.811
-48.234
-41.851
-21.77
-21.044
2.9557
4.3807
-10.671
-33.635
-47.477
-6.1621
22.184
18.501
-8.0738
5.164
1.2174
45.683
47.595
-16.396
13.321
1.2967
61.843
-19.283
-9.705
29.386
21.002
31.696
7.9373
-2.2318
1.2329
8.7131
1.9052
-10.624
-18.889
-52.624
7.4112
15.216
37.749
13.959
-49.941
-13.781
-23.624
-45.003
-12.803
-39.356
-30.315
-36.563
-14.475
-4.0461
8.8513
55.664
76.39
59.83
16.222
-21.023
24.222
28.6
-18.621
-19.6
-1.4092
1.9052
6.9253
-23.175
-3.0928
24.644
-0.58589
-29.269
-18.028
-17.965
-30.561
-12.211
26.8
-12.196
19.567
-63.509
25.759
-30.071
-3.6737
-27.678
67.236
17.991
51.563
-4.9928
20.129
1.2559
0.86378
74.326
60.036
-5.4662
-57.685
-19.517
-11.853
-24.462
12.129
-4.703
-14.284
-19.674
-31.046
-14.993
3.513
11.462
-2.6019
28.509
28.145
18.157
-16.273
-20.815
-19.266
-6.5996
2.9499
-61.612
-65.902
-35.123
33.449
21.593
0.46067
5.4706
0.51873
15.124
19.591
1.5875
40.5
-4.951
47.262
-20.207
0.40015
16.061
28.03
68.114
-21.099
-27.977
-33.5
11.525
36.03
34.797
13.924
8.2312
16.499
12.293
-18.905
-29.505
-49.4
-12.781
-33.796
-40.768
8.8473
-48.429
-11.38
-5.4666
-28.48
16.579
48.578
8.5698
3.4302
48.231
-75.538
-3.9572
36.974
10.755
18.488
-3.1241
-80.779
-9.1233
3.2331
-10.799
4.8102
-28.454
-34.809
-11.514
9.4743
39.837
48.234
64.265
83.282
33.547
34.355
48.183
58.945
-0.98606
-54.624
-20.732
21.621
12.643
-1.3679
-19.981
-45.611
-61.95
-64.198
-66.49
-30.326
-31.54
-58.26
-38.089
-26.394
39.348
40.494
13.319
91.469
59.405
-12.819
12.376
13.363
15.837
-18.378
-26.198
-22.75
