48.68
0.52402
20.12
5.8242
-6.5062
37.737
143.65
76.536
37.063
48.606
29.521
39.513
27.437
-12.408
-4.3819
-86.333
-54.387
-61.931
-52.155
-27.074
-21.829
-20.247
-0.20879
-32.367
-65.894
1.8217
28.835
19.047
-22.425
-46.121
-4.9262
-26.69
13.512
-32.097
-39.455
-57.028
8.5314
22.309
11.645
28.908
-1.7168
38.333
65.21
127.16
163.83
98.975
15.491
-31.554
-15.949
-23.744
-44.785
-12.454
-26.98
17.913
-5.757
-43.852
-71.179
-25.507
-26.231
-15.878
-27.908
-33.697
-21.539
-2.9593
6.3262
2.1183
-16.663
2.1415
-11.782
8.5267
7.8892
31.005
-27.226
-2.8742
15.31
51.054
56.689
40.285
-0.75648
-16.369
-6.7983
-4.0353
2.8969
3.8782
-16.134
5.9686
14.529
3.9495
-16.877
-26.684
-9.6409
7.4949
-11.074
-19.884
-4.3734
25.164
-9.5649
-7.2422
-14.545
12.405
12.142
45.426
11.27
-26.972
4.0386
26.153
33.45
-12.495
-17.556
25.069
-5.4271
-7.2057
-42.469
-27.839
-15.852
-3.0185
-9.2392
-8.6264
-8.7563
22.928
26.904
-18.54
-32.294
-11.156
64.461
43.877
-11.132
-73.933
-18.212
8.6815
13.31
-11.604
-16.279
-13.606
-31.902
25.156
7.1689
19.618
4.4349
31.868
11.498
42.137
28.686
31.423
19.142
11.587
1.7981
7.7306
-27.077
-6.0721
-34.026
24.065
-3.0438
42.45
9.7369
7.6836
6.8228
-18.951
-6.1897
-32.843
-55.253
-82.52
-65.532
-57.62
-12.571
-53.905
-78.38
-54.673
0.57379
28.732
24.276
113.53
100.44
77.733
50.518
33.859
23.423
9.6251
14.145
18.43
26.162
56.761
48.931
4.6478
-61.076
-41.815
-39.294
-28.439
-30.525
-37.507
-16.362
22.034
9.9539
-10.857
9.8903
-24.639
-28.486
-10.549
-52.611
1.5917
8.554
-7.9512
10.777
14.213
-21.464
-14.408
25.214
31.566
-30.523
10.099
1.1585
-2.1582
15.099
-1.1524
-24.082
-44.705
-66.152
-47.713
-15.827
9.3623
65.314
83.465
63.684
51.574
52.864
65.339
45.302
47.394
34.076
52.079
-11.051
1.4789
-30.37
-18.42
-46.949
-78.588
-40.893
-71.539
-69.85
-75.93
-39.124
-7.001
11.403
-30.39
-18.857
-42.315
-11.477
-4.3757
52.815
75.529
8.8266
-11.114
-34.49
-5.1425
-9.9135
