32.751
30.875
-53.441
7.6734
0.41828
-18.729
-13.368
21.155
22.259
47.391
59.868
21.292
-3.5053
9.631
-12.552
-15.865
-20.838
2.8185
-8.9169
-2.6326
-24.841
47.858
28.125
18.642
-7.1327
-29.49
-19.557
-8.332
32.357
46.343
-23.396
17.743
-35.284
-35.508
-34.487
-26.846
-21.279
0.36728
-3.2221
-34.724
-16.398
-1.1956
-3.6944
-1.3799
2.585
30.836
31.434
-13.748
-17.42
-22.111
-7.9091
-11.922
3.7288
9.7864
8.6105
71.091
62.214
20.858
32.434
34.24
29.227
6.7235
-42.86
18.087
-7.536
-7.8205
-16.226
-18.713
-21.682
-13.829
-28.977
-14.666
-13.056
-31.011
-8.8136
18.346
-4.6896
7.0375
-2.8414
-0.81848
-3.041
-25.35
15.688
42.57
-5.4429
15.641
13.195
-12.628
-17.861
4.002
-14.945
-16.384
-43.884
-17.249
22.121
26.975
21.301
-10.144
-16.982
21.104
24.897
28.616
-14.964
-13.181
-14.17
5.4302
19.811
39.764
-12.336
-7.302
19.1
-2.9006
4.136
13.807
27.463
-20.933
-14.03
-40.249
-40.577
4.7437
-23.248
-15.949
28.531
25.41
30.687
-13.588
-16.256
-41.882
11.665
5.3861
40.728
38.579
0.58069
-6.2476
4.2078
25.285
9.0986
-0.0034653
-19.565
6.7115
-0.92871
-15.731
-10.173
-17.175
-39.18
-27.253
-18.368
-7.8478
-1.3743
-38.945
-13.349
-16.081
-3.9951
9.166
-2.5244
-8.3182
-0.88656
10.827
34.918
30.858
47.163
48.903
16.075
-4.9621
38.795
47.333
52.873
14.142
4.6707
5.162
19.18
-9.5086
-61.502
-34.772
-29.423
-43.675
-17.769
-18.848
-1.6741
-36.642
6.6321
11.531
-5.0661
-66.855
-23.453
-3.4463
10.436
-5.8637
27.19
15.413
12.093
15.918
-0.99575
-0.051058
1.7691
-19.295
-33.375
17.218
9.4373
-14.053
4.5361
12.149
31.084
27.253
46.164
33.786
1.4447
-24.372
-43.395
-5.1085
40.879
6.7112
-12.157
27.595
9.2734
8.6669
1.45
16.586
-24.658
-18.957
8.6857
11.432
5.8221
-31.781
-36.333
-50.409
-22.975
0.50258
7.6905
13.004
7.8772
2.2581
7.4693
-5.6425
-15.109
-6.4063
-12.384
62.329
26.845
-19.277
12.034
-20.418
-21.766
-5.5907
-11.382
5.4819
-25.299
-31.596
-17.429
-31.434
-31.945
-4.4717
48.113
43.569
3.1815
0.69043
53.635
63.812
49.768
14.595
-6.9365
38.877
44.487
14.486
-13.97
-21.406
-43.237
-27.831
-18.219
0.43956
5.8242
4.411
-49.355
-60.318
-53.274
-49.732
19.945
13.504
-1.0247
44.564
25.343
-3.6419
16.426
27.09
18.899
-8.881
-12.677
-15.915
-8.6536
-29.463
-9.882
1.7239
-21.104
-8.4023
