3.5029
8.9275
-23.173
2.3325
-34.935
-24.891
24.144
-7.4699
-54.345
11.268
18.388
69.427
34.644
6.8659
34.001
45.913
22.949
29.897
-59.144
-41.9
-4.9906
-6.9905
31.687
11.143
-28.055
1.4364
-29.795
-22.443
-4.6301
48.621
-25.55
-9.9237
-34.062
-33.804
-13.244
26.388
-6.1021
0.77187
28.458
-46.297
-20.146
5.3231
5.1751
3.3121
16.134
58.87
54.664
-53.041
-30.77
-21.308
-25.453
-21.93
21.77
17.434
50.664
6.7974
22.358
33.889
21.028
31.317
30.191
-4.8311
-15.275
-34.438
-0.64944
-40.123
-17.494
-11.292
-22.745
35.962
-32.608
-21.72
-12.16
48.942
-3.8825
-24.092
-14.068
14.499
-34.317
-55.263
-28.82
31.821
11.809
22.841
28.228
7.0793
4.1562
12.459
4.4114
16.767
34.973
-8.7509
-23.445
-1.4307
25.795
19.806
7.9863
-29.208
-0.22241
14.067
27.569
11.686
-8.6054
5.311
-25.445
-20.061
-28.712
-37.099
-43.072
-22.738
-1.9918
21.807
31.011
15.726
-15.58
-25.03
-0.91451
18.469
-6.1237
11.144
-1.2425
58.415
41.176
35.261
34.337
-31.698
-28.754
-61.317
1.1192
10.155
-25.386
-3.5803
33.666
21.722
43.843
3.8787
-2.9896
-25.391
-51.063
2.1253
-23.411
-2.0432
-19.841
7.9813
11.394
2.6792
-15.539
-23.866
25.165
-18.635
-17.603
-15.898
14.626
-38.085
0.75635
10.465
-7.003
59.085
79.699
17.25
20.052
17.947
-14.65
-19.081
34.966
7.0558
-0.54373
-8.3959
7.6407
-42.116
-33.429
10.481
-31.368
-58.6
-9.4632
11.173
-10.076
-34.193
46.879
21.453
-8.0526
6.6335
-0.22963
-27.726
39.233
56.767
7.5366
-23.549
27.521
14.85
21.665
-34.203
-25.711
33.691
-13.608
-11.598
-70.575
33.251
18.757
-5.7154
-26.762
-46.338
-39.446
-11.395
18.623
-9.0111
4.1667
-1.3816
-32.033
13.079
36.529
28.806
14.235
64.903
83.471
76.194
26.554
-1.8313
-0.16662
-40.534
-32.811
-6.7425
-11.428
-65.669
-57.588
-55.909
-15.767
-14.435
21.13
-0.47203
14.284
-35.206
-8.1652
-4.3134
1.6314
43.93
40.437
50.249
30.71
22.959
13.26
-40.64
17.115
-29.425
-25.135
-7.6659
-14.581
-45.402
-44.47
-47.275
-32.364
3.8995
46.964
21.047
43.3
44.544
60.023
44.048
24.642
9.3369
-9.75
-6.2027
19.122
-30.971
-50.363
-25.001
-11.798
-0.6723
-7.973
-5.0457
4.5837
35.158
-7.6518
-6.2838
-20.431
-76.668
8.5586
-31.481
21.951
34.038
28.567
0.60006
3.2144
44.787
28.216
-21.087
10.018
-15.134
-32.007
-24.634
11.854
-8.7358
-37.447
39.423
