2.8165
0.20507
-32.59
21.253
6.7793
-1.9641
-25.881
11.676
-23.493
17.873
22.551
7.8122
-12.005
-25.708
10.673
20.367
24.604
17.506
5.0636
-31.928
-11.928
8.3569
18.861
31.005
-2.3169
-2.4452
-27.8
-17.182
20.075
-1.6892
-54.457
9.7
-23.191
-26.888
4.6724
27.61
17.626
25.416
3.8098
-23.095
-37.212
-3.383
2.4533
-0.44427
18.423
50.907
17.781
-32.199
-13.906
-14.626
-7.929
-23.953
-31.761
-13.271
-5.6209
1.7399
24.91
52.614
60.343
44.888
16.387
1.3312
-4.1004
18.25
3.0325
-36.766
-31.761
-14.184
7.6547
8.2708
-7.1461
2.9055
-1.616
-4.4493
-15.787
-15.887
-10.001
-21.472
-33.529
-43.668
-9.4985
-5.0973
0.69372
8.2923
-2.501
14.882
16.401
11.507
13.394
29.318
13.786
16.675
-3.3219
8.4177
20.255
15.018
24.63
-22.471
-20.574
30.778
23.671
11.215
-12.241
-13.287
-4.5182
1.3881
-11.558
-31.191
-36.386
-37.051
19.116
10.318
7.1194
0.098744
-7.6744
-45.46
-39.182
-20.679
-7.5107
34.209
44.348
54.897
40.697
2.8629
27.193
-23.458
-27.893
-33.714
2.6421
29.766
2.2191
1.7507
4.1987
12.854
1.6018
-21.098
-0.3903
-14.383
-18.938
4.2325
18.905
-8.7314
-13.128
15.762
-4.5972
5.1667
-6.1102
-11.103
13.746
-7.8519
-9.1797
12.583
-7.0702
-15.967
-13.684
-0.41962
-29.184
8.8847
36.498
16.082
24.866
-8.0055
-26.325
-5.228
30.572
6.0036
17.552
1.3738
35.837
4.3318
16.704
-21.804
-39.531
-35.015
-30.399
-8.2646
30.167
4.0052
10.935
-2.1645
-4.6929
2.2333
-1.1218
-25.552
12.437
37.728
13.141
-14.665
3.6271
15.076
8.2534
-14.779
-25.953
1.516
-15.142
-11.456
-15.858
-4.4316
0.74683
2.6427
1.2481
-24.607
-34.209
5.8274
57.805
13.05
-4.5706
-1.4457
-14.468
-7.5934
21.897
-5.3917
7.2742
47.346
59.965
68.333
9.379
7.6845
-8.3307
-30.303
-31.754
-28.623
-18.174
-37.003
-34.52
-30.812
-21.313
2.9462
9.9658
13.635
-1.1178
-11.71
-0.37982
-23.744
-11.521
38.718
12.216
28.736
24.209
1.9508
16.663
9.2324
-13.622
-14.776
-19.935
-3.6541
4.7547
-14.092
-18.705
-12.758
-8.8564
-6.2689
19.925
21.456
36.525
39.339
40
-3.3337
-9.5434
-13.105
-6.9358
-1.7011
14.359
11.615
-31.373
0.65062
-30.831
-8.9716
-13.789
4.113
21.738
16.852
-29.907
-15.402
-36.466
-56.657
-10.157
-25.922
23.697
56.859
26.821
14.412
18.443
49.724
9.9797
-9.793
-10.464
-8.6471
-30.164
-24.11
13.553
16.874
-20.516
12.98
