-2.197
8.9941
29.106
4.4204
-4.1276
-2.1953
-17.572
-19.364
-28.818
-15.854
-20.512
13.785
-0.030743
20.796
4.1032
-5.2636
-13.726
-38.768
-29.169
-33.339
-20.069
-5.5221
18.454
36.534
52.78
46.692
36.798
18.061
9.5742
8.0426
23.92
6.5245
-4.7917
-14.28
-4.5933
-6.2371
4.4467
-9.4429
14.06
-5.8653
-28.746
-34.993
-21.402
-5.7091
-27.744
-28.06
-21.532
-20.703
-7.5928
-24.742
-15.071
-10.571
-10.634
-21.616
41.311
79.705
82.23
62.777
7.0287
24.545
-6.0239
0.34734
22.172
3.9415
-10.403
-18.048
-40.796
-5.46
20.884
1.9855
-13.03
-19.15
-34.598
-35.266
-16.374
-12.293
6.7689
10.536
-13.589
6.2675
-2.9127
2.1948
-1.394
31.693
22.038
11.503
2.1427
-5.1028
-3.7983
-16.542
-10.809
-16.078
-6.8399
9.0751
44.526
33.024
3.5926
-4.2199
-10.309
-17.456
-32.417
2.977
-25.947
-10.013
11.411
25.473
21.167
18.699
-6.2504
-18.289
-2.4345
-2.953
-10.087
-4.0735
7.7653
-1.7247
26.864
20.65
6.111
32.312
6.7243
1.0232
18.013
-2.352
-3.2824
-22.829
-21.32
-49.276
-57.896
-38.956
-16.449
-31.964
-21.619
29.178
49.249
14.568
-12.747
5.2921
30.135
28.491
31.563
26.407
7.1361
14.76
12.221
8.3061
-8.2876
-0.92113
9.8484
-8.8628
-42.281
-23.683
-8.8041
-0.7675
0.18749
16.956
-5.2607
1.1993
11.173
-7.9288
-5.2093
2.7828
-3.3457
-12.302
24.768
14.34
13.038
-17.398
-37.007
-24.181
-8.4655
-17.845
1.1921
-14.347
-7.3643
48.565
5.0856
-15.052
-7.2849
-20.014
-12.46
9.6535
72.512
60.896
23.062
-17.407
-10.043
-13.366
-4.5524
8.9704
9.5364
-5.1794
-2.362
-5.237
-16.262
-5.1865
-0.25694
-20.662
-25.155
-16.769
-16.262
8.9195
-18.732
-10.899
9.6003
44.353
40.786
-5.5737
-9.5277
15.566
0.98096
25.02
7.5409
-0.96787
-1.1145
11.051
-17.341
-42.551
-10.39
2.2003
-10.097
-29.126
-14.546
-10.253
-4.1315
-18.565
32.95
1.287
4.8473
2.7256
-1.2257
46.615
56.043
6.1283
-7.6974
-4.3162
25.456
16.955
-10.279
-22.23
-24.225
-23.121
0.25691
11.123
22.722
-3.3925
18.653
-6.0182
-1.9321
-18.955
-31.856
-28.716
-26.986
3.1241
-12.46
3.8771
-11.681
-19.304
-8.6752
11.262
34.579
21.28
30.805
5.1089
15.667
-3.0336
9.0642
23.953
5.3701
-10.025
6.7511
21.407
-10.8
3.1392
-11.787
8.2393
-34.797
-37.375
-10.14
15.172
9.7552
5.6119
-2.8477
-20.98
-13.941
-6.6294
4.8679
-11.698
18.306
34.879
24.451
3.7924
-12.299
-31.273
-11.517
-23.774
9.8073
15.849
5.1392
-7.6912
23.747
-11.993
21.716
-3.3185
-17.556
-14.804
19.856
-17.462
-10.222
17.015
11.631
6.6098
11.307
16.567
-4.2774
