16.936
13.215
-49.991
33.495
12.067
-7.9278
-53.512
-11.426
-36.613
42.689
56.466
19.159
-0.078112
9.5979
-27.786
12.025
-0.60037
14.856
-21.663
-2.1907
-34.586
5.3042
-5.9511
35.14
-0.024883
3.2677
-43.551
1.8086
34.253
32.284
25.941
20.317
-44.404
-37.862
-37.82
42.716
-5.784
-9.6895
-22.91
-2.3485
8.7447
-6.0382
-2.9738
-12.453
23.442
33.841
48.426
-29.624
-8.3267
-57.145
-22.605
-24.779
-32.48
9.5407
-19.029
6.5382
8.4067
64.194
38.93
38.25
13.634
29.609
-34.379
20.506
-6.7197
-37.68
24.794
52.978
25.866
17.74
-16.277
-6.3806
-15.021
-19.268
-50.541
-46.886
-4.3233
19.758
-2.0375
-56.171
24.807
-17.448
-22.058
-25.107
8.4472
-12.1
-10.496
-13.486
11.623
32.65
5.8812
14.427
-35.106
29.837
54.419
63.771
30.139
-4.3547
-16.988
-5.8189
-10.305
-4.5246
2.8346
-12.225
0.43705
12.999
9.1847
18.862
-37.76
-55.68
13.302
17.647
8.6199
13.782
34.623
-15.393
-4.5929
12.236
-68.2
-32.658
-6.518
-12.316
7.1447
-1.6186
1.7445
-47.045
-20.639
2.0396
37.667
16.282
49.073
34.613
-2.5025
26.494
7.6599
-9.6917
-9.9947e-05
10.33
8.8516
-16.492
2.7183
-22.132
-0.81073
-0.46488
5.1875
-12.25
15.537
-10.942
-18.302
-21.131
-52.86
-21.928
11.159
-8.6039
-33.563
18.158
-19.347
97.847
86.513
51.736
20.632
12.284
-27.465
-53.854
28.39
-32.884
-54.93
-15.078
27.592
-30.615
-23.257
-11.005
-35.045
-22.127
-5.1848
7.8029
17.483
13.783
17.874
25.403
36.461
17.867
34.123
-24.016
16.687
36.718
-5.6156
-21.814
-6.072
24.281
11.358
-9.708
-6.7856
0.40564
-14.058
-16.717
-35.061
-7.6788
-19.43
-11.335
-7.6961
-36.041
-54.687
-4.5427
26.98
-28.891
-41.93
-65.866
-25.268
36.041
43.904
90.002
60.976
94.677
98.953
57.899
39.148
9.2585
-12.168
-22.288
-32.746
-5.0106
-32.5
-62.856
-32.405
-49.142
-57.97
-39.986
9.354
-6.0409
9.6278
-9.3831
-3.0275
1.3867
-4.5376
30.194
-12.068
17.762
-7.1159
-8.5839
19.193
26.003
50.204
-14.255
-29.371
9.6235
-0.51583
-58.953
-66.284
-18.623
6.028
50.125
50.623
57.066
13.495
10.447
55.714
40.409
25.454
-35.785
-18.002
31.541
34.043
1.4495
-68.213
-31.073
-39.637
-40.73
-44.843
-9.7879
13.787
39.541
-23.112
-57.727
-28.461
-59.51
56.153
10.339
14.201
81.484
2.6472
7.4103
3.8471
-1.1905
36.451
6.2997
8.8093
12.598
-50.344
-12.479
-17.428
46.766
-31.19
-3.7624
