-39.714
8.5614
-17.616
-35.093
3.5753
0.40605
-6.0508
-10.486
4.6801
0.18012
25.012
45.36
13.705
-22.332
-9.9728
6.1236
-6.5007
-19.587
-14.432
-19.52
-24.396
1.9812
-4.7017
64.725
12.373
-6.2184
-4.8911
-0.076869
19.009
-17.842
-54.865
-8.4528
-34.819
-20.796
7.4145
34.519
39.226
36.75
40.908
-31.938
-14.546
-6.303
9.3705
-13.196
-10.351
42.087
41.144
-3.2085
0.37439
1.7313
-12.465
-30.833
-42.449
-23.828
-2.1423
-24.571
20.758
17.112
23.538
25.492
43.008
-1.1774
-17.571
1.4425
15.325
5.9056
-48.485
-25.296
-8.2641
-17.656
31.394
16.851
22.778
11.049
-7.3067
-44.239
-21.538
-7.8652
-27.119
-13.733
17.597
-11.771
-7.7894
-1.7391
-41.824
11.58
43.147
16.892
-2.9834
20.645
27.888
8.3299
-7.1066
-10.716
55.54
42.644
20.703
-31.578
-7.6074
36.291
21.679
3.966
-4.7395
-30.885
-0.35149
-4.5879
-30.624
-16.639
-24.511
-35.028
-38.764
-22.036
-17.431
5.1776
-9.4157
-47.104
-42.308
-4.1972
30.207
73.467
62.564
60.507
41.793
35.081
21.009
-31.116
-21.354
-14.485
-34.78
-5.7977
7.6958
-26.812
-1.7182
-4.7094
-6.8228
-16.618
-19.42
10.612
-33.756
-7.6497
12.97
10.403
15.915
12.183
15.709
22.777
2.016
-10.007
34.29
18.304
12.863
18.83
-9.7788
1.2113
-17.624
0.94771
-16.993
-34.089
10.848
-14.625
-37.867
-24.231
-36.301
1.6223
2.8064
34.119
39.667
-1.3837
25.365
24.852
-5.7212
-10.89
-27.122
-17.104
-4.5878
-31.346
19.65
17.06
21.949
-12.08
-0.2051
-15.369
10.165
-36.332
2.3792
34.838
50.86
0.46397
-10.458
11.099
8.5235
-2.95
8.1972
-11.264
-18.597
-5.3219
-24.4
1.1808
6.8636
3.6319
-3.6559
-11.316
-30.57
2.4257
27.615
12.569
14.481
-25.093
9.4598
17.488
2.4271
-9.6672
-18.622
36.056
27.57
42.105
-24.894
-19.149
-2.8719
-11.741
-5.9077
-40.899
-11.279
-49.611
-13.12
-6.1675
-3.5527
23.733
24.245
38.059
-13.139
-36.028
3.3934
-3.5217
4.8916
18.519
9.0724
22.498
24.103
11.238
10.828
-2.4098
-17.765
27.24
-11.034
6.9178
1.1056
-0.29188
-16.571
-6.1387
26.538
-33.087
-3.3215
5.8393
16.117
-2.3682
40.53
-50.467
-25.94
-43.948
-22.574
8.7076
29.094
2.4245
-8.0879
31.184
24.091
0.076429
-9.0442
-12.187
-20.999
24.912
8.4665
-8.2599
-20.24
-55.324
-16.508
-10.651
8.2685
29.347
21.24
17.808
17.039
61.242
0.7528
-14.958
-19.758
-2.1867
0.35971
12.987
5.1536
11.597
-9.5953
27.134
