-11.948
11.96
-27.123
-28.487
-15.735
-16.882
-1.8538
-5.3988
4.7672
11.771
11.582
52.814
20.792
40.682
42.439
64.396
60.795
20.801
-18.371
-18.005
-37.74
-56.929
2.8257
-3.6841
-8.0409
52.486
26.559
-7.4221
-42.475
-7.5568
-68.365
-50.217
-44.959
-5.3381
-11.834
-2.9845
21.913
-6.3902
-15.152
-16.664
-25.655
0.31197
-21.416
6.4952
-9.6932
3.2776
-25.531
-23.274
36.17
42.426
36.058
55.819
44.918
6.8051
13.318
-7.4524
-15.699
-3.26
14.387
8.5639
3.1179
-2.9179
23.251
28.684
30.889
5.1985
-12.732
-15.717
-3.8239
7.0823
25.274
4.8116
-44.336
-24.557
-15.062
-44.126
-36.775
-11.789
8.1259
15.041
33.033
4.9604
-9.3659
24.084
-8.8082
-16.043
-3.9875
-35.901
-1.3001
-5.1404
-2.2305
1.3837
-17.972
-57.699
-46.364
-6.4232
22.26
-16.921
-23.374
-34.063
15.391
39.431
53.016
53.728
45.232
64.775
3.6458
8.1548
10.347
37.408
4.0039
1.5755
12.3
-11.691
32.013
22.022
-17.637
-17.05
-5.2328
-13.638
47.87
50.387
-14.871
-70.491
-32.203
-51.744
-43.74
-36.926
-42.548
-31.52
-18.206
-25.297
-35.914
-26.331
13.632
43.038
45.954
16.398
19.59
4.5744
34.271
33.253
-37.116
16.211
-17.775
-8.4381
-18.05
22.456
-0.42335
0.71703
-2.2109
32.713
38.62
25.951
27.005
24.789
-15.836
-43.9
-1.9808
30.214
7.2246
44.777
-29.981
-20.002
-11.978
-10.639
-21.285
-37.405
-17.69
2.8846
53.336
30.61
1.0837
-21.653
-1.464
15.811
-17.019
-29.68
-33.735
-3.8667
21.264
9.1677
-16.272
-2.4929
-10.607
18.629
0.79314
-4.7662
-7.2059
-7.0393
0.88012
-4.8035
-32.187
-19.203
-4.7111
-18.554
-12.718
1.9597
21.621
21.222
-7.3909
-37.334
-24.281
-1.3816
20.758
57.05
66.015
97.618
26.605
5.1779
2.1367
28.762
44.221
18.453
-2.5144
-51.831
-75.303
-37.629
-19.649
-26.126
33.115
41.848
22.429
-3.5819
-24.604
-36.359
10.64
-47.441
-11.386
8.0563
-14.769
-10.022
-15.926
-32.221
-32.813
-16.583
-43.022
-11.759
13.111
-16.699
26.107
29.675
0.49212
13.523
34.948
10.732
4.0257
3.5005
1.9604
13.167
32.622
31.356
17.884
21.081
-27.512
-15.611
-1.2264
3.6683
-5.4841
39.669
44.548
87.442
77.441
-14.103
-14.175
-11.142
-39.712
-39.371
-48.418
-9.9553
-3.4057
-48.181
-30.212
-29.505
-38.137
-17.806
-23.5
-22.422
-8.9747
-4.5978
2.0783
10.707
15.989
4.72
3.2143
28.422
26.999
-3.3519
16.611
21.256
