-18.067
3.1668
-24.666
-2.3262
7.3232
-2.4287
-38.212
-31.85
1.6381
2.138
-2.2578
-3.4934
0.64244
2.5952
-1.504
29.545
17.324
3.0883
-21.773
-28.153
10.094
29.361
10.556
23.937
19.61
8.0958
-12.818
-17.782
-18.436
-8.7733
-28.48
-23.196
-16.04
3.3137
13.547
15.606
35.372
26.101
0.090472
4.7177
7.8383
-21.195
13.112
-8.2516
-8.1754
-15.653
4.5221
-5.7551
-2.451
18.323
-1.5416
-13.65
-17.901
-0.069094
13.649
3.3834
6.4494
12.153
-2.2703
-5.5653
0.83441
-9.9128
-4.2437
1.3576
6.2181
7.0398
-10.89
-20.205
-8.3106
-10.879
4.6245
24.356
5.3109
17.579
2.0107
5.987
-11.138
-7.7019
-1.3405
-18.99
9.0602
-7.9691
3.2093
21.011
-21.66
8.1756
-3.9738
-4.5169
6.7929
-4.8243
6.6367
-5.5982
-11.947
-6.8525
11.842
31.432
1.72
0.2063
0.22612
26.471
27.687
19.272
8.1125
-11.714
-17.863
-17.786
-17.115
-13.579
3.8062
-30.131
-16.445
6.2084
-17.757
-21.576
-25.096
-20.082
-35.696
-14.033
18.702
43.992
52.541
38.069
43.923
23.738
18.924
-12.157
-15.469
0.45626
-1.5828
-8.3233
-10.252
-17.664
-20.572
1.1331
7.5343
-2.394
3.2831
-11.807
-22.041
-16.745
-1.6153
-2.4927
23.634
-5.0546
5.8183
25.622
8.8094
4.2165
15.09
2.8174
-7.3724
4.4748
-21.274
4.5748
-5.6755
5.2351
4.0601
-11.352
-8.7539
-23.043
-21.166
-3.322
-8.7019
3.2533
-9.8082
15.923
37.17
12.412
9.8556
-6.1978
5.4348
10.419
-12.705
7.388
2.2608
-13.795
-10.657
17.83
15.215
-15.161
-8.5659
-12.887
3.2511
2.9495
-11.163
24.02
12.872
-2.2587
-13.816
-11.001
-1.9212
2.7437
11.435
9.1608
11.189
6.8453
-33.115
-19.214
-19.156
-8.0502
-17.92
7.9546
3.1137
13.267
15.275
-15.612
20.328
-0.76852
14.55
34.58
31.544
7.1757
2.6122
-14.235
5.5647
0.10398
-29.594
-13.447
-4.7167
-14.859
-4.4697
-16.455
-8.692
-18.055
-3.501
15.001
5.3894
-14.396
8.1159
15.779
5.1497
0.99058
-16.711
-2.9408
-1.2531
17.89
-7.1844
14.489
15.849
6.8912
-11.702
3.3256
-9.6549
14.535
8.665
14.259
6.6123
-4.9741
7.1298
0.065229
32.582
-12.633
-16.98
-7.1582
-3.6817
-8.5102
-10.558
-27.407
-18.908
-14.437
-11.181
-12.397
14.823
-1.1953
11.796
21.763
36.596
12.387
-15.485
-10.568
-14.529
6.2849
-0.81662
16.398
3.5776
-23.781
-14.376
-2.3798
1.1657
-1.7808
-8.8995
20.361
22.006
9.9072
-1.3536
-11.077
-5.2057
6.2456
13.384
31.098
-8.0756
8.485
-4.4787
22.032
