-19.24
17.735
0.81812
6.5483
4.9749
8.542
8.933
0.80431
-19.515
-20.333
-23.179
5.9949
-2.4562
-2.9835
18.345
-18.144
-13.081
-3.6982
2.7267
-5.1856
10.305
0.34519
-0.76326
-22.061
-0.78722
-5.4691
-6.2273
10.624
4.5812
14.132
35.342
23.507
-10.163
-5.6086
9.2357
-2.9987
-6.8745
5.3543
-9.0842
4.2297
13.988
-9.5397
13.034
18.797
-13.257
-38.483
-5.6329
2.2495
27.686
4.6458
3.5093
-21.19
-19.619
-20.564
-1.8474
6.4272
-7.445
-2.9688
1.8568
5.8447
-7.0097
3.9747
1.6864
33.537
38.524
4.6181
-21.283
4.311
-0.4387
-10.009
-9.1765
-15.893
-22.494
-9.4111
-7.7062
2.9168
-8.4306
32.061
15.334
44.86
0.49509
-9.3496
-34.838
7.9118
-4.3594
0.15987
-35.993
-2.399
14.191
6.5852
4.2932
6.2197
-6.1823
-10.222
23.207
20.907
8.4173
-10.235
9.3474
-15.052
-12.884
-1.4384
-14.467
-23.571
-3.1732
39.871
-24.183
20.507
18.5
39.543
26.236
16.456
1.9229
-13.384
-27.583
-24.953
-22.351
-30.616
-16.201
-24.294
-9.501
-7.9088
-20.114
-5.6454
-18.629
-8.5123
15.522
24.058
9.069
18.299
50.286
45.865
54.143
23.793
19.186
-16.155
-53.754
13.89
-23.057
-21.552
-2.1017
8.3514
-5.4925
-30.11
12.347
23.511
-1.4257
-18.931
2.072
-11.951
-6.9129
-16.257
-28.763
-6.6273
18.362
3.638
-6.3131
-6.7139
9.6746
8.8371
28.514
10.753
-1.0375
3.324
-14.075
0.8844
-8.2093
-14.329
-11.385
-7.0296
6.1392
-16.936
-4.4042
-1.0801
-16.194
32.192
20.518
29.155
19.034
17.073
27.992
17.084
-12.107
-6.8949
-44.129
-9.7905
1.5438
-17.283
-1.7347
6.51
8.3423
5.9144
-26.767
21.363
19.681
-6.9538
-19.545
-14.229
-12.304
6.3221
-14.093
-8.311
12.323
9.5416
-31.146
15.382
18.347
-8.0069
0.94074
-24.533
-3.5799
-3.9333
-16.986
-1.9039
-6.4456
-3.8927
38.667
27.578
16.213
25.458
20.751
-22.221
15.183
-5.1351
9.4017
-8.4578
1.2956
-6.1079
-18.456
-3.1389
11.507
18.138
18.067
11.963
-14.819
-33.567
-27.025
-7.6974
-24.209
11.554
-0.76166
12.623
-1.5868
-4.917
6.4071
-17.614
-6.3758
1.3189
-6.7987
-5.1806
0.73608
-2.7584
-7.8222
3.7308
6.5007
21.955
18.673
2.5033
4.8755
-21.831
15.607
-2.8357
14.933
2.2948
17.307
8.3858
16.177
-0.77915
-30.114
-12.923
-22.474
-3.9435
15.819
9.103
26.492
18.71
-10.734
-11.578
-7.2964
-3.6736
-9.1766
1.8026
-15.795
-11.136
-14.839
-1.8405
-7.8027
8.9233
27.639
41.089
-12.26
-19.057
-17.398
-3.5709
1.4368
-13.438
-10.176
-16.335
-8.0361
-0.93964
0.13096
0.97343
28.783
1.5685
2.8086
-2.0473
25.893
-14.265
16.546
45.078
27.046
5.2854
-20.621
-19.151
-18.044
