-36.779
-2.8358
2.3854
24.283
19.221
1.7523
24.813
8.8055
-27.12
23.228
15.091
25.534
-23.334
-12.887
-18.136
-33.046
3.9941
-22.29
-72.963
-7.4261
-18.661
-6.8071
28.407
51.659
48.703
21.767
-17.749
7.4541
-2.9037
-11.09
-9.8973
-18.204
0.097271
13.649
0.71323
2.0089
-11.486
-47.15
-16.632
-7.8832
6.9287
77.693
19.141
29.494
47.245
37.214
15.281
6.897
-0.22153
-38.97
-59.668
9.3432
-12.073
-5.1903
-28.108
9.8881
22.483
-0.39511
-3.9059
-0.83901
-24.274
-46.222
-3.5632
-18.492
-11.741
6.6665
-3.1559
12.666
33.138
4.0254
-42.035
-10.669
-19.706
-9.973
3.5191
-1.9929
18.502
27.746
-1.4633
13.149
10.244
18.976
-2.1989
26.906
9.6997
0.36539
23.607
21.721
-4.929
19.686
4.4062
31.322
43.997
-7.6573
-57.454
-36.349
-29.347
-46.948
-7.6272
6.6719
-25.93
16.496
22.413
10.506
-5.7933
7.8728
-26.136
-39.915
5.8459
18.431
-19.466
-24.928
13.635
-37.841
24.846
39.109
22.837
-15.552
-14.267
-10.951
26.493
24.588
-11.55
-7.7174
5.4088
18.124
-7.9628
-2.0181
13.262
31.474
24.955
4.0347
-8.832
-8.4892
-11.101
9.3763
-32.528
-20.214
33.047
19.906
2.2839
-18.03
-53.563
-12.865
-17.307
52.212
-16.245
0.20456
-21.539
-0.7765
0.81174
15.808
34.367
20.041
3.5407
-14.813
-0.013087
2.3686
-21.252
-3.3763
-16.616
31.779
37.515
-2.5618
-31.218
3.859
5.5488
-44.526
-28.154
-38.193
-28.375
13.297
-13.396
10.915
25.736
37.464
33.572
21.314
15.388
-12.439
-26.488
-0.30032
16.035
39.578
17.025
19.711
-25.321
-33.888
-6.6543
-30.545
-8.7578
-4.9282
48.991
1.1603
3.1426
4.4703
17.216
-24.805
1.2883
-18.809
22.908
-20.731
-8.0099
9.2905
9.6883
0.12414
-1.3434
-15
-66.489
19.085
-29.751
-30.318
-15.367
15.34
41.345
52.321
19.608
10.513
0.44503
-4.0483
6.8592
-2.6648
2.1637
-5.2341
-7.273
0.11968
-30.06
6.1179
-2.6004
0.59044
-3.538
-5.3208
38.023
-33.449
11.559
-6.531
-14.245
1.4042
44.372
33.29
-21.312
-8.5633
-33.579
-9.1768
5.6979
2.1172
1.2062
13.784
2.9487
46.231
9.1399
5.2875
12.635
19.139
1.0279
-7.6573
-27.287
3.654
-62.836
-16.863
-40.391
-12.859
-16.844
-7.9306
0.49169
37.054
-19.488
-38.781
-23.841
25.389
0.24319
26.362
46.211
50.703
11.99
4.2156
9.647
2.2818
7.0329
-12.99
9.2661
-39.932
7.3978
2.1807
24.168
20.082
11.119
3.7199
-22.96
-46.411
