-24.814
-14.456
-15.735
-6.7953
2.6162
7.1887
45.921
-9.0964
-4.1873
2.5383
-5.8823
13.027
25.423
35.125
8.0397
5.1041
11.294
-15.156
21.856
28.076
20.584
-9.6062
-9.6716
2.8017
1.201
10.305
-18.153
-22.975
-46.231
-17.461
-1.9791
-11.161
-11.159
4.5981
0.39864
-8.6277
19.161
-6.2311
-26.888
-19.298
4.6918
7.0599
-15.777
18.91
12.895
-8.7095
16.895
7.2063
16.459
15.813
2.0374
30.946
1.9383
13.177
-30.43
-36.708
-16.368
-2.4449
5.2711
-13.754
-5.1376
12.146
16.81
1.504
-0.43721
-18.48
-18.033
-0.99137
11.499
46.139
69.911
63.61
3.9772
-18.161
-23.841
-39.821
-12.593
0.43597
7.4489
-15.595
-2.8478
-29.26
-6.4629
15.207
-27.692
-27.099
-7.9186
8.7092
-4.8729
12.76
-2.9204
-32.292
-26.026
-21.076
7.2446
-10.7
-4.3879
23.916
30.557
3.4152
48.104
4.5345
15.012
7.6833
8.7699
21.576
-16.184
8.8031
2.7122
6.1178
12.828
0.23631
9.2348
-1.4488
-4.7906
-11.14
5.14
-7.5759
19.933
24.34
1.04
-29.453
-31.533
-18.199
-31.742
-23.866
-34.355
-34.383
-8.9468
8.1947
-12.194
9.4912
16.199
8.9707
3.9545
37.009
21.833
20.794
32.01
20.379
5.6418
14.842
-13.698
13.9
-2.2228
-20.536
-4.0898
5.9934
6.2861
-7.5272
-26.705
-25.95
-25.574
-1.8016
-2.8061
11.819
-6.0292
18.079
-2.9708
10.181
-25.2
-16.047
2.2178
18.846
2.5825
0.49954
6.5239
15.71
-30.687
-19.128
-8.5714
7.4075
32.549
32.373
28.372
24.128
-0.45958
-10.232
5.5604
-8.7483
-8.8859
-1.6036
-23.234
-8.3298
-1.3962
19.978
14.298
16.087
-20.34
-14.749
-34.719
-3.6625
-7.5708
-14.678
-12.131
-17.678
-3.4808
0.38053
-12.781
-0.88517
14.888
19.89
27.039
7.9357
-11.168
-6.0181
-1.3098
19.935
22.186
10.275
-11.306
2.6477
20.249
-4.4485
-22.625
-7.3627
-9.7225
13.442
17.716
6.2554
13.186
9.6899
-0.54785
-6.9645
3.9063
2.6371
11.303
-14.813
-9.2038
-3.1306
-30.333
-13.888
6.7497
-18.693
8.9831
5.267
-20.891
3.3133
8.3355
4.0388
3.257
7.418
9.283
10.273
5.8175
-12.603
-16.529
-14.565
-18.167
-24.473
-8.2758
-17.75
-42.754
-6.3954
11.231
12.658
4.3748
13.235
34.583
46.646
57.089
49.044
47.554
-13.834
25.359
13.666
-9.0028
9.3584
-13.495
-0.50747
-39.374
-39.923
-41.608
-9.3698
-42.072
-33.343
-29.111
-1.0834
2.9113
19.347
-4.2852
33.315
24.768
17.129
-11.609
10.42
12.492
-15.72
-6.8664
-21.638
