-23.602
5.082
41.926
24.674
0.71542
-42.082
6.6847
-8.2251
-61.527
-5.4886
-40.299
-33.047
-42.382
6.9823
7.7416
0.48409
20.348
4.0877
-2.5828
-22.198
-15.957
0.84643
-1.3845
12.328
-5.2786
41.877
57.313
36.17
19.566
5.8716
-10.021
-21.944
-10.088
-5.5988
-6.2336
18.669
31.924
-14.322
-5.2426
-19.402
-13.629
-15.238
-21.35
-28.992
1.6311
-9.0994
5.464
9.2729
21.908
21.795
-2.2966
-10.594
-13.421
-2.6246
-6.6847
18.875
3.0985
-20.414
-0.55451
26.267
36.253
8.5622
1.6061
12.366
7.2689
-28.379
1.532
-3.1252
-0.67137
-1.6855
-26.136
-15.196
-9.7866
12.832
-41.565
-30.84
-28.045
17.572
26.914
27.47
11.51
-16.49
-11.994
-12.616
32.968
21.742
24.233
10.657
13.238
5.4616
5.3089
-2.4365
26.654
22.544
6.8571
-25.462
-22.65
-17.567
-23.832
-11.908
0.30277
7.0421
-19.201
-1.2044
-1.8217
3.4242
8.4019
-6.4635
0.93989
-38.766
-17.973
22.822
-27.572
23.072
6.0306
21.953
-8.0625
-0.097641
4.2121
2.4558
-11.356
19.873
13.931
-14.42
-24.486
-3.3696
13.682
-27.971
15.562
26.375
52.197
47.069
6.5138
-5.8252
-13.731
-32.136
0.45065
10.928
-13.72
-12.061
39.194
35.784
-6.0745
-51.257
-25.43
-24.796
-11.243
9.7333
-11.206
-43.719
-18.184
3.9619
12.682
-4.2464
-5.7984
-29.187
-19.514
8.9933
6.3932
10.473
0.50135
32.245
26.062
12.656
13.914
32.623
47.405
47.186
40.741
-1.2826
-41.599
-8.8798
26.766
-42.828
-18.081
-33.994
-38.584
-17.707
-10.143
-21.368
14.6
30.007
-4.3207
9.3
-13.135
-7.4821
-6.1587
14.928
-3.0259
6.3969
-9.1308
3.6281
-0.08098
-37.748
-28.209
-4.0805
-4.9792
15.382
17.421
22.219
32.806
31.583
-11.176
10.972
-0.19158
21.011
-10.201
-3.1035
-7.6103
-15.089
0.37243
-1.4623
-27.636
-33.626
19.341
43.148
6.155
20.501
17.657
-17.53
-12.603
-1.77
-25.944
-0.96874
-20.619
-17.562
46.106
48.629
36.94
-4.5844
-23.467
-20.425
-41.656
-39.322
-31.279
-33.408
20.664
-0.80023
-1.2048
16.982
-10.327
-7.9475
8.1691
11.052
17.716
39.012
7.5563
1.2366
-15.802
4.2148
-8.7713
22.826
16.138
26.657
40.959
