-47.944
-21.32
-35.024
21.948
-41.96
-124.41
-70.295
20.495
22.306
76.912
92.064
91.073
43.836
61.537
130.39
148.13
87.289
10.588
-21.428
-56.509
-105.11
-133.32
-112.76
-150.96
-127.42
-146.37
-104.1
26.695
30.852
-24.506
-77.159
40.682
143.62
179.54
133.2
62.283
40.272
60.661
22.624
94.916
-18.478
-132.76
-163.54
-81.943
-16.082
NaN
NaN
NaN
NaN
NaN
NaN
30.654
-23.723
74.238
43.417
-88.063
-81.143
16.256
-123.96
-118.09
-66.437
-12.857
23.882
57.038
41.771
2.1518
-82.582
-126.76
-28.394
66.926
-10.592
-43.73
-26.735
10.68
-2.4004
28.722
79.496
44.865
82.809
78.531
56.856
48.028
94.606
54.542
NaN
NaN
NaN
NaN
NaN
-49.688
22.334
82.241
-110.77
-43.758
-58.172
-43.785
14.341
9.2136
4.1601
55.797
31.265
14.355
-28.727
-49.268
-101.33
-75.777
17.934
90.68
107.68
49.548
57.129
123.06
32.385
-85.686
-71.696
-64.741
-105.42
-134.63
-17.972
44.532
46.573
18.328
24.978
62.397
34.062
-26.366
-44.75
-2.3734
35.941
2.3304
31.551
60.294
17.072
81.613
47.656
1.796
-21.309
-3.6605
-63.904
-106.33
27.879
69.671
-39.011
4.1511
11.082
-7.2919
-8.8948
-116.89
6.3055
NaN
NaN
NaN
NaN
79.556
6.3479
-47.653
-64.012
2.1711
17.084
26.593
75.153
69.854
63.773
79.053
NaN
NaN
NaN
NaN
NaN
NaN
NaN
NaN
NaN
-22.898
45.109
68.872
-82.53
-54.378
-81.835
-58.103
-6.6276
19.298
24.229
32.325
56.142
92.104
9.4584
-115.04
-139.01
-42.267
-4.023
-17.25
-38.205
-47.317
25.038
69.732
47.622
31.171
-20.8
2.3894
-25.655
11.625
29.809
23.373
-15.251
-29.436
-67.491
-70.325
9.7384
49.359
42.829
84.321
64.102
21.121
108.89
108.53
65.796
-86.042
-136.33
NaN
NaN
NaN
NaN
NaN
-7.3136
63.741
9.9426
-41.856
-17.077
-67.461
-140.94
-68.655
30.879
70.968
52.417
12.738
53.928
45.042
-63.025
-20.866
33.578
29.653
93.763
20.294
-29.878
20.003
36.514
39.808
-18.913
-108.44
-109.53
23.388
97.665
45.909
-42.757
