-92.453
83.368
97.815
-1.9883
-35.188
31.515
52.093
79.572
60.644
34.859
-12.145
-66.388
-62.224
-7.6044
-54.865
16.314
26.364
84.895
23.663
-142.92
-99.868
-38.619
19.135
49.317
28.32
19.665
48.645
93.288
104.39
50.77
59.718
55.334
-47.536
-88.422
-89.881
-71.598
-82.17
-99.57
-67.526
59.455
4.9855
-85.786
-12.215
37.955
-15.342
-9.0164
59.777
48.851
-39.37
-60.475
0.85772
86.047
49.595
-54.309
-80.47
-53.352
45.307
48.931
93.191
11.415
99.476
131.66
104.04
44.278
19.364
-94.069
-83.702
-29.59
-133.05
-196.22
-110
20.836
127.03
136.2
147.65
186.37
45.19
-79.029
-61.881
-23.935
-7.7705
-117.68
-105.58
-21.915
-50.179
-74.231
-79.856
-13.971
18.652
30.426
-12.424
-3.4733
74.053
73.117
50.978
30.463
-18.684
38.892
42.104
105.86
36.54
-33.052
-49.634
-16.597
-169.2
-188.05
-102.09
-94.019
-90.12
66.225
106.57
100.57
91.514
42.757
139.17
258.37
179.08
NaN
NaN
NaN
NaN
NaN
NaN
NaN
-85.937
27.138
70.224
13.238
-18.688
NaN
NaN
NaN
NaN
NaN
-3.7019
-50.111
64.59
25.212
-18.524
-60.47
-71.38
-17.482
-12.53
42.89
77.884
-14.14
-63.473
-2.288
-65.857
-30.888
77.812
140.64
229.58
171.41
43.931
48.617
-62.256
-12.324
-76.752
-12.763
-29.768
-80.384
-57.66
-31.165
-13.41
57.429
113.58
113.95
51.079
-48.36
-88.351
-48.736
-24.892
-27.083
-38.937
-67.981
-35.758
12.897
9.8305
-2.0648
-62.25
-75.294
17.805
8.5516
5.058
-0.66146
42.463
-20.38
-79.883
-121.88
-89.5
-71.803
87.203
186.23
231.13
135.69
60.576
22.915
96.695
47.043
15.859
-104.68
-133.59
-119.29
-48.756
-92.422
-97.408
-10.324
67.618
133.12
20.108
22.095
-2.9933
-1.6637
63.828
13.994
-18.729
-75.503
-16.064
62.391
79.876
120.44
50.967
-53.267
-60.531
-13.123
-73.03
-127.43
-72.672
-57.193
-36.642
-4.6655
49.575
-3.2
-55.463
-63.531
50.165
96.876
31.078
-40.526
