5.2552
-6.0625
-18.832
49.999
-15.693
8.4606
-11.598
35.487
25.412
-31.727
-146.33
-192.39
-47.71
35.197
39.992
6.3619
2.9079
45.769
-14.386
15.364
4.8129
53.214
13.059
18.615
38.097
-21.578
-13.804
-65.821
-79.683
1.673
17.22
73.158
73.117
38.659
-44.018
-5.1249
-60.267
8.7908
31.197
57.925
53.986
-38.987
6.4542
1.2147
-57.115
-19.441
-30.958
-0.33417
12.909
51.874
41.875
-79.078
-41.427
16.539
79.093
56.969
-9.577
-5.2387
2.0439
-18.532
-27.7
-2.9408
-62.163
-28.074
-22.835
18.059
83.695
12.731
-60.831
-19.708
44.47
45.916
15.13
-34.38
-107.84
-66.666
-48.445
-52.879
-21.688
48.334
20.063
31.06
24.333
24.801
51.003
7.5388
37.689
6.2768
3.7082
57.332
81.177
57.252
13.036
50.05
-3.8328
-98.411
-27.018
-25.188
20.868
-37.28
-22.377
17.062
-18.173
-31.675
5.4874
-20.464
-2.6125
-63.934
14.754
29.933
-23.842
28.237
-57.692
-107.83
-32.656
30.669
54.902
NaN
NaN
NaN
NaN
NaN
NaN
NaN
65.14
60.116
46.404
-57.052
-71.531
NaN
NaN
NaN
NaN
NaN
2.9446
71.533
50.771
2.4678
-7.8303
4.3278
-0.054411
-1.0791
59.443
25.273
24.078
-70.953
-0.25842
-7.9157
-47.823
-42.275
41.272
46.435
-48.2
7.7015
21.796
55.893
-1.7673
-13.155
-18.275
-10.592
-15.507
21.738
34.726
17.561
-20.665
-100.61
-156.34
-78.604
-27.469
67.437
-9.5538
-12.906
36.411
21.692
1.8765
60.695
30.929
33.151
37.243
-1.4633
43.436
35.628
-3.9439
25.314
14.51
-42.579
5.5107
58.1
-39.72
3.14
0.099264
83.759
17.017
-56.212
-103.22
-35.766
11.316
47.571
24.825
17.825
-48.769
-53.94
0.52699
28.204
20.713
45.386
-7.8061
-60.034
-61.068
-14.76
-26.419
-67.46
-67.757
-13.564
-34.248
8.3009
52.206
25.826
44.437
22.531
59.189
53.906
104.11
35.431
-22.031
38.88
57.479
-57.394
-69.209
-79.499
-74.67
-15.534
-22.985
9.0247
-38.709
41.157
10.834
92.277
66.227
52.509
