-152.8
-61.97
-82.184
-62.172
-90.689
-64.598
-60.955
-70.143
4.3706
97.606
114.39
-27.455
39.669
152.63
207.28
188.81
121.11
26.828
-17.175
1.1453
-42.42
-40.503
-37.527
-68.748
-63.201
-23.818
38.971
156.91
147.73
41.035
3.71
-58.792
-39.951
25.756
-37.338
-70.381
-67.082
-29.207
-17.158
-60.513
-127.88
-157.19
-126.29
-61.604
-84.861
NaN
NaN
NaN
NaN
NaN
NaN
-20.56
19.335
-15.756
4.9972
158.63
134.38
142.23
30.092
38.524
17.702
-2.1559
30.545
77.102
41.941
-15.647
-95.361
-40.933
92.048
16.596
-122.14
-90.361
-59.814
-65.43
-51.03
-33.845
79.319
149.23
90.543
-1.9394
-33.559
-58.772
-74.439
-74.183
NaN
NaN
NaN
NaN
NaN
-75.112
-11.554
35.27
-75.323
-72.192
-7.6029
124.16
10.815
31.487
127.04
134.6
142.24
28.673
10.689
23.549
64.341
-9.8584
-61.655
-48.699
-87.002
-10.24
-64.299
-116.08
1.5787
96.437
136.57
85.706
47.786
-16.257
93.361
-30.193
10.414
32.47
42.988
-32.723
-26.061
-51.664
-86.715
-103.97
-81.193
-78.475
-78.442
-70.15
-78.672
-200.94
-70.235
25.302
55.403
18.464
24.704
65.325
-31.645
20.701
95.512
93.468
152.5
101.4
88.525
140.81
85.679
NaN
NaN
NaN
NaN
107.3
-20.478
-121.74
45.156
74.222
169.96
50.023
-141.9
-54.184
0.22022
-87.148
NaN
NaN
NaN
NaN
NaN
NaN
NaN
NaN
NaN
-24.743
34.079
-49.111
-80.892
-4.551
-45.047
41.392
73.858
53.691
77.179
116.06
76.158
18.819
11.784
11.358
92.994
134.96
99.933
61.628
53.256
43.451
7.0194
19.388
-83.987
-66.065
51.487
26.154
-62.351
-14.213
-39.799
-111.98
-65.307
-83.395
-103.27
-56.343
29.1
-43.258
-3.0029
8.0295
16.67
43.953
39.507
-23.415
-14.713
-90.461
-39.95
NaN
NaN
NaN
NaN
NaN
87.861
135.01
139.62
58.717
10.321
24.939
-43.424
-34.32
45.017
108.2
167.02
105.25
30.839
39.366
59.261
45.397
-13.318
-68.791
-89.961
-87.955
-28.537
-15.427
-77.761
-75.047
-6.3446
-42.188
-5.7132
13.88
-11.414
47.521
-11.018
