-221.64
-67.043
-61.516
50.309
-51.342
-23.192
-28.16
-26.523
18.265
49.162
53.496
39.607
54.079
58.852
101.5
144.64
79.472
14.863
10.348
15.263
-20.963
-3.3234
-27.444
-55.008
-20.405
38.794
40.491
112.4
81.954
12.38
8.7052
-9.4453
15.721
29.268
25.385
-41.149
-67.904
-95.816
-83.312
-129.77
-95.464
-112.6
-121.53
-106.05
-54.418
NaN
NaN
NaN
NaN
NaN
NaN
46.621
1.1722
8.1098
2.9045
108.68
116.82
98.883
1.7147
-37.059
0.92711
-26.632
-18.912
44.992
39.197
21.861
36.473
6.9649
-33.088
17.351
-45.801
-58.08
-22.637
-23.991
-3.9354
13.372
-3.3888
1.2742
48.37
54.513
17.96
-1.7217
-25.315
-14.745
NaN
NaN
NaN
NaN
NaN
-36.563
-13.242
15.738
-138.63
-125.71
27.856
104.9
56.171
78.74
58.225
65.004
58.895
87.154
56.175
42.173
46.879
21.931
-9.3315
-34.485
-0.24913
82.459
24.513
-41.591
10.387
28.086
58.833
12.801
-33.277
-18.457
6.6324
-53.35
-26.04
25.844
16.629
-20.299
-60.743
-63.767
-72.604
-39.816
-23.063
-90.131
-81.384
-47.917
-140.87
-41.273
-48.652
24.071
17.751
52.712
39.911
84.264
-1.4938
39.79
49.894
90.877
128.72
112.16
123.53
67.775
59.757
NaN
NaN
NaN
NaN
27.841
3.4808
5.524
7.5177
21.505
65.723
24.72
-45.152
-35.678
-13.6
-39.506
NaN
NaN
NaN
NaN
NaN
NaN
NaN
NaN
NaN
-65.508
-14.587
-4.205
-22.324
44.519
-34.782
13.781
39.328
59.753
74.593
76.76
50.126
-8.8221
35.733
51.331
22.003
25.112
52.751
90.986
68.286
27.737
43.841
64.227
-46.899
-54.614
-33.143
-23.456
-47.495
-64.783
-1.4457
-34.02
-65.993
-31.289
-27.927
-35.711
-9.5496
21.825
20.611
-7.708
36.196
29.953
7.1281
-43.274
-28.152
-67.817
-88.852
NaN
NaN
NaN
NaN
NaN
49.464
32.657
24.508
34.319
74.237
36.254
23.144
67.128
54.297
99.391
108.48
120.15
59.518
91.104
15.233
56.275
-9.155
-56.548
-44.677
-76.02
-49.235
-47.934
-28.546
-28.334
-64.514
-21.456
-4.1354
-16.79
1.2466
8.1827
-92.722
