-76.803
-19.317
-28.232
-12.438
-17.18
-23.102
-30.56
78.728
171.64
45.134
-20.397
35.828
-40.746
-48.825
-58.853
104.1
112.89
30.723
-49.645
-31.82
-49.812
-11.541
-70.396
-63.808
-23.94
-112.64
-126.76
3.4955
60.572
38.684
68.635
42.56
-74.063
-44.736
-2.1116
-59.437
31.323
95.143
18.105
69.261
-55.736
-37.159
-58.959
42.108
165.02
84.94
-13.089
-35.812
59.256
15.292
12.658
6.1822
-15.043
-15.995
52.417
-9.2753
33.035
-11.45
20.051
7.868
-104.16
-82.352
24.039
68.129
-46.971
-97.119
-17.721
20.392
-81.768
-148.67
-65.356
-19.669
-5.3158
64.006
108.54
15.17
-13.876
-53.205
-46.08
21.019
52.588
6.8152
-15.008
40.261
28.371
45.285
41.82
-1.0699
4.4489
108.12
149.7
205.72
114.66
12.564
-112.16
-120.31
-103.78
-16.174
-22.951
-39.185
-15.897
41.747
30.846
-81.508
-98.586
-143.14
-87.515
-52.982
-44.507
8.3805
99.802
-18.751
-76.863
-14.49
-24.605
-58.81
37.86
217.55
144.66
83.735
-1.7307
21.962
-26.613
-49.087
-25.076
16.26
-14.66
29.732
-50.382
68.206
105.37
37.365
-59.321
-42.765
-70.57
-28.527
30.547
-19.028
-36.598
-56.076
-23.802
18.411
68.322
44.062
61.234
52.603
11.016
21.522
-67.389
-71.607
-59.255
75.364
36.817
-79.924
-81.045
77.806
28.744
-74.896
-35.545
83.521
-4.4934
-24.785
-18.381
-106.21
-17.031
-43.194
-47.24
37.9
-57.227
-18.483
34.397
12.758
89.21
75.141
121.65
119.67
79.089
107.62
8.2253
-112.68
-75.069
5.4509
-113.7
-51.809
-56.738
-12.592
34.062
27.534
1.4074
35.46
133.51
76.763
0.96352
-81.882
-22.47
NaN
NaN
NaN
NaN
-78.856
-117.41
66.351
37.227
5.7223
23.357
-8.1656
31.384
NaN
NaN
NaN
NaN
NaN
NaN
NaN
NaN
NaN
NaN
NaN
43.481
23.699
66.275
-54.598
-76.258
-55.627
0.35689
25.499
64.937
31.105
2.1627
-83.835
-98.079
-26.713
-125.84
-28.44
-3.4546
38.813
-38.413
-65.176
-32.595
150.13
180.19
34.258
