-203.81
-60.943
-38.423
-4.3431
-43.279
-57.584
8.5616
22.796
25.532
22.675
50.87
14.29
30.838
67.255
60.837
55.991
49.728
-11.111
-23.871
-11.672
-23.362
4.7695
29.334
14.311
35.089
35.572
16.956
22.715
26.034
20.886
2.7333
-41.709
-14.443
40.257
41.12
-4.213
-78.062
-83.808
-41.962
-49.251
-78.864
-48.449
-51.237
-30.698
2.7419
NaN
NaN
NaN
NaN
NaN
NaN
6.9698
16.88
-12.135
-8.8121
55.641
21.861
16.73
17.666
16.218
17.256
-3.7983
6.734
74.003
74.138
17.999
-5.7256
11.076
-19.585
-42.38
-21.844
23.862
25.136
-17.222
-19.448
-14.752
-16.97
-2.9818
-40.806
15.393
7.123
-19.5
-11.316
19.011
NaN
NaN
NaN
NaN
NaN
7.9582
38.915
-49.564
5.1758
-15.477
-4.8285
58.457
-6.198
24.212
56.914
18.252
49.1
58.631
5.4853
37.879
32.804
18.403
-21.53
-3.6856
6.6531
-13.104
-23.86
-49.116
-3.1177
6.3624
25.077
13.671
1.1927
15.856
24.185
-46.426
-18.257
10.946
12.018
-7.591
0.23271
46.065
24.116
-50.639
-5.958
-43.024
-65.985
-54.047
-61.072
-79.517
-1.2343
23.477
-11.362
-17.678
45.421
30.862
-23.589
-22.982
35.886
-1.2677
24.941
38.111
97.821
127.35
66.341
NaN
NaN
NaN
NaN
23.417
25.886
52.353
92.597
24.559
61.339
14.75
-35.697
-4.266
21.114
-33.742
NaN
NaN
NaN
NaN
NaN
NaN
NaN
NaN
NaN
-42.683
-22.175
-11.274
-9.8366
-10.356
0.38559
51.668
66.863
65.296
83.289
55.572
14.773
38.892
29.975
9.9549
-7.4668
55.012
6.1026
15.024
47.562
44.674
8.5297
-3.3985
-57.462
-36.694
-36.549
-9.4871
17.882
-7.031
-46.856
-53.746
-29.309
-8.4693
44.262
28.036
51.35
8.9742
10.45
-29.254
-10.253
15.288
-42.817
-70.674
-76.843
-33.969
23.156
NaN
NaN
NaN
NaN
NaN
-37.143
11.169
53.688
46.649
70.594
105.39
74.446
12.451
-1.4107
7.7963
35.985
42.566
2.0916
34.927
64.263
19.385
-36.338
-30.416
-33.283
-59.688
-24.204
-10.092
-0.39552
-1.1356
19.488
47.981
38.752
-10.36
-7.3093
-19.8
-55.783
