-60.449
-47.139
18.344
-11.594
-1.1993
-9.0922
-11.531
-58.583
-51.671
-61.333
-89.765
-158.01
-68.828
-35.417
39.317
88.839
109.77
27.084
-68.467
4.6031
116.08
85.614
17.27
-86.74
-53.546
-96.125
-38.63
-36.022
-6.5375
-6.2743
-7.6632
114.29
118.09
22.197
11.079
98.455
21.102
-25.69
-21.259
17.113
-12.526
-82.038
-3.596
-61.282
-55.855
-43.132
-30.479
-18.189
46.343
63.926
44.18
-24.839
26.851
49.774
85.694
94.752
61.333
-6.4683
-59.816
-79.923
-25.181
54.523
33.477
17.262
-103.93
-53.756
24.215
68.485
-110.43
-153.05
-65.436
14.277
1.6981
5.3598
-48.772
-11.553
-12.153
-46.33
-7.2169
31.123
58.002
-1.6641
50.928
81.795
34.246
-2.8657
-53.681
-64.98
50.883
86.225
84.511
103.17
107.65
52.292
11.152
-67.603
-41.167
59.542
87.088
59.71
-110.2
-146.84
-132.62
-168.77
-72.846
-20.432
30.426
-43.732
86.911
55.254
6.2572
37.344
1.7052
-84.255
12.005
82.272
148.31
NaN
NaN
NaN
NaN
NaN
NaN
NaN
78.357
69.998
-22.091
-100.18
-87.469
NaN
NaN
NaN
NaN
NaN
73.204
37.882
47.355
-50.669
-68.909
-49.895
27.615
50.05
-0.11509
15.425
21.663
-150
-138.61
-6.0798
78.417
116.02
70.44
58.602
73.701
69.352
48.029
56.676
-2.0492
-15.463
66.788
28.293
-30.492
-95.888
-98.139
-75.673
-110
-54.42
-4.0391
-56.712
-29.654
6.4528
-2.9065
37.162
-61.791
-106.22
-46.284
8.0483
-6.4934
-12.231
91.332
141.33
175.57
37.23
-29.472
50.039
-2.7522
-185.27
-173.43
-62.967
-46.323
27.762
99.319
218.66
151.51
186.66
137.29
72.728
-22.653
-47.128
27.547
-3.9097
-103.88
-150.04
-39.226
61.383
-28.324
-68.714
-33.106
-55.746
-98.144
-106.02
-106.91
-66.989
-52.626
-40.19
-48.305
-27.164
35.863
77.933
51.573
81.822
103.62
64.769
47.181
57.193
-21.215
40.585
35.557
-47.47
-26.467
-81.614
-37.386
-7.7654
24.465
41.057
7.8106
95.209
79.351
95.333
71.581
25.566
