140.04
26.31
4.2203
20.903
-46.3
-24.394
-59.162
-7.8995
-20.513
-34.174
-73.633
11.839
1.8439
-1.112
-18.911
71.098
43.146
0.67845
-11.422
71.502
81.298
-31.22
-47.736
-57.604
-100.36
-115.22
-22.487
77.212
30.81
-20.452
-25.539
-50.253
-2.9063
15.141
-27.455
18.056
94.244
114.34
98.216
60.734
-3.4612
20.607
30.893
-17.732
-59.728
-103.12
-75.322
-38.998
-4.4003
-3.1618
1.6898
43.211
-14.917
57.265
21.817
26.657
35.289
31.488
42.494
3.3207
-13.666
-37.185
34.137
30.727
-64.297
-124.3
-51.551
-40.372
-163.46
-49.13
-65.343
13.246
114.48
64.634
-21.252
47.325
-26.088
-42.642
-31.486
30.888
63.3
56.373
51.095
95.323
40.378
66.742
19.435
-8.1019
-69.268
62.948
121.28
117.53
2.3105
-66.429
-32.834
-50.253
-89.199
-1.6467
-60.69
-84.056
14.348
54.906
-47.976
-113.46
-54.406
-3.0855
-18.953
-66.571
-6.077
34.045
-17.389
-111.3
-13.773
38.018
54.015
32.358
74.22
76.23
59.484
-22.82
0.35792
-4.4452
1.8825
13.235
-32.813
1.0182
24.17
76.272
65.181
134.98
124.72
5.7598
-113.15
-78.591
-22.625
-17.532
-82.417
-88.4
-47.444
-48.622
-35.789
46.397
28.425
45.152
20.992
40.16
28.972
-46.996
-4.412
-20.704
16.569
-8.1389
-11.905
52.834
-30.267
-31.13
-68.039
-76.67
26.858
-41.347
113.53
28.957
-28.643
-93.111
54.687
13.683
-3.2217
30.203
8.9165
14.156
50.068
47.361
33.225
5.2197
-43.972
-60.675
-95.383
-74.176
53.624
75.99
107.17
99.435
22.368
67.335
-43.582
-32.755
40.026
-43.466
-60.59
2.412
13.029
-25.022
-36.792
-66.656
-77.02
NaN
NaN
NaN
NaN
-19.494
-29.884
-27.116
-103.77
36.848
37.221
14.964
27.756
NaN
NaN
NaN
NaN
NaN
NaN
NaN
NaN
NaN
NaN
NaN
-21.364
-75.503
-46.954
56.716
61.33
18.826
65.09
30.672
71.034
54.994
-62.839
-121.26
-47.256
-73.329
-49.921
-59.333
6.386
4.5115
-136.93
-45.408
4.2702
177.07
77.684
62.917
