-134.83
-21.974
-45.757
-14.799
-18.163
6.9182
16.443
-23.3
-94.76
-16.47
-49.979
-78.354
-75.597
14.427
45.56
10.472
-57.565
52.278
158.31
105.71
45.546
2.7129
0.11361
46.122
21.121
-34.262
-25.649
13.567
32.227
96.71
55.251
-18.856
-42.118
-59.345
-9.6637
-17.773
30.294
-50.765
-87.134
-8.2277
12.087
-61.85
-37.554
-81.24
-24.895
-20.8
26.809
-39.752
-29.945
6.9685
29.304
12.481
21.917
8.8685
-55.313
-18.65
65.384
93.306
67.803
19.338
-73.746
-51.562
59.085
155.28
114.36
77.36
1.6256
-129.66
-49.189
49.554
-45.887
16.415
80.67
65.212
-46.779
-96.35
-23.103
-59.567
-6.9223
-60.697
-17.834
-3.1225
-49.411
-46.48
-42.213
17.114
5.0233
18.095
6.716
-24.822
27.225
11.446
-37.217
-38.714
-19.48
39.951
-18.265
56.289
123.31
62.981
-17.229
34.687
15.745
-80.013
-70.65
-11.724
63.284
-12.081
86.174
76.783
9.8043
-46.325
-52.18
17.638
51.838
102.25
37.87
-74.333
-46.763
-35.325
-55.881
-52.482
-37.758
-43.53
-35.19
-30.098
-25.353
12.919
75.921
50.582
21.043
-61.496
-6.5345
76.261
27.053
-2.6139
-30.092
-68.584
-8.0283
-31.254
-27.177
13.233
31.192
78.088
53.955
-65.004
-25.201
18.641
24.972
-54.952
-26.936
63.681
134.01
71.5
-85.934
-100.56
-6.2603
14.225
-12.191
-13.091
62.393
65.941
28.541
25.912
18.812
-28.278
13.684
-0.25924
-73.22
3.6375
-6.7902
8.018
73.671
-141.83
-85.991
-21.088
-104.79
-67.615
85.427
30.772
-34.322
-26.429
38.296
7.5878
2.8877
-30.477
58.666
38.808
-6.8268
49.105
-2.6777
-4.4593
-21.174
-13.206
45.579
46.722
72.542
95.221
71.639
60.511
94.678
-7.7522
-46.545
-125.27
-88.131
-76.554
-62.63
-84.167
-44.402
37.574
7.5746
-76.277
-68.05
-28.317
39.013
62.97
78.948
73.461
54.264
80.256
9.1968
-21.643
-33.937
-64.449
-72.806
-41.984
-17.498
29.251
74.725
71.602
-58.052
-24.261
-19.839
49.1
60.833
-29.473
-18.859
-25.866
-21.676
-97.333
-115.9
6.2114
38.224
72.972
81.374
133.74
72.571
6.6708
-63.566
0.93531
32.582
-15.012
-7.4912
-7.8355
4.4793
-45.847
-21.34
-47.647
-11.816
18.918
-24.586
-106.3
-32.794
-1.1089
53.453
87.02
71.954
197.58
