-48.777
-8.8845
39.785
121.47
8.1476
-43.827
-33.462
-42.113
-93.142
-67.083
-25.075
-71.044
-62.88
-16.704
37.069
31.05
13.434
70.133
42.61
13.42
-54.92
-38.233
-12.231
23.085
62.577
14.688
21.236
39.665
-9.9498
24
24.549
37.851
55.299
55.787
-2.6457
12.315
-22.428
-23.96
-63.032
-57.838
-16.716
-15.047
-21.419
8.5061
11.289
-79.029
-98.933
-80.942
-24.727
-52.486
24.392
104.69
99.555
92.294
50.259
14.381
-12.188
70.647
43.493
52.404
-9.3669
-101.84
-79.429
-16.669
-54.991
-80.439
-11.99
-3.981
-55.588
-60.861
-0.84943
49.371
61.209
59.346
68.339
39.451
60.776
36.147
-10.857
-7.6305
-29.519
-19.907
35.486
36.175
16.82
33
-0.74063
-47.164
-69.682
10.302
-19.262
-42.415
-48.901
-118.51
-106.9
-15.776
24.133
97.112
145.16
95.086
27.901
2.6847
37.109
-22.525
-68.677
-42.248
-37.924
7.1087
-53.076
-83.542
-59.216
-3.4148
-20.642
89.115
111.03
56.193
19.409
18.613
-10.701
33.95
-114.06
-41.97
-38.139
15.036
-0.72872
36.208
51.571
23.652
49.637
111.92
81.534
-54.382
-43.956
68.903
60.161
23.553
-35.53
-89.961
-65.585
-53.859
-106.28
-55.913
-46.592
-36.61
-26.635
-39.641
3.1779
-10.741
-28.962
-80.601
-56.443
-2.4105
90.285
157.43
163.18
87.068
28.334
17.519
55.427
35.063
20.515
-3.372
-22.103
-70.256
-18.323
-10.736
-44.772
7.6147
-28.418
30.387
12.113
34.186
9.2854
-32.04
-97.026
-3.8653
-26.05
-25.056
5.5387
-36.231
-82.931
-51.183
29.566
28.274
19.554
4.84
27.189
71.157
60.998
24.86
-8.6973
8.5649
5.101
-18.621
-3.5104
-16.168
37.844
6.0185
-10.19
-30.124
-48.031
-57.895
42.753
69.675
47.646
34.11
-54.726
-95.319
-13.662
-16.878
-48.394
-52.671
-2.3771
35.735
39.72
38.488
47.387
18.618
36.72
57.326
69.376
39.243
22.168
2.8856
-12.505
-6.4834
-70.473
-47.262
5.9903
-6.0976
-78.472
-79.838
-37.305
-38.106
13.848
-6.9204
0.52823
-19.974
-78.649
-76.228
-54.221
20.418
24.747
153.13
129.77
132.17
61.296
19.298
-16.886
-2.5605
61.79
17.865
-13.306
-72.581
-71.76
-102.91
-34.308
28.019
5.2261
-4.5176
-36.449
-55.639
-0.041514
12.414
0.76991
91.434
79.031
43.086
