25.859
-3.0456
-4.0101
-59.002
-13.217
-23.854
-70.763
-20.197
14.011
-3.2063
-111.75
-146.68
-37.235
-51.51
0.96105
13.831
67.501
-53.963
-23.708
-13.261
64.192
27.91
13.982
-3.1161
5.3207
-44.265
-83.818
-79.028
-51.055
-3.1718
48.612
108.97
135.62
89.775
30.449
53.606
76.192
-2.6505
53.592
13.239
39.317
-8.684
11.106
-81.27
-94.028
-92.546
-78.307
2.3129
81.207
183.27
-11.15
-151.51
-61.441
2.9926
17.226
82.326
39.108
-0.86036
-59.586
-102.84
-45.318
-55.496
-40.358
-4.7306
-36.156
-39.64
-16.097
25.758
76.94
66.917
39.144
49.627
-0.33366
-10.057
1.2632
-38.714
-18.861
30.298
79.536
9.796
-12.058
30.59
43.406
41.161
-40.244
-42.959
-9.1842
-1.0776
22.662
1.2003
10.494
-4.9476
-20.399
-17.906
-73.96
-37.837
-7.7669
31.069
72.414
-20.509
6.8579
16.331
-21.73
-34.1
11.224
4.5998
-11.739
9.2416
37.54
10.503
26.323
23.292
-67.71
-24.708
-51.459
-1.5163
30.007
NaN
NaN
NaN
NaN
NaN
NaN
NaN
50.925
-13.194
-49.287
-65.889
-57.166
NaN
NaN
NaN
NaN
NaN
-41.722
17.643
54.402
10.14
7.7452
43.642
11.368
-28.554
18.994
0.19279
-33.548
-32.349
-31.387
-54.516
-78.393
-7.5001
12.592
59.219
13.307
-20.131
18.996
9.2265
103.59
112.03
83.541
20.067
-62.502
11.964
38.543
-30.602
-5.1124
-73.987
-64.382
-122.95
-81.37
-52.12
41.457
8.6716
-41.191
-75.593
-41.734
-0.22558
27.25
29.606
27.061
66.839
137.11
71.153
41.534
48.228
23.363
-78.76
-154.01
-57.88
-47.312
41.922
50.147
59.602
-5.8864
14.442
-40.672
-20.258
-22.225
58.408
73.384
34.371
12.388
22.434
128.92
138.15
109.16
13.427
17.974
-66.696
-70.867
-107.17
-112.68
-120.25
-121.15
-141.06
-155.99
-107.41
-26.608
0.48207
25.501
-32.729
-29.092
54.517
98.964
160.24
64.5
71.477
78.536
110.67
-29.208
-100.76
10.532
54.299
1.9204
4.8954
50.872
52.853
11.832
43.318
73.072
33.587
