-33.071
7.2577
-11.53
66.966
32.039
51.287
44.563
64.299
-12.027
9.8025
45.116
12.298
-63.134
-47.157
-21.306
22.414
26.957
23.937
-25.64
21.422
3.1747
2.2528
9.729
-12.014
13.733
-6.7205
-66.418
2.3945
-16.831
-3.1851
14.21
18.794
-1.7873
-2.749
-12.019
-25.831
-19.19
9.7011
-59.152
-32.579
16.561
-1.3316
-18.838
51.41
75.513
8.0475
41.852
28.33
-27.045
-36.778
15.735
-0.096693
38.93
19.752
46.826
19.835
13.886
-55.81
-23.808
-8.8914
21.545
23.048
27.046
-55.259
-88.325
-32.873
-22.351
-10.258
-34.051
-31.659
-30.64
-45.357
-23.056
48.308
59.142
83.886
15.65
11.642
-9.7293
43.992
-14.349
-26.466
-4.6117
21.633
7.1575
29.875
44.525
-9.6286
48.377
4.18
3.0347
-9.4326
-17.174
-4.9901
19.075
-28.24
-52.48
12.542
-5.2067
-33.273
-19.037
27.485
6.201
-26.111
-36.519
-16.19
4.5662
-12.87
-17.577
-6.0152
10.9
43.465
-9.701
-2.0356
18.656
-8.0709
-2.501
24.374
-20.809
-25.486
3.0103
28.431
-17.865
-35.463
37.338
-5.6855
-1.3091
9.1962
71.874
50.486
49.12
17.168
-7.0791
9.2263
0.66494
-7.0013
-18.257
-6.8084
-60.585
-28.928
12.106
-7.3626
-20.116
-3.497
43.614
46.161
-53.005
-63.251
-39.254
-40.019
-69.017
NaN
NaN
NaN
NaN
NaN
NaN
NaN
NaN
NaN
NaN
NaN
43.313
17.347
37.938
-5.1474
8.7451
-11.272
28.047
69.744
33.537
48.966
34.315
-18.568
-7.4103
-43.982
-5.5935
-1.0316
-10.921
-37.857
-50.554
-29.327
17.863
-69.937
NaN
NaN
NaN
NaN
4.3626
-8.8537
19.726
13.494
-29.29
-54.508
NaN
NaN
NaN
NaN
18.587
30.683
81.047
44.746
40.656
-11.584
-70.036
NaN
NaN
NaN
NaN
-61.211
-27.893
9.486
59.163
12.177
-73.073
-18.099
59.765
-0.38841
8.9046
47.77
13.075
0.71692
45.361
62.489
25.526
12.867
NaN
NaN
NaN
NaN
NaN
NaN
-49.698
-57.684
-70.98
-23.261
26.621
-19.253
-22.157
29.528
20.423
19.967
NaN
NaN
NaN
NaN
NaN
NaN
NaN
NaN
NaN
NaN
NaN
NaN
NaN
NaN
11.58
-8.917
-23.389
28.158
21.366
13.666
-17.55
-37.497
3.9337
-15.873
-21.401
-11.63
-33.404
-1.7586
4.2782
-8.0028
-48.856
-7.3633
-3.5229
33.124
39.797
0.453
23.162
NaN
NaN
NaN
NaN
-18.464
-6.0574
6.706
25.473
-4.6772
39.152
52.718
6.3836
-68.643
-33.878
-25.531
17.901
30.998
38.831
91.106
19.43
NaN
NaN
NaN
NaN
NaN
NaN
NaN
NaN
NaN
NaN
NaN
NaN
NaN
NaN
NaN
NaN
NaN
NaN
-3.0701
47.698
-11.8
-43.262
102.45
67.371
-28.078
43.441
-10.353
-25.778
-44.461
NaN
NaN
NaN
NaN
29.538
13.163
29.024
-11.849
37.13
72.19
62.09
49.008
NaN
NaN
NaN
NaN
NaN
-50.995
-48.912
-6.879
-12.339
-28.443
-113.68
-87.3
-19.52
36.353
