-5.5168
-13.357
11.132
38.828
-23.825
-12.612
5.6411
-3.1842
-66.249
-30.59
33.652
-3.2277
3.7652
-17.095
-14.894
36.903
-4.4465
0.3747
-2.2618
-2.1267
8.0612
25.788
-6.6737
9.1242
31.928
46.804
30.877
-6.5262
-38.349
-14.153
21.193
29.861
12.306
-18.392
-31.454
0.63304
8.8151
-27.632
-45.839
-15.831
-24.517
5.3775
16.976
-10.624
27.256
-12.513
-13.862
-34.266
5.0808
17.046
1.7354
5.8492
-33.865
11.916
44.223
53.389
-6.9312
-20.336
-1.4322
5.3661
-9.483
31.981
16.49
36.579
-9.7701
-23.443
-18.498
6.0362
-29.614
8.0722
-0.1982
33.433
-19.878
-46.235
-27.631
-0.49697
5.0339
-18.282
-4.886
5.4223
13.682
44.641
13.356
12.148
23.842
7.5975
-9.1748
-13.072
-28.455
30.228
41.338
13.834
-63.678
-16.356
5.0514
-16.681
-14.176
-6.4451
-48.496
-6.0261
-11.704
-4.3345
7.5186
19.329
NaN
NaN
NaN
NaN
33.004
20.981
-19.467
-16.772
3.9811
20.224
39.322
73.18
47.268
12.324
-39.078
-35.041
-14.277
-13.941
-54.74
-9.8992
-2.0226
46.562
-2.5073
-41.063
-34.232
-16.881
-31.965
-19.095
-34.019
5.9277
9.1125
29.68
16.091
55.352
25.971
18.517
34.126
-17.91
-15.055
-5.669
7.7669
-28.192
-23.751
1.9051
18.975
3.8154
-1.4926
-33.472
-19.989
10.649
23.195
-10.459
-0.99489
16.334
30.947
31.93
-11.258
35.919
29.645
-0.45956
-32.211
-44.218
-3.7991
-12.99
10.794
14.205
-25.706
-21.978
2.2343
14.853
6.7038
-4.1221
-51.079
-64.001
5.768
50.582
33.443
-23.448
-17.293
6.9647
-15.001
-19.476
-39.713
19.99
33.668
55.639
69.416
-2.5235
24.895
-8.0998
6.9827
0.13068
-10.227
-37.795
-38.526
17.688
-4.2296
27.969
14.789
26.43
34.158
-12.943
-31.242
-36.59
-21.489
10.882
-11.629
-7.0905
-23.348
-33.967
-16.337
3.7913
-1.7086
30.64
2.5483
1.1142
-12.765
6.8771
40.636
-15.841
-14.568
-14.828
18.03
18.284
12.488
14.918
-11.555
-4.7132
15.854
26.698
-9.9966
15.801
26.587
35.146
-4.678
-40.53
-69.351
-15.364
-32.318
18.258
-5.3748
-16.722
43.824
26.059
30.779
-10.029
-7.4289
-10.684
8.2598
10.464
-12.066
