NaN
NaN
NaN
NaN
NaN
NaN
NaN
NaN
NaN
NaN
NaN
15.686
-24.202
-28.001
48.847
74.104
NaN
NaN
NaN
NaN
NaN
NaN
NaN
NaN
NaN
NaN
NaN
NaN
NaN
NaN
NaN
NaN
NaN
-42.826
-12.608
3.9556
-51.187
-19.277
29.896
53.067
34.089
-20.097
-26.231
8.2299
3.7114
14.237
11.636
36.425
43.271
65.266
34.502
-44.77
-68.973
-1.8329
7.0281
-27.92
-63.485
-5.0521
-7.6516
-13.133
55.332
16.381
NaN
NaN
NaN
NaN
NaN
41.007
6.6291
-47.231
-34.241
9.8268
84.51
42.538
-33.049
-74.277
-29.61
-8.1881
-42.21
-29.719
30.62
35.204
-14.777
3.6015
-30.382
-61.206
-41.962
1.3826
12.063
43.328
9.7952
-14.571
-7.3936
NaN
NaN
NaN
NaN
29.29
1.0268
-34.155
-25.611
28.062
12.013
54.156
20.142
-31.299
-22.732
7.6579
25.769
-69.554
-68.307
-29.947
-11.124
-9.0227
-54.161
-44.482
-19.546
-19.537
4.0895
36.68
49.763
75.702
48.13
30.226
44.745
-5.3685
57.419
13.047
-23.07
-33.313
10.013
42.569
-32.758
-70.339
-47.406
4.9439
-30.53
-37.31
-3.2555
NaN
NaN
NaN
NaN
NaN
NaN
NaN
NaN
NaN
NaN
NaN
-7.6386
6.1981
54.99
35.681
-3.5904
-2.9085
-1.9063
23.054
62.271
55.598
7.0292
-42.44
-29.854
-18.116
-61.399
-0.23046
-3.7697
NaN
NaN
NaN
NaN
NaN
NaN
8.3653
10.21
-23.543
8.8142
13.442
63.545
15.741
-48.234
-34.538
-87.999
-24.114
1.4387
42.001
69.32
75.89
66.073
16.589
-31.805
NaN
NaN
NaN
NaN
NaN
NaN
46.443
32.778
47.14
137.47
78.821
-12.007
-47.006
-38.262
-18.677
-17.26
24.686
59.823
-36.762
-12.928
-16.769
-2.8241
-76.337
-79.769
-45.82
-34.519
NaN
NaN
NaN
NaN
-6.947
-5.232
-0.99507
11.609
24.536
5.7961
33.626
-1.1272
49.023
15.68
-21.264
-31.003
-8.6802
-26.577
35.633
47.956
37.567
-11.281
-30.487
-56.601
-40.714
-28.063
-18.896
-36.912
-49.941
-26.128
19.661
37.693
58.004
34.127
3.8505
-15.441
-0.65504
22.658
48.138
44.962
32.769
37.734
9.7512
-1.2055
-11.731
4.6165
-23.889
NaN
NaN
NaN
NaN
NaN
NaN
72.755
-1.7583
0.54063
-39.509
-42.612
-46.813
-36.111
-24.274
0.07336
9.366
-13.746
-0.41479
18.413
67.31
48.874
-26.419
27.933
69.141
42.68
14.666
7.7962
39.733
21.114
-16.326
10.699
27.211
18.461
2.8118
NaN
NaN
NaN
NaN
-46.177
-70.53
-13.042
8.6062
-15.046
14.919
79.327
75.27
14.607
-58.34
