-106.92
-55.543
-41.547
-10.849
1.2817
14.156
63.073
99.118
54.895
40.686
10.205
-10.84
-94.403
-88.651
-64.366
7.8308
71.454
1.8475
-2.8373
57.028
90.569
79.906
23.972
-30.343
-67.547
-11.271
18.077
43.747
54.337
36.629
-21.452
-2.7276
-45.698
-111.64
-95.011
-51.517
-18.228
-42.105
-79.547
-76.463
9.9667
62.699
97.122
82.419
81.064
44.709
6.6457
-23.933
-46.908
17.124
8.7849
-33.818
-28.268
65.079
2.1357
-2.6016
11.888
-24.066
-15.289
16.165
43.728
57.995
78.615
-23.761
-26.837
-14.357
-14.026
-14.763
4.9014
-35.813
-75.669
-146.76
80.311
54.581
-5.4418
-39.761
-11.475
16.314
45.055
28.296
-10.79
-80.902
-32.824
-12.307
6.0169
13.102
-21.4
-20.971
43.725
72.675
60.267
32.149
-12.852
42.013
52.214
-2.9132
17.347
35.056
-26.502
-58.461
-68.063
-18.336
6.8534
-30.752
-76.743
21.433
30.98
-11.32
-63.944
12.396
47.571
50.366
19.679
-18.499
-15.645
-22.693
19.451
16.202
-12.232
31.464
22.092
-22.092
13.084
4.8713
-17.052
-7.2462
-53.914
-39.631
24.017
54.102
66.15
40.681
-33.851
-31.207
-16.473
-59.639
-51.27
-5.7635
-1.6559
29.71
49.442
36.85
-44.63
-59.822
11.083
43.504
22.876
9.838
-21.46
-53.002
2.4411
NaN
NaN
NaN
NaN
NaN
NaN
NaN
NaN
NaN
NaN
NaN
-13.744
-9.6693
15.321
25.788
4.0271
-43.067
-28.122
-10.739
-15.045
-8.7869
22.348
-4.5182
-30.654
-55.045
-33.551
-10.377
-0.20171
-0.086167
-25.204
-75.43
-66.433
-25.61
NaN
NaN
NaN
NaN
30.927
36.836
58.873
82.045
81.356
73.001
NaN
NaN
NaN
NaN
-74.01
-48.853
-33.697
-16.279
-1.7106
-62.221
-68.444
NaN
NaN
NaN
NaN
-25.566
5.9687
22.714
5.1914
7.6383
-6.8369
16.091
40.51
67.264
115.45
71.233
52.982
45.042
66.131
21.695
-7.8061
-56.982
NaN
NaN
NaN
NaN
NaN
NaN
-63.653
-25.523
-10.119
-23.129
-17.889
-30.102
-14.861
9.5724
-40.028
-35.937
NaN
NaN
NaN
NaN
NaN
NaN
NaN
NaN
NaN
NaN
NaN
NaN
NaN
NaN
36.53
7.4069
54.147
65.507
55.003
-8.6787
-45.466
-64.817
-40.523
-40.529
-45.774
-11.235
-14.651
-5.7009
26.95
-11.024
5.4802
11.617
25.791
51.123
28.609
-17.081
24.363
NaN
NaN
NaN
NaN
-72.447
-54.343
12.21
49.268
13.372
-23.333
-13.462
-3.7163
-1.9871
16.841
35.879
33.961
17.254
28.787
20.787
38.743
NaN
NaN
NaN
NaN
NaN
NaN
NaN
NaN
NaN
NaN
NaN
NaN
NaN
NaN
NaN
NaN
NaN
NaN
58.507
74.282
33.987
-51.982
-11.122
4.1874
29.188
23.647
-37.738
-40.384
-48.162
NaN
NaN
NaN
NaN
59.601
61.657
21.418
-49.73
43.829
26.453
-30.417
-40.293
NaN
NaN
NaN
NaN
NaN
-16.033
-24.799
26.613
56.616
1.4475
2.1032
-20.348
-6.5602
10.997
