23.064
-72.495
10.323
31.984
-57.369
-50.725
67.569
30.367
40.002
11.735
47.6
28.848
105.46
62.313
-33.691
-12.551
4.8478
25.78
-65.477
-16.754
-6.8468
-53.773
-0.34831
21.876
-38.295
-76.707
-35.47
-58.601
-29.918
3.7771
1.8158
-15.927
3.0263
46.242
14.652
37.201
-32.436
-9.1179
5.6353
27.749
20.349
7.0084
-47.968
-7.1841
-0.59121
27.035
22.35
3.7181
53.193
43.226
30.049
82.317
76.338
-0.31755
-52.786
-2.2905
-18.561
-31.817
-62.581
-15.698
-29.061
-40.362
2.5829
-18.084
-43.904
4.2333
9.1629
0.33862
-4.8118
24.23
4.4812
-16.536
-28.722
-8.9153
-13.274
17.468
-19.293
-31.346
1.1454
52.077
11.385
7.2367
12.71
8.3099
20.271
47.066
38.807
3.2072
-33.951
11.784
66.353
17.825
-43.69
-38.246
-38.476
3.9093
3.1794
15.66
-4.1912
-13.617
-8.9502
-26.888
-11.422
-23.332
NaN
NaN
NaN
NaN
-46.822
-89.654
-25.662
1.959
11.791
18.784
-5.6107
-18.268
-3.4228
-0.50938
27.711
43.224
14.83
-41.073
-25.777
-6.3844
-51.266
-73.849
-29.479
33.879
22.935
32.608
-16.715
13.4
31.247
23.512
55.423
75.524
44.6
23.293
-76.642
-46.31
40.32
20.296
18.117
25.768
-32.007
-53.539
-14.856
22.095
3.2827
1.1167
-38.965
34.272
20.342
-5.5022
-40.147
-27.417
-52.725
-4.392
-53.092
-28.801
-31.045
-25.836
-23.704
5.4993
7.6458
31.187
68.483
21.705
-11.167
31.909
62.711
61.919
2.4119
-41.472
-2.0957
68.094
-4.5316
-21.829
-32.785
32.85
24.752
23.895
-0.57979
-23.849
9.1075
-0.34918
17.134
-21.591
-62.357
-24.8
-25.787
-7.0669
-19.767
11.982
15.982
-20.175
-43.754
6.8819
-21.765
-36.33
-24.151
27.136
50.804
38.451
-2.3109
28.707
16.351
34.96
-34.216
-40.253
5.0941
40.918
16.716
33.065
-43.419
-46.253
-20.19
-41.498
-12.202
15.947
47.362
51.158
-15.709
30.869
34.035
72.293
13.485
-31.534
-31.801
14.74
6.7071
-5.9441
-49.675
-45.396
3.6223
-13.609
-43.328
-19.457
-32.849
33.777
-5.2876
86.927
15.327
-11.662
12.552
-0.44105
-31.82
-6.4399
-36.249
-42.563
6.6727
1.4811
-15.087
12.614
29.232
