NaN
NaN
NaN
NaN
NaN
NaN
NaN
0.30569
60.771
94.276
109.81
53.714
24.596
-33.819
-51.214
-5.8635
72.263
120.38
26.7
-50.413
-22.998
-71.156
-81.487
-73.782
-82.734
-49.622
25.964
78.701
143.76
119.83
NaN
NaN
NaN
NaN
-103.78
-28.745
-7.2368
-89.514
-77.584
-16.392
112.86
59.033
37.971
47.523
27.314
10.135
4.9152
1.4628
-17.567
-30.587
-36.123
-6.0945
15.539
32.016
-15.655
-34.329
39.915
82.985
21.994
-45.505
-33.167
37.361
69.873
51.691
39.693
-48.38
-52.248
-31.308
-31.752
2.4215
32.064
31.353
NaN
NaN
NaN
NaN
NaN
0.0043788
-59.418
-62.454
-11.176
-3.5714
-2.4434
-28.108
-8.6954
41.466
95.931
59.595
16.078
-21.968
-1.3973
1.8888
7.8682
11.399
9.0018
24.309
-3.7004
-56.472
-27.508
-42.339
-5.7919
31.724
32.28
39.773
7.6882
5.9
10.413
24.34
-21.111
-38.122
-12.931
-24.057
-17.454
13.031
22.739
22.982
-3.7192
-16.843
27.405
6.3174
-13.503
-33.428
-10.013
19.409
30.815
2.2803
-35.99
-29.712
-16.047
NaN
NaN
NaN
NaN
18.846
19.764
19.734
-25.904
34.463
48.043
64.198
42.346
63.163
36.349
-8.083
-35.733
-28.245
-6.9806
5.5888
15.464
-23.282
-62.154
-73.978
-32.593
18.979
-36.565
-46.144
7.8781
26.135
57.287
53.014
-5.2353
-59.621
-18.11
38.366
38.972
22.371
69.773
26.858
-28.44
-42.494
-30.535
-39.34
-47.969
1.2637
-13.206
-4.0704
5.6494
11.21
8.9601
34.292
31.61
40.909
2.6728
-1.3837
10.688
1.629
73.898
91.547
-6.5836
-92.935
-52.58
-63.933
-34.571
-16.746
-3.9396
-22.02
-3.4677
-26.751
-47.322
-45.31
20.265
36.353
64.047
100.14
54.031
-31.203
-1.1879
-2.6772
-23.213
-65.281
-27.262
29.872
61.341
36.454
-33.257
-25.918
-38.036
-12.769
15.783
28.476
12.649
-33.357
-29.452
10.367
23.779
26.291
4.016
49.77
26.555
28.095
NaN
NaN
NaN
NaN
-20.014
-24.428
-24.536
-9.145
-9.1398
-38.054
3.3941
-9.3221
-59.058
-39.941
7.2324
-1.5806
-0.86062
-33.842
-24.481
27.055
41.864
32.554
62.434
38.323
12.303
-70.025
-37.065
27.072
12.935
33.267
-11.173
-11.99
17.044
6.9991
NaN
NaN
NaN
NaN
NaN
NaN
NaN
NaN
NaN
NaN
NaN
NaN
NaN
-44.517
-105.58
-53.289
-32.531
-16.825
-38.258
-43.552
-38.516
-48.933
-40.931
20.809
41.075
19.789
42.456
37.46
42.029
80.218
99.323
27.368
-27.412
-33.497
21.987
-12.945
-17.501
-48.11
-0.74378
0.19232
-16.895
-18.813
-18.498
51.947
54.921
46.943
2.827
-1.6515
5.1967
NaN
NaN
NaN
NaN
NaN
NaN
NaN
NaN
NaN
NaN
NaN
NaN
NaN
NaN
NaN
6.3999
37.926
88.589
52.46
3.1897
24.837
-5.2825
-18.14
-102.1
-33.37
-1.2326
16.696
-23.203
-17.318
19.237
39.911
34.402
-1.9539
-25.644
-14.241
-33.232
-55.895
18.203
37.086
16.091
27.722
56.76
69.566
55.653
91.739
58.179
35.164
-43.926
NaN
NaN
NaN
NaN
-59.087
-10.942
-18.986
-61.849
-62.458
-4.9533
40.511
20.126
4.3224
-22.347
-24.225
-43.542
-19.712
