-72.656
-28.042
-63.141
14.088
-24.065
7.7126
29.607
45.572
-17.135
-6.0389
29.618
-10.119
-96.165
-4.6081
-10.075
-57.711
-0.29274
-42.49
-46.464
88.201
133.13
154.05
67.38
40.913
17.535
11.299
-41.58
-13.398
-4.3735
-42.605
-40.989
33.221
-24.414
-35.375
-39.416
-15.248
-34.765
-63.983
-40.851
-28.279
-26.055
-8.2086
7.3153
26.767
47.595
50.511
39.667
-36.758
-31.473
29.239
-7.4198
-16.909
-11.331
43.179
-13.454
13.227
-11.81
-8.5388
6.4013
69.02
54.047
70.311
41.529
-50.386
-53.246
0.93043
12.696
-17.978
-12.447
-8.0686
-18.415
-92.902
111.43
10.243
9.7097
-67.309
26.825
-6.3024
-20.425
48.694
-8.4293
-48.352
-54.815
-23.555
-55.518
-9.7258
-3.1053
-61.121
59.615
67.842
31.602
-38.861
-12.791
81.182
24.217
40.101
71.446
-19.846
-22.364
-61.694
-21.907
44.589
6.8069
-47.781
-70.492
81.133
53.06
-12.832
-60.779
38.556
28.148
39.757
-19.286
-68.511
-8.8309
-14.5
5.9687
62.246
2.988
2.6392
-18.486
-26.571
-0.28463
-15.66
-0.57312
10.36
-27.349
-27.941
11.092
48.814
44.832
22.605
-26.055
-41.405
-46.322
-75.002
-33.611
49.292
21.162
-7.0707
-31.576
5.7488
-16.603
6.7643
123.05
67.43
-60.799
10.913
7.4058
-55.916
-18.376
NaN
NaN
NaN
NaN
NaN
NaN
NaN
NaN
NaN
NaN
NaN
-31.787
1.3164
-0.28129
22.89
32.077
-36.059
-17.166
2.4473
-13.631
-32.727
-9.5728
-22.179
-25.535
-27.126
28.056
-21.763
-25.444
-58.221
-64.882
-45.715
3.8126
-20.231
NaN
NaN
NaN
NaN
51.486
10.976
57.075
25.509
32.507
13.543
NaN
NaN
NaN
NaN
-60.622
-47
-25.216
7.6122
20.517
-44.295
-106.1
NaN
NaN
NaN
NaN
-100.57
-58.623
-49.962
18.019
25.838
-1.0303
41.486
108.65
25.748
57.396
49.731
28.151
42.892
29.54
2.6399
-2.4191
4.9739
NaN
NaN
NaN
NaN
NaN
NaN
-25.636
6.4872
-96.955
-97.493
-10.507
-7.7379
-30.575
8.619
-34.427
-19.023
NaN
NaN
NaN
NaN
NaN
NaN
NaN
NaN
NaN
NaN
NaN
NaN
NaN
NaN
72.744
-33.533
-33.409
41.136
22.569
-17.836
-88.737
-128.22
-55.548
-18.991
-56.518
12.974
33.672
57.143
22.396
-6.0119
-11.611
81.34
12.894
47.466
18.799
33.125
38.007
NaN
NaN
NaN
NaN
-48.741
-3.2449
-0.94501
11.654
-46.964
-31.873
-40.64
4.3076
18.928
41.177
48.848
14.5
-36.498
-22.342
47.65
39.891
NaN
NaN
NaN
NaN
NaN
NaN
NaN
NaN
NaN
NaN
NaN
NaN
NaN
NaN
NaN
NaN
NaN
NaN
37.331
106.54
42.428
18.112
9.2595
7.0307
-17.619
32.173
-36.983
-68.329
26.971
NaN
NaN
NaN
NaN
24.879
1.0814
-17.937
-28.019
43.75
12.355
-48.323
-67.697
NaN
NaN
NaN
NaN
NaN
47.609
-23.635
-25.389
-22.386
-10.06
46.253
39.157
16.595
-6.5225
