28.749
8.9936
16.475
19.672
-17.147
-32.38
-20.345
-7.0613
29.082
44.352
49.541
20.014
-20.572
-68.011
-42.976
-8.1982
-5.1481
-2.6575
11.35
-20.604
-30.55
-15.712
12.661
22.109
1.6147
-0.63526
-10.63
-17.384
-5.6952
-32.668
14.409
35.36
2.1032
2.4324
0.90791
8.4548
4.8081
14.934
47.153
30.663
41.528
40.085
1.1585
-11.299
-25.317
8.6324
0.49037
-17.617
-10.934
-17.507
-1.5436
-9.6896
-21.579
-53.29
-23.579
-7.2001
-23.527
-24.404
-4.9473
-40.553
-7.7785
8.3336
9.4732
35.822
34.062
27.628
-6.5034
-9.7404
29.041
53.767
29.577
12.38
-61.8
-6.8163
15.499
25.164
41.689
6.0496
-21.769
-41.44
-23.93
-11.696
9.2121
57.991
42.456
-16.653
-53.435
-19.106
-0.94423
-21.15
-13.602
2.3927
17.298
-30.397
-32.998
5.9551
-2.8549
1.1518
6.1004
5.1093
9.8088
22.06
27.375
26.444
17.815
-15.319
2.281
0.97781
-1.1746
0.62632
-10.627
-26.034
-30.203
-27.776
15.384
-9.0703
-13.771
-8.203
-12.903
-1.3245
-12.02
-0.89785
35.659
32.515
40.495
25.199
9.4439
44.611
48.447
2.4905
-40.454
-14.412
-18.165
18.562
19.321
-3.1392
-42.892
-39.683
-34.121
-37.459
-20
-25.519
-16.216
-8.7184
11.448
17.037
42.755
44.663
11.595
-44.109
-7.2971
NaN
NaN
NaN
NaN
NaN
NaN
NaN
NaN
NaN
NaN
NaN
-4.7087
84.898
19.647
-12.367
-43.174
-18.888
-19.959
-11.737
-4.9184
-12.88
-1.5424
-14.443
35.977
25.646
-28.22
-8.9587
25.355
18.935
40.641
47.763
21.139
-33.762
NaN
NaN
NaN
NaN
-48.696
-10.671
-24.237
-11.838
4.7474
-2.5935
NaN
NaN
NaN
NaN
6.156
13.692
37.461
12.22
-1.2152
-1.9023
-13.687
NaN
NaN
NaN
NaN
-14.083
3.8666
17.553
52.148
1.8591
9.9719
13.527
23.124
-4.1842
14.886
17.411
38.572
29.208
-54.317
-69.384
-64.134
-4.7453
NaN
NaN
NaN
NaN
NaN
NaN
25.418
41.347
49.351
16.153
-4.8747
-20.695
29.841
34.64
23.552
-4.7467
NaN
NaN
NaN
NaN
NaN
NaN
NaN
NaN
NaN
NaN
NaN
NaN
NaN
NaN
11.025
26.247
27.8
32.02
11.279
-8.0938
1.7113
-19.039
7.3792
-4.1868
-9.0345
20.238
13.804
28.302
1.5643
1.7535
-3.1719
-21.769
0.17802
22.656
-17.95
-8.6909
12.67
NaN
NaN
NaN
NaN
-16.673
-15.799
-20.455
-4.1171
-2.7023
19.821
-3.4986
26.016
7.3654
54.073
42.036
8.6263
2.9047
7.5685
41.107
27.032
NaN
NaN
NaN
NaN
NaN
NaN
NaN
NaN
NaN
NaN
NaN
NaN
NaN
NaN
NaN
NaN
NaN
NaN
-5.4077
3.1076
10.793
22.82
-30.825
-3.357
-7.8954
-12.87
25.704
-20.661
11.513
NaN
NaN
NaN
NaN
-12.737
5.3507
17.575
12.128
5.4146
10.207
-9.161
3.5599
NaN
NaN
NaN
NaN
NaN
9.9817
16.732
-10.764
-32.444
0.19346
14.147
17.037
30.551
3.4165
