NaN
NaN
NaN
NaN
NaN
NaN
NaN
NaN
NaN
NaN
NaN
71.648
64.503
7.4935
38.921
68.756
NaN
NaN
NaN
NaN
NaN
NaN
NaN
NaN
NaN
NaN
NaN
NaN
NaN
NaN
NaN
NaN
NaN
14.105
1.2835
1.0974
47.768
31.654
45.46
92.042
43.618
-68.792
-53.091
-64.303
23.092
-80.893
-33.181
43.065
58.418
36.114
-49.369
-50.323
-18.252
23.151
43.376
17.365
-30.728
-9.0024
21.01
15.186
26.546
-10.864
NaN
NaN
NaN
NaN
NaN
26.686
11.378
-43.569
-22.056
1.7966
15.455
-29.168
-61.331
-27.423
69.789
66.042
-5.1841
17.424
14.431
6.0619
-4.4414
63.942
38.159
-8.6895
-14.282
21.182
37.481
-39.167
-1.5649
10.378
-15.614
NaN
NaN
NaN
NaN
-21.942
-29.622
-33.575
-46.117
-16.98
-4.9226
-9.0865
5.5319
-12.831
-46.143
-25.976
27.399
-5.6472
5.4534
18.947
7.2092
43.267
23.638
-7.5294
-3.019
-0.051028
14.754
57.007
48.407
54.443
11.009
18.794
65.474
16.176
-16.808
-52.767
-56.381
-74.063
-63.456
-21.232
16.151
22.382
-11.708
-19.095
-6.3829
-10.625
2.6944
NaN
NaN
NaN
NaN
NaN
NaN
NaN
NaN
NaN
NaN
NaN
-12.913
11.93
19.036
12.27
-11.435
16.329
22.644
1.3082
9.1218
32.378
-11.294
-46.78
-12.313
-28.331
-25.137
-13.28
-10.469
NaN
NaN
NaN
NaN
NaN
NaN
-4.0494
35.794
102.1
143.39
84.318
32.234
-49.037
-100.83
-92.384
-77.592
-81.955
-58.076
-1.7274
4.0485
23.798
22.066
54.738
-33.13
NaN
NaN
NaN
NaN
NaN
NaN
40.882
-8.831
8.4931
64.945
36.83
16.57
1.7746
-45.493
-7.8147
-51.165
-36.421
-15.861
-41.841
0.04745
-15.176
11.689
-37.856
-48.553
-52.218
10.242
NaN
NaN
NaN
NaN
28.287
68.537
0.95928
-49.902
-20.492
-2.1609
30.254
13.902
35.642
24.6
10.624
23.718
-9.2881
-46.945
-7.3855
-3.6614
-22.469
-29.964
-2.3352
-20.976
6.0132
18.595
-16.903
25.081
22.306
13.952
6.1528
0.99107
5.1284
-14.01
-14.433
-8.0471
8.7339
7.6173
-46.541
26.444
5.4672
-20.611
-37.661
-6.1105
3.0386
-11.302
22.644
NaN
NaN
NaN
NaN
NaN
NaN
104.98
30.987
-34.776
18.454
6.3902
-44.962
-24.262
5.5382
15.457
-17.881
7.2003
32.37
86.186
30.181
-38.002
-60.994
-45.654
-30.652
-19.627
-14.728
-24.025
20.752
36.411
-2.3537
-12.001
-34.983
-29.817
6.2798
NaN
NaN
NaN
NaN
17.267
-10.382
13.557
17.18
18.314
33.389
52.184
49.955
47.44
64.815
