14.979
-32.065
28.15
55.443
-22.081
-15.976
-6.8444
-1.2901
-31.496
-46.314
-37.731
10.679
38.818
16.737
-4.7135
25.088
6.4527
11.751
-20.011
-6.4323
1.7081
13.701
29.909
43.415
-16.877
-53.779
-23.166
5.1413
10.785
49.225
36.763
-19.454
-2.0902
15.217
-4.4484
9.8938
-19.314
-37.489
-47.37
-31.113
-24.887
-36.742
-13.434
-27.576
15.231
22.713
30.784
39.755
54.353
40.515
10.993
-30.976
-58.178
13.036
16.488
-14.433
-32.329
14.024
25.887
26.571
37.899
40.838
67.068
32.039
-43.625
-55.275
-29.904
-5.2173
-26.055
-23.229
-25.282
-14.815
-22.741
-17.139
-9.4188
4.7466
-20.698
10.75
10.018
-36.471
-10.199
28.692
41.919
18.129
7.225
19.971
8.6551
8.3799
7.859
-8.2
-0.87829
21.55
2.0749
4.6247
11.612
0.66776
-25.545
-8.9331
3.7396
31.492
13.793
-27.857
-7.1721
-8.0233
NaN
NaN
NaN
NaN
-4.0596
-1.8894
-3.7541
-48.165
-15.434
11.668
42.955
26.563
12.649
5.2391
-4.6241
-8.1166
-9.3976
-9.4108
-3.5249
0.39776
-31.58
-19.597
10.164
31.974
1.9495
29.099
20.341
9.8098
8.0825
15.659
-21.835
-10.705
7.1966
3.6708
17.254
-3.6534
18.321
-45.042
-47.229
-35.148
4.5245
-32.876
-6.0169
5.4163
51.764
37.087
58.09
4.1427
2.365
18.159
3.645
-27.148
-32.002
-32.371
-3.0958
-38.649
-25.916
-15.063
23.009
15.147
33.387
7.0862
13.425
-39.202
-2.198
25.661
69.115
-25.954
-11.169
-10.147
-11.086
21.808
-41.89
-48.085
-3.251
35.157
39.122
0.15709
7.8812
31.758
34.966
20.732
11.172
-8.4298
-30.577
-26.105
-51.368
-42.134
0.13377
-32.525
-29.114
6.1153
-7.6069
29.905
31.187
63.256
44.21
5.5827
-7.7068
0.0095181
19.623
-40.054
-34.516
-24.758
16.791
30.244
26.026
-21.635
-29.14
-20.562
-30.77
-35.513
-19.167
48.155
40.546
26.811
19.015
6.1343
-7.3463
21.219
14.042
-7.0032
-7.7237
-25.092
-25.786
3.3374
5.0208
-16.616
-15.201
-11.002
5.6883
-12.733
-21.479
25.671
24.446
31.519
24.12
23.67
-17.456
8.1938
7.6645
-6.4622
35.544
-41.292
-78.599
-34.475
-9.8623
3.8885
9.8745
7.6558
58.33
