45.86
-11.22
-38.736
27.913
-1.2384
-42.809
-117.61
-167.31
6.5961
54.683
50.684
44.032
-26.778
11.124
80.665
68.855
42.949
-46.149
-151.58
-87.327
-86.374
-47.352
-27.174
31.029
84.403
15.214
-32.688
-4.0288
10.071
47.348
35.546
41.059
51.34
65.24
90.237
5.4674
-44.702
-48.35
-92.315
-36.537
7.1166
36.06
-13.138
-20.403
-14.99
-18.072
-48.155
-9.2632
46.05
16.079
97.912
35.508
-62.819
-37.168
31.311
72.32
57.779
40.282
-10.172
-13.894
-26.35
-62.589
-102.36
10.897
NaN
NaN
NaN
NaN
-34.309
-61.603
11.742
-4.4687
-82.12
-131.97
-108.26
-16.732
-88.245
-68.438
-14.044
7.1639
43.102
36.064
80.32
78.162
65.883
45.453
52.649
71.359
23.329
4.1701
-12.145
38.089
56.631
12.942
-20.44
-33.693
-11.986
-23.735
-14.197
-23.563
0.29451
-0.65254
9.3979
-40.948
21.65
45.961
-26.045
-50.298
-3.8933
-17.815
15.45
44.947
45.814
54.158
11.338
-37.473
-29.993
-55.365
-9.3448
-10.145
-64.208
NaN
NaN
NaN
NaN
-18.961
31.877
10.51
-4.8177
35.445
62.719
83.101
78.669
61.507
7.2709
-42.183
-4.7615
28.98
-29.041
12.376
49.988
33.138
41.008
-15.261
40.321
79.358
152.26
151.96
125.25
35.314
-65.43
-82.469
6.1082
41.025
2.3362
-28.219
-148.1
-151.98
-140.48
-202.3
-181.05
-77.43
-39.239
-64.191
-27.82
19.74
6.7042
100.12
77.419
-0.99795
-98.844
1.3459
20.606
34.965
58.547
82.561
79.18
97.946
128.58
102.48
3.5881
-3.1135
-13.935
23.969
-2.7354
14.786
42.933
42.093
19.844
19.596
17.24
11.501
1.5375
-18.363
37.308
48.595
-26.701
-46.296
-109.01
-69.798
-60.2
-53.085
-97.977
-82.091
-102.9
NaN
NaN
NaN
NaN
14.488
-26.286
-51.453
7.6368
29.817
79.562
123.07
93.546
137.92
103.15
124.84
72.441
48.544
14.264
25.919
30.156
-14.404
-38.795
-27.541
19.266
-25.229
-116.38
-42.709
11.639
32.6
-15.082
-71.691
-40.08
8.7434
26.078
14.577
-27.152
-78.399
-45.559
13.132
-19.11
-13.032
7.0085
-49.872
-22.337
43.831
171.99
111.42
28.101
15.273
-52.024
-65.336
-51.102
-58.926
-59.079
-46.162
-23.848
-39.506
-2.5413
76.722
161.25
126.85
47.295
-25.395
-129.59
-76.786
-16.826
4.7753
-15.319
-22.681
-0.10666
NaN
NaN
NaN
NaN
NaN
-28.158
3.9753
-33.157
-14.949
30.831
-3.9135
10.337
23.947
76.04
110.42
