-63.207
-32.485
-23.533
-16.566
-27.258
5.1641
-7.0708
-2.7454
8.1759
14.215
27.711
26.91
43.245
21.021
32.285
2.2619
-6.3149
8.9385
14.048
31.853
16.85
11.672
33.959
41.453
6.4552
15.502
-7.2856
-3.2399
-8.0129
NaN
NaN
NaN
NaN
NaN
-19.201
-21.144
-1.5334
-24.523
-41.162
NaN
NaN
NaN
NaN
NaN
-32.685
-18.784
-23.857
2.6947
-16.087
10.037
29.817
23.792
21.292
31.743
71.317
79.461
56.006
43.844
58.556
16.06
-16.179
-28.408
-13.838
-14.2
-44.282
-37.909
-15.991
-18.813
-5.2327
9.5663
4.772
24.759
-5.0921
3.7644
-17.009
-10.069
-5.2154
11.78
-25.34
-14.24
-4.0045
-11.631
-24.734
11.119
10.999
-0.27449
17.092
8.7523
-11.609
-20.528
-18.193
-50.754
-8.8434
13.226
-4.7941
-34.064
-11.393
23.881
34.085
50.273
8.8308
-7.7741
26.035
27.218
6.8489
-31.239
-8.5841
16.662
28.975
15.662
16.363
26.294
38.567
31.606
37.39
-1.9056
-28.88
-23.579
-14.683
NaN
NaN
NaN
NaN
-61.251
-30.444
-27.485
-37.552
-12.13
23.93
9.8032
-10.792
-2.593
-13.891
-37.113
-32.49
-6.6744
19.661
21.825
19.083
3.3181
2.0052
34.152
12.503
13.253
44.201
15.285
14.728
49.516
18.648
28.794
-17.339
-15.383
-6.9579
4.7799
-7.1537
10.498
1.1759
-7.504
13.688
-2.0941
-14.055
-4.6016
-6.6702
-1.8298
-1.9456
-7.7152
-21.229
-41.402
-22.467
-9.4109
-0.69739
3.2738
-24.505
-8.5975
-14.91
-26.628
-37.179
-6.7736
23.623
16.551
22.165
29.51
30.564
9.4503
-3.7674
11.76
16.049
-14.63
-17.895
20.757
-30.76
-3.0634
3.7555
6.0573
35.454
14.007
-5.3658
18.318
38.236
14.179
30.238
NaN
NaN
NaN
NaN
-21.491
-4.523
0.056151
-42.367
-39.537
-28.618
-27.191
-21.141
2.6968
-3.6581
8.5867
-28.653
-18.025
-26.734
-6.8767
-7.2843
20.085
13.375
9.0142
15.897
20.86
22.326
21.655
11.438
17.636
-5.4816
-4.5823
-5.2085
-5.6556
18.04
-17.167
15.624
-18.706
-9.6973
5.148
-19.21
1.6655
9.8328
13.583
10.039
-5.6621
28.885
20.506
-2.4193
15.975
0.43044
-1.2202
-3.2738
4.62
-4.4183
4.3414
-9.707
13.41
-11.267
-0.23446
-26.122
10.288
-15.595
26.218
-24.044
-22.04
-14.953
