-68.624
-25.126
0.66802
-22.249
-25.364
-64.601
20.801
7.7409
14.125
75.521
131.24
64.919
23.885
7.7965
32.335
-16.649
-24.602
-90.272
-57.719
-1.2444
-23.575
-58.825
-25.878
-25.061
-58.282
-46.747
-31.405
-28.611
-52.6
1.2988
-41.776
-15.688
18.204
56.542
94.027
123.53
100.39
46.448
23.275
64.791
117.8
137.63
76.799
-47.375
-113.63
-66.095
-38.711
-59.315
-52.333
-40.165
-69.72
-33.643
-35.621
-27.957
-26.298
22.487
-32.835
-49.521
-91.508
-66.86
1.5973
15.801
44.4
70.224
92.502
118.4
129.33
-24.467
-48.389
-59.858
-46.654
2.5862
-4.1167
-6.1865
-0.66637
-1.4381
-11.236
58.382
65.696
80.299
88.646
-3.6495
-51.106
-57.651
-59.422
-58.496
-42.446
13.566
23.777
14.4
-18.221
-3.0695
31.794
0.5804
2.9458
27.2
9.7843
-64.094
-49.469
-29.419
-38.311
-33.978
15.469
55.414
76.027
43.621
-17.239
5.9365
-14.086
-51.933
-57.256
-49.656
-115.8
-96.048
31.338
83.917
100.36
128.48
123.61
80.947
14.632
8.5472
18.593
-47.314
-44.788
-37.435
-12.767
-29.876
15.511
18.174
-12.551
-8.1388
-48.405
-18.728
-37.421
-47.622
-6.6109
-10.648
38.234
42.689
10.523
-35.855
10.043
12.261
-11.043
-38.027
-8.0802
-25.149
-28.411
-32.531
-35.813
44.552
83.943
29.186
32.091
47.251
9.5962
-42.89
-85.951
12.78
-7.8586
-14.002
71.545
-7.0053
-31.264
70.136
107.05
117.93
77.191
-6.3024
-78.967
-65.013
-43.776
-15.678
-54.922
13.378
-31.384
-91.654
-107.53
-25.303
-11.483
-50.77
19.008
-14.797
46.856
90.323
45.726
22.539
60.203
75.074
14.999
-4.7528
-42.98
-37.573
-28.968
-34.409
-65.344
10.761
45.776
-18.632
-41.279
43.553
114.02
90.034
37.462
-7.1065
17.094
-18.398
-110.66
-76.901
-81.553
-54.534
4.263
61.154
-19.839
-40.166
7.2014
19.165
72.968
98.382
77.663
87.386
11.779
-47.695
-38.267
-28.58
-33.392
-64.08
-4.1761
-32.064
-106.55
-41.459
24.628
38.928
40.19
-20.641
22.659
39.683
-59.436
-64.634
28.441
60.662
38.829
19.043
-4.4082
23.623
-3.6845
1.4618
34.89
-3.2443
34.147
-4.1151
-17.167
-3.5494
9.1728
