NaN
NaN
NaN
NaN
NaN
NaN
35.873
57.629
104.24
99.272
12.078
-25.309
44.594
31.862
-28.636
-105.04
-113.63
-64.644
-66.873
-45.772
-5.3013
-9.647
-7.1606
6.6573
-19.643
-14.617
3.5296
45.015
89.324
NaN
NaN
NaN
NaN
NaN
-54.152
41.672
0.67123
18.145
-7.3057
5.5515
-27.661
76.801
26.334
-29.122
-53.588
NaN
NaN
NaN
NaN
NaN
54.374
39.374
-24.663
-17.284
93.142
39.164
-19.709
14.159
60.616
88.534
86.252
57.197
6.3829
-84.637
-88.742
-66.745
-74.13
-55.555
17.363
3.4312
-19.409
4.7296
-29.67
-50.546
-49.564
-71.511
-79.45
-10.718
2.9683
22.531
46.692
48.342
41.185
48.804
47.003
39.551
-5.7933
-28.918
-40.308
-9.4645
3.4518
-18.498
-17.056
3.3711
45.453
46.122
4.3731
13.639
-28.338
-28.988
4.4402
77.074
62.127
40.538
77.63
66.691
21.312
-41.713
-86.294
-121.77
-87.159
-16.941
7.8733
60.983
74.371
19.534
-62.39
-77.308
-62.347
-67.459
-48.284
-69.526
-30.807
47.18
84.619
73.743
24.721
4.8263
-15.399
111.87
50.949
76.317
95.044
40.708
-4.6464
-52.573
-121.12
-76.717
-21.356
-43.493
-87.235
-53.671
-43.153
-31.174
-55.604
-19.361
24.356
68.696
89.363
-42.621
106.94
2.547
21.951
95.325
49.716
-27.091
-23.812
-0.031617
14.298
77.224
76.645
19.361
-90.639
-77.72
-12.787
39.064
33.845
40.409
16.376
117.56
71.707
-20.693
-85.091
-110.14
-107.65
-83.421
-80.903
-117.31
-113.33
-47.812
25.785
11.959
2.4576
63.616
13.84
47.384
73.042
43.56
60.338
31.855
-43.276
-33.953
-31.241
-11.391
33.264
21.68
-5.8726
25.908
26.82
29.785
97.261
112.2
110.21
79.038
13.276
-21.826
-74.665
-64.055
-83.198
-96.124
10.762
26.404
47.783
14.924
-8.8256
-83.001
-100.74
-69.17
-65.498
-45.832
-11.075
25.335
-18.069
17.675
7.8123
38.718
-12.574
-32.757
-8.3418
34.956
43.601
49.459
81.042
24.419
-12.932
-8.8326
-25.085
-21.537
12.335
30.626
-3.6277
2.5787
-55.208
-22.789
25.115
49.308
68.799
11.94
7.1871
-0.99614
5.1359
5.52
25.596
11.977
-85.526
-68.096
4.3592
41.705
-43.737
5.2902
36.233
40.067
46.336
64.783
-41.726
-99.105
-95.461
-27.307
42.148
20.164
-105.83
-88.152
67.784
91.551
61.559
14.415
48.577
NaN
NaN
NaN
NaN
12.173
-48.298
-26.493
-54.445
-78.524
-51.192
-9.1018
-2.1808
-18.642
-27.193
14.878
44.779
