-49.201
0.17415
0.87698
-55.368
-59.286
-65.715
-1.4364
-66.999
70.035
83.881
113.41
95.767
140.99
129.71
46.748
-47.857
-124.52
-31.281
10.717
27.432
-27.386
-48.354
-18.974
51.409
68.131
-17.281
-77.702
-35.615
-17.612
NaN
NaN
NaN
NaN
NaN
-61.928
4.0796
23.371
8.7273
-14.109
NaN
NaN
NaN
NaN
NaN
27.32
-54.157
-85.777
-32.913
-10.375
54.831
97.765
73.598
-29.706
-45.106
57.711
82.094
83.857
30.188
146.5
25.497
27.594
-15.259
-58.928
-95.951
-124.38
-81.978
-19.595
36.846
47.754
24.527
35.012
20.831
-25.524
-27.099
-6.2396
-17.569
-14.952
-33.804
-28.091
-20.171
-11.767
-0.34775
5.514
-46.782
-0.71173
10.52
5.0615
-30.911
-2.8069
33.8
-10.271
-22.233
12.662
87.724
46.793
-11.18
-27.223
30.133
36.939
79.111
-49.427
0.8946
13.722
56.586
20.271
-27.323
-24.927
-56.704
30.257
-36.861
-37.246
-3.6871
-2.8267
58.287
44.907
59.165
1.1829
-42.751
-21.85
NaN
NaN
NaN
NaN
-103.77
-55.395
-8.1341
0.10947
13.834
25.829
-20.287
-44.47
-6.6427
-1.482
-5.5495
3.7024
30.97
32.111
7.3611
7.6349
44.537
16.782
17.059
105.06
24.45
26.239
-1.3223
49.208
60.748
26.953
-14.183
-35.17
10.344
-19.283
-29.455
-29.725
-13.365
-50.295
-129
-70.872
-9.0758
17.953
44.167
19.56
4.1368
-46.012
3.0404
-29.791
-46.582
-28.535
9.4667
104.19
27.519
-13.125
-17.877
13.977
-29.564
-7.385
24.643
71.527
66.544
45.306
33.908
48.382
-41.176
-17.143
-24.911
-6.8668
-50.161
-39.026
-58.527
-69.215
-23.709
30.419
114.14
53.599
45.55
-55.491
-43.087
-19.525
-57.187
44.949
NaN
NaN
NaN
NaN
33.216
31.795
-5.194
2.4851
29.102
-50.292
-82.514
-54.281
-47.161
-56.868
19.309
-13.949
-14.71
-18.453
10.751
-25.092
12.825
14.372
52.439
66.582
56.577
68.605
60.724
53.306
-2.5764
-66.336
-21.207
-44.161
-47.987
-30.646
-11.115
-15.648
14.466
18.643
32.224
-102.68
-22.215
-19.177
23.666
-44.106
17.497
50.805
48.509
57.118
34.684
18.156
16.893
-24.698
21.103
34.076
4.0436
16.688
7.393
-45.387
-18.75
-21.995
-45.827
-28.625
-25.535
-30.386
-38.287
13.84
