-71.903
-71.375
4.4998
67.963
81.771
104.52
102.55
35.11
8.0476
11.428
18.715
-24.613
-29.059
-65.284
-56.959
8.6523
-7.34
41.561
91.882
99.571
64.522
32.956
3.0789
-8.7063
-14.929
44.473
-6.9395
-14.675
11.344
NaN
NaN
NaN
NaN
NaN
-8.7766
10.195
-51.121
-18.805
-50.859
NaN
NaN
NaN
NaN
NaN
66.512
18.199
-51.872
35.737
50.954
85.681
121.36
55.907
116.32
64.551
40.62
5.7468
17.534
21.179
53.378
30.948
-47.839
-97.071
-22.102
10.316
-31.31
-18.603
-65.645
-18.799
4.7875
-1.5485
37.477
-45.675
-91.58
-40.291
-60.343
-18.786
-14.154
37.908
49.691
57.095
9.4728
5.9774
29.449
3.6554
34.291
41.829
94.824
-8.3453
-14.5
-44.777
-36.343
-88.991
-49.469
-29.924
-34.495
-6.4767
-52.624
39.051
-63.969
-45.887
18.008
13.63
83.805
49.384
66.433
13.446
63.312
23.765
-3.8955
23.58
36.111
119.77
95.479
75.768
70.731
-6.0484
-44.326
-80.401
-93.676
NaN
NaN
NaN
NaN
-81.817
3.6771
10.862
-31.024
79.028
6.9801
7.2959
8.4174
-0.4642
50.505
-8.2016
-73.234
-34.266
34.935
128.67
86.492
97.776
-5.0724
9.4457
-38.923
-100.85
-19.809
37.81
-79.943
-17.511
17.513
0.10421
18.323
12.379
32.57
33.935
45.007
5.6478
27.512
87.908
69.347
11.978
-18.663
-71.194
10.818
11.571
-48.102
-37.648
-54.497
-32.526
0.37383
-15.738
-17.494
16.7
-18.17
-13.033
-44.66
-26.768
-117.23
-9.4777
-54.741
-41.462
1.789
-1.0907
-21.039
-16.917
73.181
61.04
29.463
117.27
125.38
28.734
13.822
64.722
-33.236
-8.2619
85.57
41.975
-100.49
-20.619
-43.068
52.162
47.545
NaN
NaN
NaN
NaN
-44.15
10.744
-21.07
-77.43
-105.9
-90.773
-59.227
-7.4678
48.485
1.4323
35.432
18.704
13.608
34.98
-30.995
-12.263
20.122
-18.252
-24.065
-7.4569
-16.406
-65.169
-31.02
-16.479
15.472
14.297
57.865
31.589
52.546
43.891
55.173
78.956
15.617
55.565
24.179
21.544
25.578
-37.222
-26.244
-12.229
3.4437
-14.991
-25.943
-45.697
-13.142
-22.375
22.332
18.235
3.2904
-38.667
-54.774
-13.715
-16.078
-0.46863
-18.751
-35.019
-36.642
-7.1972
23.716
-0.1164
-65.018
-41.765
