-22.266
23.212
27.809
38.73
42.346
39.191
19.159
-25.275
6.5657
-14.96
15.621
-13.8
19.843
-6.5198
-15.546
-2.1559
-8.5347
-31.146
22.913
-6.2321
-31.6
-38.572
3.6909
-39.186
-59.041
-1.6965
10.256
11.926
-5.3652
4.6802
-31.051
-17.007
15.481
48.007
61.847
34.56
6.2336
0.17758
-21.966
-8.503
52.485
30.563
28.816
11.237
-12.32
-36.13
-39.216
-14.286
-14.584
3.7207
-26.203
2.4699
32.241
10.985
-5.6807
17.131
-12.135
-3.2501
-3.2833
-1.977
-2.0185
7.3381
13.754
-5.3721
2.5061
-23.407
-24.241
-35.159
-52.834
-27.119
-13.674
-8.9853
5.6697
9.9571
46.457
35.567
54.331
38.381
25.658
25.773
2.304
-13.55
-21.372
-15.501
-4.1384
3.6609
20.844
20.425
31.576
13.047
-44.459
-46.968
-1.6904
5.2397
-5.0732
-23.082
-9.162
-36.436
5.979
-24.433
-43.357
-40.765
-23.184
20.816
17.223
3.8522
29.609
91.299
59.905
10.08
-8.3734
-6.9283
-26.731
-34.499
-25.681
-7.2095
3.6998
19.999
49.178
51.562
18.391
-25.132
33.911
1.7175
-28.827
-12.007
-38.567
-38.651
-3.4197
3.3647
7.0261
-19.522
-35.522
-23.132
-11.801
-21.247
-11.031
24.529
22.055
12.282
18.853
19.102
18.13
23.033
17.698
-5.538
22.99
-11.22
-10.698
-34.833
-15.423
-5.6434
16.658
23.401
15.326
-17.78
-5.3377
-20.94
-10.034
38.057
62.898
33.904
13.348
-4.8752
-55.773
-23.916
9.7752
29.458
-13.725
-87.22
-49.814
-36.917
-39.209
7.3167
-5.7121
-13.485
-0.98775
16.577
8.7345
-5.8576
15.165
99.725
72.906
3.5126
29.354
24.748
1.8894
7.1092
22.007
7.1887
-7.2768
-48.781
-5.949
-1.7303
-29.266
-1.29
-4.6575
-15.899
-19.518
-3.6963
-5.1412
13.453
15.015
-15.628
-36.174
-50.468
-53.645
-45.286
1.5417
15.312
8.8779
-11.87
13.704
18.791
26.162
57.551
36.186
45.976
54.833
33.705
14.273
9.6774
-32.725
-23.405
-29.804
-7.2457
-6.8047
1.283
-19.339
-3.3483
-9.2265
-24.559
17.994
0.86258
21.601
-21.769
1.6657
-3.2227
-27.3
-31.794
-21.36
11.507
30.874
-5.1674
-2.8852
12.056
-4.6585
-10.464
8.5117
-26.999
-53.493
-32.418
17.705
46.947
17.157
