-20.515
7.5937
30.806
19.963
26.8
28.097
52.752
-5.7868
-9.6864
12.83
24.651
-11.694
10.515
25.619
-37.242
-37.943
-5.2503
35.402
32.781
37.098
11.422
-12.407
21.478
9.5816
-16.948
-39.605
-63.355
-56.267
-27.637
NaN
NaN
NaN
NaN
NaN
29.717
30.881
-11.38
27.151
36.639
NaN
NaN
NaN
NaN
NaN
21.388
-28.553
-34.738
45.639
36.76
106.31
122.24
88.974
74.795
58.733
20.887
-38.314
-33.325
-23.774
4.4484
-13.978
-29.327
8.6888
-31.952
-17.203
-42.051
-25.312
-30.071
-42.496
-2.6594
-5.2368
19.729
-38.976
-11.934
-10.321
-30.902
-45.09
-2.7479
-9.9804
-5.8337
33.71
53.972
-24.23
-16.968
26.153
42.108
19.005
35.798
24.513
18.101
-24.603
-6.2354
-27.403
-8.482
-0.26154
-38.692
-11.879
-32.601
42.024
54.864
23.964
3.9462
40.447
54.231
31.801
30.476
-19.02
8.0208
-13.338
28.87
-12.812
-27.896
-16.743
-3.3764
-3.4836
8.9093
-15.996
14.14
-17.041
-123.46
NaN
NaN
NaN
NaN
-67.578
-26.916
-19.078
32.819
30.256
71.609
60.705
45.754
50.958
12.793
10.499
-13.323
-3.2772
51.482
21.825
74.211
55.05
2.7881
9.4191
-4.28
-16.198
26.055
17.621
-32.999
16.961
14.355
-43.721
-26.557
-46.252
-11.875
-0.72771
-29.921
-6.8067
-0.27532
-4.7135
-4.474
-16.099
-26.888
-33.28
-29.378
13.528
-30.652
-45.387
-45.264
-29.878
18.392
18.544
23.327
64.255
30.532
21.225
-13.495
-44.961
11.757
59.425
21.247
32.47
28.411
41.537
23.775
11.431
-2.3426
42.077
16.386
-13.74
-30.665
-71.505
-13.816
-32.066
12.292
17.179
39.966
38.824
28.419
33.568
-75.562
-61.994
-38.427
NaN
NaN
NaN
NaN
-1.7478
6.3361
9.812
26.079
22.712
-19.282
-70.82
-16.047
26.972
-31.576
18.975
28.641
-9.2869
-0.36378
14.985
15.819
18.581
19.589
26.699
56.665
37.388
31.863
22.429
12.901
-30.801
2.527
6.2304
-14.612
-92.398
-54.834
-27.733
22.002
40.731
-4.4905
20.58
3.4635
55.51
53.174
55.191
-23.566
-54.803
-76.828
-39.283
-30.694
-23.583
16.613
-6.1805
-18.49
15.079
-20.95
5.365
-3.8467
38.099
-15.658
-18.576
3.9764
-0.60811
1.5751
38.149
-6.1862
-33.563
-21.829
