-117.24
-39.611
-0.51671
-25.085
-24.532
12.634
64.823
-19.58
-15.607
43.55
59.486
68.438
61.354
20.618
-41.629
-84.015
-35.728
7.6207
38.109
82.403
53.744
7.6433
58.059
87.195
3.9896
-7.8298
-28.175
-30.364
31.005
NaN
NaN
NaN
NaN
NaN
32.592
18.454
-10.382
-44.597
-45.387
NaN
NaN
NaN
NaN
NaN
-18.478
-23.324
-59.892
-49.824
-13.272
9.2041
98.395
107.8
120.42
80.083
169.93
161.88
172.44
130.21
150.21
74.072
7.0755
-58.187
-156.71
-185.31
-132.86
-167.54
-125.93
-60.73
11.444
31.225
57.412
-37.061
-56.793
-73.877
-32.702
4.2819
77.048
105.08
74.467
41.439
-16.842
-21.33
21.202
41.485
57.231
61.943
63.725
40.71
31.348
-33.135
-79.828
-143.87
-88.352
-27.792
-45.406
-68.388
-91.019
76.845
61.645
-12.076
-8.1397
6.2569
24.19
44.944
56.935
9.7069
54.845
62.36
48.472
-82.063
-57.059
0.76256
36.369
75.508
34.003
6.9285
-38.091
-20.156
-80.987
NaN
NaN
NaN
NaN
49.431
-17.42
-59.157
-66.216
0.67982
63.959
64.714
20.631
-5.3161
-51.121
30.408
-48.116
-63.21
5.5693
36.399
74.43
7.8154
-46.759
-22.379
-37.076
-57.417
22.198
69.832
24.903
17.448
-7.9352
-101.64
-8.0134
38.127
-37.959
-48.743
-12.355
22.946
32.468
51.07
65.981
46.03
34.317
16.961
53.004
56.95
41.01
14.191
-42.106
-104.84
-75.427
-6.201
58.746
60.593
37.183
5.716
-77.036
-110.66
-91.487
-89.701
-29.681
-7.1892
1.7055
30.373
-2.889
-19.506
26.611
82.078
35.908
1.8707
3.3745
-15.597
13.851
6.4979
-26.936
-54.857
-6.0189
35.876
58.124
92.156
-48.157
57.141
85.092
NaN
NaN
NaN
NaN
61.837
-5.3754
-26.411
92.402
106.58
-37.207
-51.379
-59.367
-29.693
4.0961
5.5239
-2.7614
22.653
-12.061
-60.55
-41.329
-27.936
-9.2534
21.492
46.597
13.744
-15.622
-41.564
-44.542
-37.109
3.6067
-7.5305
25.727
-69.136
-36.29
-12.658
13.874
69.484
42.954
31.292
6.6904
79.757
85.555
69.188
-35.406
-50.989
-75.308
-48.568
42.597
-4.8139
45.966
57.938
68.104
88.303
37.883
12.971
-36.953
-63.712
-57.334
-69.621
-22.371
12.866
23.179
-5.1733
-27.569
-85.096
-45.183
