-78.123
-11.44
-27.672
-41.661
-73.342
-73.206
-53.92
-44.34
-41.348
67.61
2.4116
-27.932
31.975
62.36
6.688
28.042
29.146
37.504
15.973
20.702
-11.013
-19.961
-4.1288
40.055
2.18
-10.305
-30.92
-5.7931
-8.343
-2.8412
8.897
-0.23749
34.993
11.475
-6.3708
-3.8851
-8.8135
4.0113
-6.5128
11.906
-7.2555
57.756
56.008
60.51
15.885
10.657
-6.0532
-9.5993
-1.0148
-13.497
-20.033
-45.013
-151.03
-38.731
-14.67
-31.657
-47.421
-12.956
-40.937
12.75
-65.77
-96.554
-76.463
4.6997
NaN
NaN
NaN
NaN
59.505
54.653
91.121
84.174
104.85
44.418
17.667
46.478
94.139
71.206
2.0291
-34.381
-36.726
-37.895
-43.744
-26.806
-49.948
-17.616
-46.607
-30.395
-39.986
-92.579
-34.529
-62.721
-26.833
-20.253
15.469
-28.194
-36.334
-22.276
-4.086
-20.704
-27.728
9.1344
49.975
100.18
37.756
-10.667
42.991
98.512
63.791
-15.184
-15.251
-16.283
-15.375
0.10104
35.525
44.065
40.448
48.345
-3.3901
-21.771
-9.7084
NaN
NaN
NaN
NaN
-38.559
-39.845
11.237
-15.581
35.113
-10.622
2.4016
-29.986
13.755
7.8137
60.367
23.297
48.683
-17.347
-14.503
37.443
-5.3164
-46.61
-64.713
-31.552
-35.595
-77.587
-22.596
-32.744
-14.009
10.724
-19.407
-5.899
22.527
80.333
77.19
34.985
14.368
30.841
38.752
86.464
67.26
79.384
67.116
-15.349
-81.858
-50.468
-69.155
-63.605
-91.012
-92.76
-72.479
-27.725
11.97
26.448
27.473
-3.6821
-2.3276
26.011
46.125
59.562
36.88
10.481
-22.262
15.441
25.985
28.415
7.8191
-12.178
-26.894
8.2629
14.915
26.592
22.246
-49.528
58.99
-33.335
-86.879
-69.447
-15.414
7.3617
-46.215
-13.096
-1.9428
41.522
NaN
NaN
NaN
NaN
-53.868
-7.0797
41.003
21.625
-3.5187
43.715
77.035
56.549
42.66
40.211
-33.254
-31.033
-1.588
17.272
-1.7002
42.454
-29.31
-40.284
-45.625
-9.0827
-15.625
27.435
-6.507
17.103
-20.286
3.4716
-17.986
22.506
-25.72
-30.099
-21.689
-27.842
27.98
73.598
73.078
10.971
-47.312
-44.788
-59.435
-15.437
2.3583
31.249
-60.348
-45.278
53.108
17.094
44.777
64.025
57.21
-16.055
-86.342
-27.797
-6.8146
-12.068
-35.85
8.4107
61.144
38.205
54.646
-23.093
-52.937
-26.391
-34.302
-16.573
17.704
46.839
NaN
NaN
NaN
NaN
NaN
9.617
20.309
11.118
30.669
-26.304
8.7056
8.5609
43.451
17.462
39.056
