-5.9331
-43.809
-10.446
-23.971
-22.602
-7.6418
0.90197
-28.586
8.7882
33.754
36.201
13.191
26.279
-15.992
11.533
39.575
22.558
10.677
-7.5404
-5.4445
-90.76
17.445
5.9525
-54.393
-13.225
NaN
NaN
NaN
NaN
-14.954
-33.637
20.925
26.625
-61.858
-50.336
-21.126
17.431
13.802
11.777
4.7961
-10.34
28.211
-18.999
-13.327
13.95
34.598
41.138
27.299
6.4973
2.3429
3.7736
-8.2892
0.96834
17.056
-33.864
8.7282
-15.111
-12.16
10.096
-18.017
-19.218
-28.193
-4.3981
-63.728
20.462
13.966
2.803
25.509
-13.771
-24.933
29.477
54.338
-5.6889
-25.761
13.669
0.76889
-0.91668
-3.6731
28.544
29.447
0.17864
19.161
-48.09
25.283
-27.149
-14.204
2.667
24.063
17.09
-44.908
21.145
-23.145
11.184
23.684
-23.709
-34.503
-22.52
0.46103
-5.4679
-14.566
30.988
15.397
30.208
17.802
0.48931
-4.5786
-27.621
-31.966
20.888
3.7067
-9.3037
-0.64289
9.3471
36.829
-5.9141
-20.712
-21
13.581
22.867
-15.631
-19.084
18.717
-9.7871
4.9284
54.316
-5.9151
-44.353
-24.068
3.5048
NaN
NaN
NaN
NaN
26.674
37.244
26.469
-2.1589
-11.556
-26.317
9.8689
-10.055
-32.868
-24.467
-28
-37.929
10.008
7.2495
-9.8408
-5.7965
15.27
24.391
20.389
-56.683
12.587
21.096
33.695
21.769
7.2886
-4.2983
66.36
3.3673
18.186
-33.781
40.042
31.84
-14.922
-28.603
-50.271
-27.43
9.7643
-45.796
-31.574
-22.909
14.212
22.564
-28.807
9.9823
6.3046
6.9699
-24.87
-19.3
-0.28742
2.716
-13.932
36.894
81.593
57.731
67.885
-22.219
-42.37
-52.159
-31.471
NaN
NaN
NaN
NaN
-1.1972
-37.007
16.364
-15.471
19.891
20.393
20.808
-31.156
-24.13
-25.219
30.42
-18.043
-14.384
34.36
-2.8122
-29.442
-6.1002
12.34
20.847
13.682
-18.033
0.42831
30.01
43.107
-3.3629
-35.636
-9.2941
2.3606
15.187
40.863
-42.811
-40.446
-26.804
-2.5799
-18.911
-30.664
24.745
8.6865
-9.8035
43.833
22.006
9.4009
9.4291
10.639
21.976
-8.1101
-15.621
20.692
3.3933
11.051
-1.6149
-25.145
-26.384
-36.847
10.864
-0.41394
21.294
27.36
12.283
