-42.856
-33.666
-47.195
-10.431
-37.499
-9.8005
-15.989
-37.197
-38.664
-28.433
-31.216
-43.362
-77.588
-31.174
-28.767
-45.7
-27.958
-23.347
2.9181
13.348
33.656
29.015
16.574
2.1212
-46.443
-48.63
-17.703
20.646
64.374
34.537
40.215
45.531
35.907
40.362
24.184
14.623
30.025
34.101
14.245
-8.1467
79.093
31.877
7.7868
27.41
47.321
29.304
-40.731
-40.63
-24.824
-64.006
-35.903
-12.234
-32.001
-24.992
-53.221
-54.772
-68.591
-41.03
-20.21
3.0856
18.031
12.543
-1.2998
-15.292
-6.2766
22.2
-51.361
-47.71
-28.931
-12.296
-9.3639
20.468
51.225
28.62
32.142
31.01
41.198
3.816
25.871
57.537
50.312
48.172
19.176
48.899
57.395
4.9303
29.164
15.663
50.698
30.374
-37.103
-23.813
-30.331
-47.151
-53.64
-78.38
-65.49
-6.11
22.901
-8.5202
-5.7068
-10.078
-18.339
-71.998
-31.336
2.1157
-14.973
-68.755
-84.05
-82.49
-43.969
-34.7
-4.9022
57.927
59.494
36.36
65.928
74.91
56.302
35.493
26.364
49.875
29.621
3.597
20.076
45.557
50.128
31.666
18.105
22.93
-16.013
4.61
-3.2197
9.9748
26.395
25.635
15.648
-44.174
-56.499
-4.7117
-3.1539
-77.48
-61.994
-62.546
-31.382
-42.127
-48.875
-29.167
-45.18
-31.926
0.68515
-2.8328
-23.557
-56.079
-62.238
-3.9767
42.042
6.2487
9.9381
49.284
75.207
83.977
69.439
-5.3754
38.882
10.711
22.655
32.52
73.714
74.338
57.348
19.475
-22.291
NaN
NaN
NaN
NaN
27.248
10.214
-39.562
-74.308
-59.939
-55.769
-30.601
-39.729
-53.652
-22.974
-17.159
1.9499
-0.90989
-63.692
-10.58
19.792
70.282
53.07
65.019
6.7703
-85.818
-61.205
-62.123
-50.56
-0.12055
14.247
9.2596
9.4772
-1.5638
4.1119
13.942
25.476
40.781
35.674
56.722
62.837
42.392
29.746
29.377
28.074
15.135
32.113
53.515
10.048
-45.826
-110.46
-35.045
-29.423
9.2181
6.0361
0.87361
-12.753
-23.633
-2.2134
12.188
2.7493
-14.226
-33.26
-21.268
5.8508
6.5726
3.356
12.481
-39.231
-57.659
-38.453
-30.638
-16.003
-9.0709
-36.772
-32.988
-49.054
-18.564
-13.317
16.474
37.967
56.742
44.545
42.493
23.926
46.462
62.995
60.218
67.895
39.213
21.319
26.804
29.326
37.912
19.472
44.884
