NaN
NaN
NaN
NaN
NaN
NaN
-38.997
-0.83149
6.8729
27.36
38.114
37.398
25.098
7.5491
18.621
19.356
31.213
24.707
15.018
28.012
27.058
-5.8026
-22.965
-30.697
-35.218
-21.474
-20.522
-49.396
-31.612
-11.897
6.7961
-11.314
2.7011
6.7179
-17.292
-13.096
-0.44316
-5.3241
-6.9798
6.35
20.861
-3.0889
-14.755
-16.802
-12.853
-14.953
-19.643
-6.1205
23.058
52.839
25.111
11.893
32.751
26.886
11.986
3.7311
-10.774
-5.3436
-11.534
0.96641
21.504
32.872
11.228
7.8851
16.238
20.567
19.515
39.091
19.547
-16.308
-66.216
-53.743
-26.044
-38.26
-29.036
-11.411
-8.3375
-35.53
-1.081
-0.33427
-3.1226
-43.682
-13.087
-1.9989
-9.5828
-16.996
-6.3914
14.264
29.756
33.561
29.173
52.819
43.452
-18.776
-29.647
5.4252
6.0311
-0.27787
29.968
37.582
54.589
14.964
-10.908
-10.634
-0.77733
-14.924
-47.653
-32.693
-2.7645
40.076
31.419
-1.0749
-7.884
-31.593
-48.58
-34.742
-10.437
-11.202
13.626
30.639
17.55
9.6714
11.301
-11.171
-17.619
-5.2599
-7.7039
-9.1587
-11.486
-7.6091
0.96194
-10.616
-20.658
-0.081175
19.257
-0.588
1.9896
-1.0684
2.9671
27.428
31.116
16.5
15.001
33.095
25.534
7.3116
-1.504
-28.932
-42.395
-28.705
0.13184
-9.0708
4.6915
30.336
34.065
2.9782
-3.1321
-8.5674
-13.592
-27.473
-28.519
-17.793
-13.8
-40.676
-12.133
15.284
34.969
6.3897
-9.7675
14.5
22.899
33.351
29.413
35.631
3.5006
-2.0812
-6.2625
-17.744
-27.577
-9.5051
0.91374
-6.5845
4.0081
1.1999
5.9198
-4.4969
-4.9699
14.918
-2.2989
-14.487
-12.595
-22.879
-50.093
-14.993
12.261
7.1252
3.098
6.0788
29.936
9.3969
-9.0466
-27.443
-15.637
3.3775
23.001
43.026
2.581
-11.034
20.441
19.905
18.329
1.717
27.105
22.908
-8.0357
-28.864
-17.486
-19.064
-10.316
13.338
27.792
13.956
-6.9143
-25.419
-17.665
NaN
NaN
NaN
NaN
NaN
12.399
-9.8964
-25.497
7.2691
1.7703
-4.0508
-23.977
4.9939
-3.4828
9.4206
1.2843
-25.977
-15.914
12.794
-11.28
-28.607
-16.526
-12.664
8.1388
-6.7084
-0.094593
13.13
40.736
35.938
23.975
42.222
36.193
49.915
34.984
28.697
40.219
-2.4722
-52.83
-42.33
-46.286
-26.442
-21.026
-21.061
5.8962
-8.8831
-25.419
-10.661
-3.9633
-11.679
-6.7702
-14.034
-17.7
-1.6453
9.5497
7.3231
12.94
3.142
21.392
1.5147
21.136
11.271
3.2385
24.373
1.3201
-28.364
-22.957
-8.5571
0.037724
