-29.188
-14.606
55.74
33.879
13.977
12.091
12.342
42.178
52.299
9.8572
-34.757
-15.067
-34.112
5.7334
1.6131
-16.319
-25.804
-12.176
-2.403
2.7969
26.949
9.517
-10.104
34.459
-1.9354
NaN
NaN
NaN
NaN
-1.0171
15.243
18.614
34.008
51.029
8.5619
-13.229
-9.5104
-14.136
1.8767
-7.2814
-12.087
-42.607
-17.731
-8.2593
19.2
-49.549
-46.138
-31.007
25.605
28.724
44.618
23.671
37.749
20.805
25.844
-2.3381
-14.347
-0.089464
-3.0613
-28.191
-14.926
9.4993
1.9118
-41.212
-33.762
-8.484
11.178
25.714
44.078
35.808
11.773
31.054
10.982
-6.7089
13.445
-19.962
-24.744
-31.393
-47.101
-22.384
6.7319
-3.1885
-0.54108
5.2338
-23.073
-32.718
8.7217
30.538
28.511
15.659
17.774
-22.656
-24.716
-13.048
-2.3543
16.706
33.73
21.7
0.38694
-12.093
1.3405
30.327
29.604
-27.673
-27.572
-3.9226
17.21
-15.628
-32.844
-8.4121
4.1546
10.442
-5.842
2.3214
-5.2487
-11.222
-1.0151
33.805
41.765
33.774
-9.219
-24.98
27.331
26.752
4.4231
-28.212
-29.579
-31.351
-12.526
NaN
NaN
NaN
NaN
-4.6093
8.4544
-17.971
-8.572
21.284
4.5559
-25.533
-7.1229
1.6221
-1.609
25.343
34.796
45.107
58.172
69.398
42.487
-24.221
-55.733
-18.006
27.524
-15.196
-1.055
-5.0769
5.4475
12.696
-30.176
-32.704
-28.916
-49.662
-34.666
-14.993
-14.586
-22.467
-6.1801
38.178
39.469
23.617
20.74
18.451
-4.8658
16.85
-15.244
-25.746
0.037574
-34.773
-9.3481
26.023
47.157
28.878
-17.756
-47.409
-20.585
23.065
48.111
35.754
14.22
6.7723
23.146
7.7888
NaN
NaN
NaN
NaN
-15.321
28.479
-0.99139
-0.18619
4.1186
37.49
-8.6441
-39.817
-40.979
-17.945
8.7492
31.001
42.866
22.68
-17.82
-4.4524
19.127
7.8144
3.3863
14.441
-31.056
-63.37
-56.944
-38.527
13.477
38.616
16.993
4.6755
-2.9238
2.109
31.222
47.44
44.093
14.002
-7.1352
-6.1357
-11.318
3.7461
4.6209
2.1496
0.81487
-20.089
-2.9967
-13.991
-23.367
2.7391
0.96963
2.1667
22.951
7.2139
-17.04
-28.882
-15.982
0.63389
-23.696
3.8174
5.0963
-12.316
-35.615
