NaN
NaN
NaN
NaN
NaN
NaN
0.65195
3.8359
-11.059
-13.939
-23.635
-19.922
-9.7557
4.8329
-15.446
-14.728
-7.2845
-30.467
-32.852
-10.336
-5.2583
12.895
-3.7131
-12.73
-15.11
-10.976
9.0144
12.84
13.043
9.2477
13.946
22.799
0.27773
6.3569
20.446
4.5064
6.2204
16.09
13.13
8.5089
15.505
21.368
5.4394
14.826
1.7409
12.753
22.174
4.4314
-16.558
-19.183
-7.083
5.3325
-4.1148
-10.251
-6.8257
13.834
16.081
-3.3871
-2.3685
-2.8006
-36.296
-36.601
-17.242
-9.9723
-10.204
-10.628
-28.407
-22.064
-43.638
-6.7655
2.2766
-11.515
7.8235
14.508
8.3545
0.071584
5.3997
25.327
19.592
-10.735
-9.8008
8.1817
25.294
27.661
33.618
31.679
17.71
6.7215
5.9062
9.963
-4.5192
7.0046
6.8691
-4.4515
7.4613
13.7
2.952
-6.2593
-5.061
-15.002
-9.3116
-11.148
-8.4685
6.4966
-8.4099
-7.8012
0.25741
-12.263
-19.392
-12.127
-17.651
-30.703
-4.7477
-12.077
6.4173
-6.0495
-0.93391
2.9769
6.4368
-15.549
-4.5585
-14.441
-9.2391
-1.5392
13.721
20.621
20.013
1.9318
-13.962
-0.99747
8.3574
7.8744
10.669
18.035
2.6011
10.208
21.549
16.787
12.373
3.7765
3.9039
1.657
7.2731
-10.959
-7.5597
19.092
17.871
-0.71541
-2.0002
10.134
4.5153
0.50057
-9.0308
-12.723
-14.045
-14.853
-7.5052
3.376
-5.4145
-10.566
-4.1506
-12.654
-25.867
-14.788
1.7641
-7.4819
-30.71
-16.79
-26.18
-21.168
-6.1325
9.2198
-10.849
16.627
13.459
11.967
2.2543
13.829
20.373
10.127
6.6471
19.009
12.941
6.3182
26.905
11.645
16.866
18.041
8.3927
19.832
-1.6217
-12.012
5.2677
4.2071
-6.3198
-7.1723
6.0892
-8.5879
6.8907
9.8086
-7.5873
-13.711
7.6664
-3.4163
-11.619
-12.092
-2.7677
-15.255
-22.727
-27.152
-11.21
-9.0484
-12.229
-36.292
-26.046
-7.5952
9.2959
6.0686
-2.7016
-3.921
-8.0141
3.922
45.661
14.643
-16.149
NaN
NaN
NaN
NaN
NaN
7.9058
-15.459
-13.64
7.1716
21.701
1.7388
-3.9859
19.837
34.92
-6.504
-6.2266
5.2078
14.6
12.022
2.337
12.579
11.578
-0.2721
-0.65591
4.7514
7.7485
16.565
0.68149
-29.901
-34.961
-11.91
-31.145
-36.814
-31.937
-26.425
-17.828
-9.5043
-0.45596
3.9602
-1.7494
8.6925
6.2648
-10.634
-30.154
-7.6767
0.44503
15.201
16.727
-1.4159
13.288
22.714
16.951
1.74
-0.77269
11.731
25.323
26.44
4.6138
4.3477
9.2125
8.4928
12.93
10.244
4.1054
11.711
31.084
3.6516
-16.27
