36.026
23.659
-18.036
-1.0384
-5.3709
-3.855
1.0404
-17.426
-25.408
-8.5407
2.106
-4.4329
-17.412
-20.315
9.5769
35.02
57.585
56.062
20.363
-7.4954
16.262
4.7974
13.193
-12.52
8.0689
NaN
NaN
NaN
NaN
7.393
-26.993
-29.559
-4.0341
-11.599
-5.7755
22.898
39.74
21.297
-12.459
-9.5923
0.86962
12.748
27.873
-21.106
5.7423
10.662
44.866
22.534
-16.362
-37.048
-21.998
-13.798
-33.557
-50.507
-24.404
19.096
33.443
0.77125
13.236
23.541
-11.644
-31.105
-7.8499
16.827
21.125
30.942
27.932
4.8901
-9.2537
-3.2864
7.6152
-17.22
16.946
20.255
-20.956
-29.079
-10.603
12.607
27.031
32.81
-2.6272
-10.311
-4.1765
-8.2279
12.638
-16.16
-42.695
-20.398
1.9194
-4.3292
-35.802
-9.9188
8.0843
18.583
19.792
5.0508
-13.403
-13.528
20.619
-7.0474
5.5389
-21.746
-19.081
2.4549
42.079
12.243
1.4049
31.394
41.295
33.75
-0.84873
-33.956
-15.322
7.9568
18.988
48.325
-8.2606
-35.788
-24.19
-22.608
-39.518
-22.417
-17.733
-20.672
-3.3667
27.845
35.794
0.33257
-17.823
NaN
NaN
NaN
NaN
-4.6992
-5.696
23.549
30.301
23.214
48.757
37.971
5.9542
-20.911
7.4343
2.4327
-13.182
-16.571
-18.571
-42.995
-47.247
-11.336
7.7702
-14.605
-14.595
8.0029
27.884
14.643
-9.6326
-20.914
23.46
33.863
25.484
18.117
37.653
6.515
3.7049
12.972
7.5558
-20.274
-22.868
-10.838
-30.506
-11.136
-21.184
-21.874
5.0603
14.26
4.6503
9.7341
5.6539
-41.787
-22.172
1.2436
29.568
0.69649
0.64659
-5.7742
-17.002
-1.062
8.0051
9.8697
-0.61356
-6.156
NaN
NaN
NaN
NaN
-15.082
3.8128
-19.026
3.9708
-10.697
1.0139
3.3158
10.066
18.003
3.0006
3.8719
-6.0331
-1.6658
19.39
13.711
-0.89209
-33.223
-13.861
-19.175
-36.339
5.3062
9.0708
12.165
4.1401
-42.646
-74.305
-22.635
3.2435
24.68
23.403
13.449
30.775
23.306
-2.0444
16.233
39.777
20.5
8.9831
13.201
0.41985
2.9276
-5.507
-35.213
-33.12
-37.141
-16.329
-2.6268
23.887
19.141
43.898
38.319
16.338
-25.262
0.82022
-1.9738
-28.321
-48.061
-36.356
-1.596
