-43.853
-3.7893
12.716
3.2323
-5.7058
25.799
6.2564
-4.5222
3.5083
-12.784
-28.816
-11.297
14.109
4.3635
-39.001
-40.249
-44.658
-32.711
-27.164
-23.716
-27.168
-32.493
-20.562
-0.97285
3.1552
28.958
28.956
39.411
38.219
35.08
22.566
8.7542
28.445
31.16
10.78
-11.073
41.235
28.049
-18.439
-3.3588
17.837
-7.3433
1.1742
-6.1403
-23.117
-23.717
-13.423
-2.9219
-4.9186
-11.632
-6.2296
41.95
24.653
-6.3214
-36.993
13.414
22.436
25.001
-20.985
-24.179
-38.795
-45.7
-57.485
-31.481
-11.56
-5.6543
0.43717
-1.2756
-5.6598
-4.379
2.723
23.665
21.566
27.23
15.117
15.267
17.083
-13.336
9.174
22.949
15.167
10.553
-5.2763
11.284
29.629
12.513
19.416
7.8367
-7.3044
-1.7019
17.026
4.0749
22.308
7.1306
-14.504
-13.733
-9.8518
-10.268
-0.76896
-4.5053
-11.623
-28.678
-7.663
-29.506
-37.647
-25.602
-9.4647
-11.464
2.4412
0.62128
4.3079
-2.0994
-23.238
-9.7964
-20.292
-24.84
-24.395
7.1623
22.981
26.193
4.2877
34.496
28.255
-1.1853
2.2486
19.943
30.568
18.437
12.747
19.087
10.511
20.632
36.753
29.975
33.371
18.381
10.405
14.399
-12.604
-50.048
-46.827
-0.96315
-6.0729
-18.345
-18.751
2.5074
-34.724
-32.947
-11.403
-5.1114
-21.044
-51.03
-28.943
-20.104
-18.529
-18.677
-9.9969
-10.275
-14.001
-2.5518
19.556
17.666
0.76355
11.391
16.212
9.8789
21.991
30.983
51.543
55.482
33.793
30.541
19.413
NaN
NaN
NaN
NaN
-1.2928
-6.1167
-10.682
-18.314
-21.483
-24.877
2.2128
1.7517
-12.415
-6.6522
-15.783
-63.4
-55.768
-54.663
-6.8921
-20.24
-11.866
-28.487
-23.265
-5.7679
0.93217
13.577
27.552
-10.801
-6.1216
3.1414
9.6031
29.47
15.227
-2.7178
5.6853
0.99216
27.608
-11.008
16.926
29.987
18.13
28.679
11.915
22.19
33.722
14.092
15.917
14.384
28.689
-9.3392
-19.111
-2.4159
14.016
-0.62425
-1.8742
-2.962
-1.7132
-25.439
-32.748
-25.31
-34.708
-66.031
-44.1
7.0988
8.6224
-14.065
-37.672
-72.107
-62.818
-14.092
11.631
41.247
51.257
38.836
61.621
45.124
32.289
9.2781
-7.6564
17.395
-0.3784
-6.0706
-15.431
-6.3558
-2.7138
-1.4958
-8.3105
8.4741
-1.7918
26.799
13.245
8.2199
23.403
22.35
16.833
