2.927
7.2256
7.6203
-4.9398
-6.4886
-20.81
-11.213
8.422
3.6667
-3.0084
25.491
21.35
4.0062
22.707
23.83
18.182
6.3065
-7.9191
-10.081
-17.496
-10.015
-10.007
11.473
-1.9359
2.2655
NaN
NaN
NaN
NaN
9.1774
-26.01
-2.6302
-3.3238
16.623
12.544
12.049
13.142
-4.7579
-10.007
6.1214
16.521
18.661
-2.0648
-13.649
3.5376
-11.657
-4.9806
-7.6261
-7.2117
-8.7041
-11.372
-2.2763
-10.081
-16.654
-17.638
13.77
22.432
28.403
33.772
10.407
-22.782
-17.762
-5.5109
2.9344
16.052
12.772
-4.9903
-14.018
-0.54725
15.309
5.1448
-21.87
-4.8554
13.899
-5.1225
-6.1051
-2.6541
-0.67822
0.90252
19.393
5.4464
-7.6511
3.6283
-3.2234
-1.393
-9.8977
-8.3898
-7.7862
-13.439
-12.064
-10.771
6.9983
15.407
15.584
7.2905
2.2096
0.88013
-0.82977
10.767
-1.2293
-0.6167
-22.594
-3.2233
-1.3724
-1.9201
-0.93965
-2.313
7.1371
2.8009
25.568
2.1546
-10.056
4.4146
6.0004
14.073
28.685
7.5278
-7.3186
-11.515
-7.6384
-25.276
-13.351
-5.5782
0.17261
-8.5832
-1.4308
13.083
-4.8619
2.0488
NaN
NaN
NaN
NaN
4.3845
5.5909
9.0332
3.749
7.6134
7.8386
12.339
2.8871
7.4328
11.809
8.7792
7.3548
7.8852
-1.5588
-15.972
-18.209
-3.3193
-3.2462
-7.9107
-0.97178
-3.732
3.9388
2.6907
-9.0116
-12.434
8.0014
2.0936
2.3953
5.5234
11.535
-9.2553
-8.8741
3.9583
16.69
2.9008
11.309
3.1287
-8.5989
-6.1151
-8.8844
-0.87677
-1.3028
-6.8287
-16.909
3.52
26.136
-2.8239
-12.734
-6.4997
-1.4881
1.6197
9.0067
-7.4921
1.2385
5.96
6.4129
9.327
-0.087162
-12.355
NaN
NaN
NaN
NaN
-18.864
12.488
-10.29
6.8525
-9.3673
2.8319
-5.3708
-4.5759
16.266
18.831
16.945
5.4123
11.825
17.292
8.7896
6.902
-10.586
-5.8583
-23.482
-23.302
-10.441
-8.7018
-9.7237
-22.778
-28.249
-43.184
-13.221
-4.5173
4.21
13.837
22.174
36.582
25.569
13.45
25.473
27.83
18.364
5.6893
9.606
-3.9302
-6.6862
-12.212
-7.2496
-24.863
-19.849
-3.1325
-5.3561
5.842
-4.4394
11.287
4.9487
6.1837
-2.5467
20.655
0.18517
-19.099
-36.142
-25.702
4.8986
