-24.343
-0.96092
0.86591
13.748
-16.222
0.69309
3.8105
18.706
31.205
23.36
-1.792
-17.264
-18.364
5.0643
12.13
6.3106
-2.9758
2.5632
11.209
-0.17073
20.613
12.901
-19.208
-4.4926
-22.636
NaN
NaN
NaN
NaN
5.0266
7.0435
11.917
13.368
13.024
-8.9413
-15.918
-16.992
-10.652
-8.9412
-9.6686
-13.782
-19.48
10.533
-4.1369
3.3904
-36.819
-19.805
0.28393
21.675
33.503
37.008
35.285
42.389
41.991
34.034
-9.4471
-9.3714
-3.4981
-1.4374
-22.463
-19.32
1.1874
-0.19486
-19.749
-18.642
-10.877
-10.672
-19.412
-15.962
-13.315
-8.2437
7.0663
-2.4644
-12.576
8.0476
23.305
17.115
-5.3136
-19.668
-15.303
-0.19921
0.74713
13.755
15.733
-10.591
23.263
32.816
11.264
-4.2689
-10.537
-3.8776
4.9156
-2.6872
6.9157
1.8607
1.1349
-2.3663
-9.0613
-13.646
-9.1054
0.16314
34.306
37.125
-5.2952
-11.408
-0.39284
-15.55
-17.718
-17.403
-6.5853
-0.68324
10.79
-18.47
-27.618
-7.2209
-14.584
-2.6113
13.387
23.384
12.901
16.191
9.6667
8.6427
-2.3913
-12.575
-9.0872
-7.3185
8.7866
37.754
NaN
NaN
NaN
NaN
-2.1554
-13.297
-23.765
-1.5845
-0.18075
-14.404
-26.901
-14.061
20.648
5.4298
-2.1518
-4.6777
10.83
20.183
21.655
20.723
-6.6434
-16.774
5.9529
29.49
0.50112
-7.3546
-1.7599
0.95797
-5.7496
-17.595
-15.306
-20.777
-17.04
4.7861
4.3556
0.85996
0.40635
4.5472
13.124
9.5937
2.3002
-3.8278
-11.564
-1.484
11.43
-2.62
-11.293
9.1345
-13.376
-19.155
-6.4064
14.878
-0.16015
-17.946
-21.898
13.81
39.598
42.649
37.877
15.885
-2.035
2.8464
3.3205
NaN
NaN
NaN
NaN
-8.3962
13.916
13.428
11.657
6.702
7.3448
11.607
4.0326
-22.249
-24.294
4.7799
4.039
-12.471
-15.057
-27.799
-6.0574
-0.40994
-8.3741
-0.22276
8.0548
1.193
-7.1255
-3.5244
11.083
34.296
36.169
4.0865
9.6138
-3.401
-1.0776
15.651
16.155
13.516
6.7739
-15.242
-11.137
-19.695
-14.491
0.065079
-1.7405
-1.9387
-11.668
17.364
5.2742
7.3653
20.291
-2.1812
-4.53
-13.118
-18.202
-30.855
-34.717
-20.192
-6.103
-4.625
19.458
26.832
25.962
2.7606
