-27.256
2.9558
-0.94017
15.026
8.8484
5.8703
20.617
20.289
-8.6056
-28.927
-27.627
1.9606
16.259
24.134
7.176
13.8
16.496
14.965
15.489
9.0956
-19.291
-37.746
-40.48
-37.908
-60.384
-14.453
28.888
14.556
9.4613
16.368
12.926
NaN
NaN
NaN
NaN
NaN
NaN
NaN
NaN
NaN
NaN
NaN
NaN
NaN
NaN
NaN
NaN
NaN
NaN
4.5607
-8.2405
-9.9321
-18.699
-9.9655
-14.997
-16.339
1.8158
10.391
27.249
10.498
22.996
31.944
22.923
8.006
-0.16076
-8.2825
-23.202
-34.497
-32.999
-10.281
14.788
-3.1918
16.993
7.2447
NaN
NaN
NaN
NaN
NaN
NaN
NaN
NaN
NaN
NaN
NaN
NaN
NaN
NaN
NaN
NaN
NaN
NaN
NaN
NaN
-26.144
-13.447
7.7111
-12.362
-4.0836
11.839
25.906
11.926
-2.9119
-27.38
-15.11
-17.733
-23.33
-1.2156
43.577
45.684
39.054
28.556
-7.4117
-43.395
-36.266
NaN
NaN
NaN
NaN
NaN
NaN
NaN
NaN
NaN
NaN
NaN
NaN
NaN
NaN
NaN
18.896
-1.7837
2.7315
11.572
-3.6893
-10.326
-22.86
-32.936
-10.166
-13.285
-18.018
39.77
22.923
16.649
-0.64917
0.85885
15.015
12.282
-19.944
-28.963
-18.908
-20.215
-2.6132
14.986
14.506
NaN
NaN
NaN
NaN
NaN
NaN
NaN
NaN
NaN
NaN
NaN
NaN
NaN
NaN
NaN
NaN
-10.033
13.369
9.6307
-0.72147
-3.273
-15.522
-28.73
-3.4945
4.8941
-13.666
-7.9881
13.887
31.326
26.717
16.096
9.511
-2.6984
-9.0403
-2.3304
-20.67
-24.171
-25.244
-12.134
NaN
NaN
NaN
NaN
NaN
NaN
NaN
NaN
NaN
NaN
NaN
NaN
NaN
NaN
NaN
NaN
NaN
NaN
NaN
NaN
34.75
10.321
8.4292
-5.4959
-11.477
-16.555
-21.045
-15.667
-11.081
-24.504
-9.8359
-17.246
10.672
8.438
-9.1196
-24.483
-45.895
-32.117
8.8485
24.36
14.401
11.717
0.70766
NaN
NaN
NaN
NaN
NaN
NaN
NaN
NaN
NaN
NaN
NaN
NaN
NaN
