-17.27
-4.0181
-9.3308
-36.793
-36.853
-22.224
-14.876
-16.8
10.511
-12.521
18.573
-1.0064
-30.016
-78.443
-45.447
-37.503
-36.692
-6.1748
-11.435
-0.52168
15.028
-25.943
20.46
46.472
44.654
48.117
51.181
NaN
NaN
NaN
NaN
NaN
NaN
NaN
NaN
NaN
NaN
NaN
NaN
NaN
NaN
NaN
NaN
NaN
NaN
NaN
NaN
NaN
NaN
NaN
NaN
10.582
-2.5184
-21.244
-31.824
-37.129
-35.877
21.145
24.655
9.8976
-37.393
-59.625
-28.697
-14.251
-13.645
4.829
-8.6087
-23.413
35.711
38.683
10.907
NaN
NaN
NaN
NaN
NaN
NaN
NaN
NaN
NaN
NaN
NaN
NaN
NaN
NaN
NaN
NaN
NaN
-25.821
-27.705
9.7581
36.975
44.176
19.966
-12.571
2.3405
25.407
25.129
59.858
70.611
51.986
-4.2798
-70.44
-84.128
-94.24
-61.11
-32.743
-26.34
-3.5361
-43.356
-13.474
2.7036
19.607
NaN
NaN
NaN
NaN
NaN
NaN
NaN
NaN
NaN
NaN
NaN
NaN
NaN
NaN
NaN
4.6778
-0.17269
2.6187
33.175
42.734
14.111
24.716
18.997
17.889
1.2173
10.042
4.1767
-29.114
NaN
NaN
NaN
NaN
16.5
-32.826
-41.609
-38.751
-28.913
-64.114
-45.474
NaN
NaN
NaN
NaN
NaN
NaN
NaN
NaN
NaN
NaN
NaN
NaN
NaN
NaN
NaN
-2.5507
-18.916
-24.562
1.7138
14.21
17.458
18.904
34.063
38.796
43.967
68.415
16.23
-39.769
-54.301
-16.953
-31.195
-24.186
-23.387
-14.129
-55.02
-47.234
-37.438
-56.268
-34.76
-14.507
0.71076
-3.829
NaN
NaN
NaN
NaN
NaN
NaN
NaN
NaN
NaN
NaN
NaN
NaN
NaN
NaN
NaN
NaN
-39.852
-16.336
5.8657
3.7976
33.411
10.811
-36.185
-12.513
-19.114
-26.311
-28.484
4.805
28.868
24.188
24.022
5.7504
-24.731
-50.957
-25.65
-24.627
-27.426
-38.666
-23.699
-18.09
5.9901
19.747
NaN
NaN
NaN
NaN
NaN
NaN
NaN
NaN
NaN
NaN
NaN
NaN
NaN
NaN
