-11.173
27.039
23.561
-3.5227
-1.0579
-4.6843
-28.497
-27.883
-27.67
-40.569
-65.858
-13.252
5.5697
-11.622
-8.6681
-50.816
-27.352
15.164
-12.839
-12.16
3.3046
34.412
42.131
20.443
28.36
12.416
-14.55
-26.62
-31.353
NaN
NaN
NaN
NaN
NaN
NaN
NaN
NaN
NaN
NaN
NaN
NaN
NaN
NaN
NaN
NaN
NaN
NaN
NaN
NaN
NaN
-37.762
-52.435
-29.069
3.2451
15.559
6.2594
-14.259
-19.043
-59.544
-37.227
5.4167
-7.9365
-31.23
-7.4226
27.558
51.184
30.915
2.636
-0.85473
-16.961
-5.6538
3.8748
6.8918
-0.17488
-20.951
-1.8285
-10.73
NaN
NaN
NaN
NaN
NaN
NaN
NaN
NaN
NaN
NaN
NaN
NaN
NaN
NaN
NaN
NaN
NaN
NaN
NaN
-25.282
36.39
44.076
87.725
60.064
-22.749
-40.796
16.239
-27.015
-29.743
-28.801
-41.293
-60.174
-47.15
-16.094
-3.0039
25.879
26.474
71.955
12.65
-11.762
-28.427
-39.547
-39.633
NaN
NaN
NaN
NaN
NaN
NaN
NaN
NaN
NaN
NaN
NaN
NaN
NaN
NaN
NaN
NaN
NaN
NaN
NaN
-17.532
30.575
32.97
23.864
-2.4838
-50.366
-65.524
-14.786
-42.783
-30.853
29.359
20.604
-8.1547
-37.371
-46.826
-65.099
-27.482
2.9426
-17.997
33.522
19.71
-4.6524
2.614
NaN
NaN
NaN
NaN
NaN
NaN
NaN
NaN
NaN
NaN
NaN
NaN
NaN
NaN
NaN
NaN
NaN
NaN
NaN
NaN
-9.8734
13.125
-15.298
2.0466
39.153
41.255
9.2104
34.468
1.679
-29.076
-107.31
-111.65
-27.547
-23.962
21.225
9.0564
33.323
20.276
-27.859
-16.605
-6.4771
-44.685
-24.792
-35.75
-0.91354
43.325
NaN
NaN
NaN
NaN
NaN
NaN
NaN
NaN
NaN
NaN
NaN
NaN
NaN
NaN
NaN
NaN
NaN
NaN
-36.241
-41.257
-53.843
-7.3829
-3.8701
-0.36859
0.42518
5.5471
-19.233
-83.506
-53.685
-36.7
-69.765
-68.098
-21.923
35.605
38.3
74.754
74.971
81.344
30.22
NaN
NaN
NaN
NaN
NaN
NaN
NaN
NaN
NaN
NaN
NaN
NaN
NaN
NaN
NaN
