-12.657
4.2867
-4.6848
-23.864
-33.748
-18.838
19.003
0.6746
38.717
19.44
15.147
-4.7408
16.617
-33.286
-17.503
22.414
40.461
15.363
3.7726
15.756
19.332
-50.963
-62.986
3.0568
-19.281
-11.636
-25.772
13.932
20.212
49.085
57.145
34.045
-29.674
7.731
33.364
18.787
28.117
21.447
-11.202
-40.175
-32.807
-18.078
37.783
30.153
-50.358
-64.901
-47.376
-76.259
-5.2784
-25.702
-13.544
15.663
61.714
51.355
36.152
30.476
44.015
18.431
-29.157
-51.253
-29.002
23.74
54.324
-34.746
-31.923
-7.4823
-39.473
-45.583
-44.892
0.54994
25.261
10.946
20.992
15.891
12.795
65.054
35.579
48.067
81.731
83.01
-18.737
-9.305
-34.622
-17.34
-29.782
-65.528
-58.113
8.892
-26.961
-10.363
-18.545
-24.085
-15.014
-35.377
-35.21
-24.069
-2.9706
31.285
15.071
41.535
13.711
39.123
16.517
27.262
0.51569
-24.329
-54.893
-50.626
-15.217
-1.9496
31.743
26.998
42.221
68.893
69.298
75.93
59.474
36.459
-15.371
-48.034
-98.485
-93.534
-39.574
-47.021
-46.833
-41.281
1.657
27.089
15.557
29.769
24.932
77.626
70.837
26.533
26.189
14.854
-14.587
-7.6645
-70.298
-104.01
-61.175
-93.933
-54.27
23.159
43.061
49.33
14.88
-9.4631
22.898
22.582
-26.352
-36.292
10.128
41.469
66.71
75.017
55.651
12.453
-10.865
-27.14
20.231
37.613
76.339
11.475
-17.816
-22.11
-6.8708
7.2876
-27.03
-73.561
-90.466
-69.204
-52.902
-60.855
-54.275
-24.532
-5.629
25.764
22.523
36.249
37.874
52.446
1.8156
39.473
48.057
38.678
29.262
16.426
27.795
40.562
41.969
69.557
-45.275
-92.749
-70.019
-63.465
-56.815
-91.545
-43.755
13.939
22.033
26.309
-33.814
23.301
51.183
60.946
76.51
68.948
19.49
39.346
30.185
24.899
-24.015
-3.1215
9.0553
-16.408
-57.625
-86.084
-99.4
-60.795
-23.194
-7.2225
-55.085
-56.044
-5.8977
32.845
47.169
96.4
92.498
51.157
-11.487
-16.588
0.70018
20.136
-5.1281
-16.699
-49.47
-89.905
-53.243
36.323
50.517
70.024
65.402
37.577
35.96
11.589
18.06
18.506
-1.372
-49.399
-63.91
-5.5267
-10.734
-49.372
-22.847
