1.5137
-7.9562
-50.48
-66.429
-35.74
-16.261
43.333
49.155
17.028
45.246
33.735
9.3302
-13.906
-24.468
-12.606
-52.969
-15.358
-19.532
-21.635
-38.306
-55.204
9.111
40.878
59.08
52.189
41.708
14.389
-30.805
-55.486
-11.928
-26.942
-7.7694
0.46982
7.0033
12.277
8.0123
21.375
22.717
44.597
19.824
15.797
-9.4792
17.573
50.635
8.2342
-24.61
-25.639
-15.85
-38.352
-1.5638
2.7626
-25.388
-4.8096
-54.197
-10.589
6.1778
-6.1681
-28.758
-47.147
-48.936
-21.371
25.266
23.942
28.193
3.0451
17.01
38.437
68.975
42.559
30.708
44.524
25.393
-13.825
-2.5247
-2.5623
-44.85
-21.89
-32.203
-13.258
-25.803
-35.382
-39.347
22.541
32.829
22.169
7.3385
-1.8863
30.628
-25.644
-28.883
-11.217
13.14
32.904
4.3111
-4.4286
2.6937
-2.3066
12.062
-30.136
-21.63
-12.131
-7.9549
-23.939
-43.108
7.4023
16.529
-10.406
18.66
42.254
63.149
67.609
8.4087
-18.638
-32.276
-16.987
-26.996
12.667
0.093045
32.188
1.6593
-33.276
-22.525
-10.976
-23.53
39.468
19.776
18.082
-12.086
-7.7925
-36.966
-25.402
10.932
14.28
29.636
13.407
-19.084
-11.209
-13.415
-60.542
15.488
4.7361
18.218
16.163
19.631
8.5705
-15.226
-25.234
3.7393
35.536
2.732
17.757
3.9318
-17.314
-4.5121
21.556
17.687
24.125
-18.678
-22.302
-36.522
-35.495
-4.9741
10.108
19.231
28.076
14.942
-13.344
-20.124
-32.141
37.082
57.555
-6.0417
-33.342
-20.521
-21.021
-0.45034
-5.0968
-8.9075
23.399
56.134
10.279
-33.907
-58.194
-15.875
1.2651
12.052
38.321
18.786
3.078
-12.006
-12.662
-19.673
4.5918
23.379
33.433
31.765
8.1972
-11.285
-33.41
-6.3221
12.319
8.1141
-15.769
-23.112
-1.2638
42.547
-0.046865
16.013
-28.92
-62.103
-59.967
-42.103
-21.509
0.22665
-12.08
25.906
64.11
66.996
13.893
53.034
33.789
-5.3559
0.52142
-12.743
-5.5892
4.4863
0.91237
-3.7989
5.3064
-6.3778
-9.2314
-6.8436
-5.1458
2.2113
-27.715
-31.766
-55.029
-25.382
14.32
14.845
-12.496
-28.353
13.254
25.057
0.59635
14.443
7.6281
10.985
33.66
33.595
-7.3678
18.732
1.5268
12.333
-16.217
-16.144
-4.7548
-46.677
-6.6518
7.309
-8.2573
37.244
30.608
-10.261
-42.485
-9.7455
-6.1507
30.942
20.272
5.6336
17.037
2.6304
-4.5516
33.101
10.072
-32.185
-11.384
7.5718
-43.786
-29.514
-3.4763
-10.322
-21.625
-25.464
-11.842
-8.1977
18.794
-12.238
4.0183
40.341
36.978
49.461
15.431
-1.2089
-36.686
-7.0523
-4.166
-12.794
20.733
-2.4123
23.939
24.459
33.081
-24.066
17.04
