-18.554
31.491
-20.364
-17.261
-13.568
-37.896
-21.234
-35.274
31.298
-7.9079
-11.618
-10.871
25.317
-13.897
-0.018984
-11.054
27.379
13.259
29.088
44.033
20.998
-22.232
-29.292
13.993
0.42677
8.5124
-43.848
33.061
19.14
32.79
40.757
36.533
3.5131
47.87
33.67
-24.638
-8.2156
-21.473
-30.673
-36.415
-6.1649
-10.86
-15.365
-0.93239
-49.71
-72.046
-30.49
-40.628
-10.642
-16.482
21.319
13.461
56.34
26.693
7.0021
34.142
-2.6306
-12.845
-33.447
-31.44
15.666
55.448
61.281
7.9408
2.9689
20.783
-5.0206
-5.4345
-31.632
-11.362
16.965
-5.4108
4.9547
0.99507
-15.724
-3.8106
16.111
25.335
24.359
53.638
-8.2315
-13.382
-2.7044
-6.4873
-33.862
-47.838
-34.33
5.3183
-38.185
4.4343
14.601
-16.538
-25.255
-50.623
-28.015
0.16171
22.584
40.103
30.451
23.021
2.8649
31.031
20.509
6.9126
19.761
-1.9322
-58.53
-28.956
1.495
18.709
12.153
15.389
47.413
23.176
9.5149
-7.645
10.66
-15.626
-30.733
-32.723
-43.459
-21.545
12.863
20.826
30.866
33.254
45.402
3.2527
-14.594
-29.826
-6.229
4.6869
24.412
-7.4587
5.7123
-10.343
-9.203
3.9595
-53.385
-63.591
-34.031
-71.676
-36.174
23.319
29.25
54.868
28.171
-12.356
-2.6055
-28.71
-27.126
-19.714
41.153
58.626
88.376
79.39
52.73
2.9337
-5.9547
-20.719
13.237
40.205
54.311
-21.707
-61.667
-29.595
-10.676
14.069
-19.935
-64.726
-65.656
-53.689
-17.387
-43.431
-43.979
-21.209
1.8513
22.828
41.474
19.372
18.181
43.547
20.968
44.229
2.4894
-11.426
20.279
-3.2623
11.82
30.204
12.792
-13.026
-61.168
-45.395
2.3425
11.39
6.3376
-41.522
-31.57
20.798
51.639
48.127
-7.9944
0.73327
8.9026
41.656
24.989
18.906
-9.9899
5.1617
21.758
19.861
0.65461
9.8415
16.479
-63.896
-58.243
-78.071
-58.621
-20.587
-28.977
17.52
-24.664
-48.827
13.468
13.063
4.6611
67.629
69.843
2.5462
-27.45
-21.312
17.167
39.876
3.4336
7.4607
-18.851
-45.093
-23.268
34.184
57.674
59.563
47.727
21.276
36.576
-23.65
-5.2672
19.612
-16.059
-50.402
-46.302
12.07
25.021
-33.464
-33.958
