-30.997
5.0388
41.706
28.49
39.808
59.751
19.496
57.456
2.2463
14.609
2.6928
1.8168
-0.51984
-7.3564
11.282
-8.0944
-33.995
-29.835
-8.6209
-0.093808
-33.189
-26.506
6.3594
-23.868
-55.684
15.103
-33.102
-41.364
-10.044
14.981
15.118
27.973
-10.006
19.443
10.654
9.4377
36.957
-15.995
33.97
3.0214
13.163
30.722
-22.689
14.938
9.5297
-23.028
-0.63147
-5.0984
17.006
2.8359
-17.479
33.952
-3.7529
-21.757
-19.388
16.956
38.073
-20.193
-9.8254
-23.591
-17.394
1.6135
-7.5365
-25.793
-5.6644
13.792
-29.437
-25.438
31.014
-5.4344
19.142
21.076
-19.661
31.509
18.327
10.111
25.184
-31.029
-16.598
24.869
-5.9548
-9.5631
9.1543
-11.152
-14.761
-14.709
8.7478
-15.752
-49.981
10.957
19.097
20.398
10.769
46.136
-19.279
-19.795
24.082
24.666
-2.7578
1.987
-1.0335
-7.8104
14.978
14.854
-36.931
6.1603
-32.8
1.0894
14.362
3.4167
-27.103
-23.208
-17.481
-6.8744
24.134
22.156
17.52
17.992
-31.785
35.905
1.9119
19.112
-45.973
-46.149
-7.9663
32.036
22.165
-7.451
-17.283
-2.8968
-1.4041
-18.05
7.6122
-5.2522
14.608
23.074
3.1361
12.998
11.405
5.828
-13.832
36.881
-22.519
22.601
-23.895
10.047
-11.258
-13.318
-16.147
-12.322
-5.4699
-12.378
-10.08
-6.3009
19.529
40.4
62.626
-9.1841
36.14
-37.627
-14.934
14.465
-25.095
-30.028
-50.011
-12.845
7.0086
-0.89779
7.2775
6.6671
-1.6611
-29.895
-4.6655
14.815
30.939
-15.676
19.879
-4.8392
-11.12
-1.4693
29.374
-4.5581
21.797
-12.284
-16.401
17.543
13.548
39.579
31.947
-2.338
8.0989
10.695
-40.823
-25.674
35.434
11.75
-13.087
-35.134
22.123
-5.0193
-12.51
-24.274
13.738
1.376
-35.016
-24.529
4.4351
2.7848
-51.512
-14.928
-39.184
-11.623
-7.483
36.254
3.192
18.876
15.027
-27.718
39.942
23.364
65.421
2.6447
-5.3689
22.53
48.589
37.38
10.498
-6.4016
-19.289
-1.3025
-36.363
22.165
4.1623
-7.4302
-66.069
-17.995
12.921
-54.22
29.72
34.613
11.883
-25.703
-5.776
-19.1
-5.0163
-42.868
-29.173
17.992
-27.301
-17.311
-24.063
-6.6615
-6.0221
8.0359
34.467
