-15.294
-3.6266
-41.576
-3.2512
32.14
-12.92
10.471
-9.3501
-38.173
22.571
54.559
26.504
5.447
-11.881
-10.349
-25.11
-11.385
2.7453
20.88
-17.605
13.03
7.6615
8.7732
2.6102
-11.572
5.6674
22.391
-15.044
8.2945
-28.859
-24.179
-15.05
53.113
27.691
-8.9037
-15.996
-22.561
-17.808
-36.356
0.86693
8.6025
0.70408
31.67
34.868
8.2241
7.7016
-23.011
-21.437
-8.5148
2.8345
-31.049
12.436
42.818
-12.976
35.173
31.637
15.339
-48.56
-35.378
-3.514
14.85
1.0827
34.939
21.088
-10.017
-16.258
-45.742
-1.0229
-7.3179
-23.082
-11.685
19.127
17.122
-5.9188
-0.56491
11.455
3.267
-6.7886
7.7243
11
-11.372
3.0428
22.572
37.914
-6.2895
21.67
-28.035
-14.649
-33.271
-29.256
-27.969
-17.221
12.886
23.404
-1.4284
-6.7154
14.665
29.716
13.717
0.76894
23.327
21.22
10.931
-18.63
9.4809
-12.458
9.9863
11.995
27.474
-27.622
29.432
-39.977
-55.747
-28.865
-4.3529
-16.222
5.3346
-26.3
23.599
17.457
-2.1965
-12.698
-20.592
15.32
4.6106
-8.3817
-11.856
18.107
37.809
-5.7018
38.542
46.304
-12.507
3.5155
-18.076
4.5329
-10.496
-2.3497
-5.0556
2.8694
-27.408
20.64
-6.098
17.72
-5.6345
-21.353
28.001
-34.731
4.1647
59.041
-25.062
15.032
-45.987
-13.339
10.823
8.5078
8.1406
-44.026
-39.165
-55.023
-13.135
6.7237
21.191
5.9351
36.041
18.801
2.1866
18.851
11.842
35.944
21.29
23.521
25.237
-17.457
18.196
-27.718
11.256
2.0655
-16.216
-0.59505
-22.293
-16.33
-29.397
4.0138
-2.9612
-54.738
-39.913
-9.728
2.1553
14.968
31.963
-9.2282
46.317
18.892
26.694
31.143
3.0894
-21.941
-9.934
-2.3371
-8.8819
-7.3011
-26.982
6.5786
-5.6795
13.56
10.029
-7.2001
-9.2838
-19.534
9.6086
24.817
-7.5315
17.534
-17.807
7.3269
6.7575
6.7433
8.5298
-14.008
-9.2442
-31.601
-35.646
-22.164
35.759
12.154
11.249
-2.6393
44.723
35.879
1.3514
-3.8698
-13.793
-10.915
17.923
21.411
-24.053
7.9973
28.054
-51.069
-0.90256
-16.417
-14.66
-36.033
5.8254
-15.084
-2.2784
-18.074
4.8703
10.152
-9.8338
-0.026653
26.705
9.4471
29.742
-2.5534
3.8448
-17.273
16.453
32.832
-6.2074
30.588
-10.3
-4.8736
4.5287
14.743
-31.587
-6.0419
-12.812
-5.1529
-10.455
40.219
24.532
-13.176
-18.485
28.939
-32.82
-45.311
-25.252
3.8545
-6.8292
-12.85
8.2006
-7.7002
-7.1337
-4.966
26.63
18.396
-8.4497
1.8369
12.73
36.745
38.686
-4.6019
-5.3672
12.137
-2.6855
1.7369
-12.081
-5.3926
28.043
-44.663
-14.826
0.085357
7.9246
