2.2045
-5.2032
-34.03
-23.832
-26.124
-15.033
25.032
35.809
10.538
43.168
24.133
-25.83
5.7131
6.1427
7.151
1.8404
29.691
-3.5401
-32.756
-42.514
-65.236
-37.541
-9.1539
7.9831
22.284
29.952
-2.5633
0.87647
-21.903
6.3891
3.4899
-34.704
44.604
35.417
5.7402
23.398
21.24
20.105
20.619
14.65
0.68548
-6.7618
-5.8466
10.427
12.242
-25.773
-30.573
-31.394
-29.318
16.401
18.452
-16.347
19.421
-21.325
-5.8763
-13.4
-46.13
-27.557
-19.471
-32.133
-25.625
-21.586
-5.33
-0.13621
33.811
52.622
36.344
58.168
50.823
38.788
52.156
21.424
-24.212
2.5075
3.0324
7.0407
-11.141
-18.074
-12.983
-32.288
-25.585
-12.995
7.3389
22.675
-14.743
-9.7581
-16.136
-9.1165
-32.36
-40.686
-29.024
-14.139
2.2384
13.169
32.247
0.076946
-8.7088
-17.13
-19.255
18.684
12.42
4.5969
-15.494
-30.173
20.886
32.989
27.164
46.688
49.266
51.124
30.006
6.7956
-11.569
-22.633
-24.205
-47.877
7.5915
3.474
53.1
23.762
-16.163
-37.591
-67.107
-43.049
1.861
16.625
6.967
-9.2899
-23.39
-26.426
-9.3036
14.978
15.489
-21.847
-28.58
-11.014
25.717
2.0337
3.5921
12.633
13.788
24.152
37.879
-4.5542
14.1
-16.454
-1.8597
0.76429
0.092279
-19.686
-16.676
13.524
36.669
34.509
30.182
-1.9716
-13.209
17.023
-13.971
-32.712
-40.043
32.578
29.666
23.554
18.2
11.68
-34.493
-37.423
-7.9545
-11.721
-0.41641
-65.459
-80.921
-28.042
4.1984
-7.7205
5.2879
18.698
13.782
43.09
38.157
21.454
20.082
-10.886
-19.813
3.4236
30.111
24.441
8.5149
-17.187
-22.477
-0.03963
6.9599
12.338
25.448
27.472
34.162
16.837
-8.6111
-30.986
-30.764
-4.5426
-26.492
-9.0147
-14.465
25.939
22.234
19.855
-38.108
-42.565
-41.412
-16.343
-13.099
1.5764
10.398
-13.657
-9.835
-16.763
2.9342
33.139
22.869
16.954
26.934
-1.7658
-1.5606
3.5003
30.741
20.478
8.8353
7.7252
9.0505
1.4742
5.8017
7.2126
-11.544
-32.414
-33.971
-21.091
-0.24779
6.5801
15.68
19.248
1.764
-22.747
-19.224
-4.6655
-9.693
-6.7626
7.5674
25.69
7.1317
24.28
23.055
-9.9434
-4.351
-21.878
-23.932
-61.303
-9.3907
-1.7217
-6.329
28.006
32.421
18.409
-3.0947
30.087
3.6418
-5.9294
14.91
9.4448
-14.42
15.424
12.046
-11.719
-54.005
-26.21
-26.181
19.067
4.4791
15.677
31.669
27.852
27.757
16.737
-8.9446
-19.156
-11.921
-5.6443
-13.804
-22.324
-25.895
-28.362
8.8506
-5.9982
-11.278
22.851
13.178
6.4999
25.026
17.8
4.0471
-0.045632
-8.1264
-11.019
23.5
