-17.787
18.343
17.846
6.3801
7.7508
-2.3905
13.148
-6.062
-12.001
-26.021
23.453
11.727
-19.074
20.936
7.6536
14.876
18.136
-11.573
-21.111
-1.8299
-14.648
-39.451
-4.5862
-12.471
9.3064
23.285
11.195
-6.4425
5.3965
-21.524
1.457
3.5673
18.846
39.02
12.071
11.128
12.623
0.41743
29.311
-8.4701
11.949
-19.126
-24.613
-35.801
-10.971
-5.0741
-17.677
-13.537
3.0208
4.3794
0.6526
1.9654
-0.77159
-24.802
-16.06
-11.107
-3.9741
-1.4488
-8.0328
-8.4113
17.579
8.8427
23.589
9.5858
6.3012
6.0444
-0.30997
2.022
31.165
47.851
14.463
16.089
26.074
27.734
3.8795
-3.7914
-28.099
0.5685
-47.67
12.132
-2.2163
-38.706
-26.814
-36.785
-17.139
-9.4045
28.564
5.2586
-9.7899
-35.858
-2.592
-39.99
-29.1
-3.4492
22.312
28.465
17.293
8.4697
32.357
8.673
14.541
3.7065
9.6823
-9.0871
10.064
14.36
3.4999
0.59098
-17.335
6.6799
12.813
28.149
-4.9223
7.3097
8.206
17.358
6.4561
-2.0309
-16.584
-7.3866
-23.376
-17.964
-17.515
8.7901
-26.304
-9.8533
-3.6802
19.459
0.96034
-13.809
-39.362
NaN
NaN
NaN
NaN
8.9587
13.807
-9.5883
-6.7031
-16.325
16.125
5.8157
1.986
-20.793
-17.292
-6.4767
-16.065
1.9907
-0.71122
6.4819
15.066
31.608
16.828
-29.18
-9.2434
-7.0719
33.235
20.865
31.179
-6.0829
6.5234
14.879
21.853
19.378
15.275
-18.558
-25.393
-16.177
3.6517
-3.7342
-10.661
-28.232
-24.071
-34.32
1.9065
3.0403
-6.2737
3.6798
-4.0132
-4.8148
-18.943
1.1021
4.9323
7.1055
-11.098
-13.78
-6.1181
-30.099
-8.5345
20.042
9.6587
-11.881
-12.455
31.168
26.346
33.867
49.502
7.0523
18.006
11.704
44.25
46.155
19.962
25.655
-17.923
-36.028
-9.2503
-4.8729
-33.537
-43.39
-30.828
-23.798
-47.237
-23.098
5.4566
-12.258
9.5197
-23.921
-16.972
-18.297
20.28
-12.651
19.394
20.496
44.581
-18.211
29.937
15.289
17.673
6.6832
-16.289
-12.751
-6.9672
26.979
10.398
5.8541
1.5376
15.514
8.2349
-9.4554
-2.134
-35.371
-22.547
-3.1553
-2.0219
5.2587
-9.2999
-2.9023
3.1116
39.654
2.2027
-9.4774
13.978
33.804
25.293
12.939
15.221
14.305
-14.688
-6.8997
-14.013
-31.848
-62.869
-60.725
-71.912
28.855
7.2749
12.107
14.836
1.8979
11.256
28.444
-5.3661
2.0868
-1.2724
-5.6511
-0.90002
-19.975
-9.4035
3.5641
33.685
46.575
56.451
-3.5296
-20.311
15.353
11.036
14.027
-7.5214
-3.3299
-8.9383
13.07
5.0608
-3.5303
-14.617
-13.455
3.2306
-6.4221
-5.2349
-26.572
-23.557
-35.445
4.8496
-8.9034
-10.737
-11.971
-13.684
-6.1417
18.642
-7.9223
-16.833
30.984
21.175
40.473
NaN
NaN
NaN
NaN
5.6012
6.8649
-14.686
-14.025
-5.5054
-27.609
-6.4997
-7.1237
-18.69
-6.3678
-8.7666
14.085
7.349
39.711
26.427
23.048
-6.3463
-28.617
-4.2429
-27.375
-24.07
12.022
-6.1712
-10.94
10.132
21.807
0.018627
-21.104
7.3571
1.6552
-0.72172
-5.9706
23.45
-32.96
-21.515
14.888
30.523
54.675
30.513
-12.995
-16.926
-21.318
-20.873
1.269
-43.002
-8.2205
0.26648
30.932
-20.771
