-36.442
14.054
10.684
16.922
14.023
-7.532
-10.689
10.154
10.37
9.7886
14.037
14.361
13.669
17.499
26.474
41.387
30.016
8.4813
-5.1756
5.8513
-1.0807
14.868
14.297
-15.233
-3.3645
-44.632
-48.539
-27.546
-4.55
-12.193
-25.764
-15.529
15.669
1.9323
5.4574
-8.5736
-1.8901
-32.327
30.842
3.1089
-6.3234
-13.419
11.361
11.273
12.542
28.104
-8.8484
5.288
-1.0081
-3.3793
16.157
15.562
14.136
15.547
15.121
-0.23516
14.439
-6.3274
-12.335
-3.5184
17.461
-39.432
-36.72
-15.918
-17.577
-15.44
-3.3141
6.5607
3.5969
-10.835
21.293
-8.1536
-41.838
12.014
17.663
25.427
31.388
34.177
13.889
38.873
1.3168
-20.353
-21.876
0.56625
-1.2742
-22.261
-6.2679
4.8204
-6.2889
-11.426
13.474
-4.1956
17.804
-3.0107
-8.6922
-16.617
-6.4964
-16.075
-35.542
-20.889
8.1665
-20.362
-21.499
-7.2652
-12.608
11.917
25.396
16.976
18.354
20.254
32.286
45.576
26.828
0.37628
2.1399
-7.4063
11.294
14.37
8.4671
1.2455
-6.7715
-1.5175
-9.4076
3.0116
13.57
-13.711
-24.366
-23.964
-9.4009
-30.115
-22.692
NaN
NaN
NaN
NaN
5.159
-3.1031
17.381
-12.808
-5.5779
-11.341
-1.2592
19.353
27.228
23.419
20.692
-10.651
16.197
16.746
30.377
10.898
7.3985
64.046
61.085
23.579
9.3362
-38.507
-43.677
11.344
-76.805
-69.688
-35.343
-38.789
-15.699
-18.567
7.355
31.862
3.9889
20.187
35.514
20.441
22.919
-8.5968
3.9958
11.72
-1.2467
-30.394
1.5996
8.3748
11.952
20.695
-16.575
-11.604
-12.864
-9.4703
-16.192
18.779
-0.9745
3.3989
-11.959
-22.754
-21.448
-24.525
-2.8369
44.01
32.126
28.578
30.235
10.716
0.56505
8.6453
-33.153
-19.798
2.6584
7.5713
2.9826
29.259
1.7118
-21.317
-26.428
-25.421
-16.72
-21.809
-19.532
8.0126
-15.532
23.298
28.163
36.208
26.56
7.9289
29.462
37.676
-3.4888
-16.786
-24.504
-12.263
-42.955
-30.401
2.2627
6.8319
-31.962
-8.6443
-3.9164
1.4096
9.5628
-5.5192
-5.6396
7.6819
-0.22667
11.62
21.58
-9.3513
-13.83
32.746
6.5568
8.9827
22.331
14.267
32.321
-27.583
-46.945
-4.7895
3.0158
19.108
22.953
2.8348
-33.939
-4.1171
22.693
14.698
-2.931
-19.968
0.16795
-10.228
21.804
2.722
-17.908
-14.878
-13.703
16.57
-4.7093
-8.2153
-1.6516
-8.3866
-15.237
-0.47554
17.981
6.2985
-11.727
-15.862
-15.572
-16.349
-9.666
-2.6745
-23.1
10.972
22.023
32.947
19.808
2.5679
20.328
38.673
49.816
7.0757
-30.513
1.5417
6.5201
12.286
-33.984
-7.0969
-10.106
4.2429
12.506
18.028
-7.6307
-46.447
-19.431
-11.01
-16.55
-14.98
-12.412
-17.427
-16.794
NaN
NaN
NaN
NaN
11.413
51.037
67.144
62.513
44.316
5.0566
-16.559
-31.46
-52.813
-44.73
-20.318
-40.074
-49.988
-39.621
2.2275
-4.9838
9.7408
26.997
13.139
48.239
46.475
32.023
5.2697
0.79568
12.082
15.548
-7.1855
5.1039
-11.392
-6.8367
8.2834
-14.285
-3.4872
-16.335
-6.4384
6.988
5.604
15.289
17.814
6.6676
-21.045
-5.4642
6.2936
4.1462
-40.068
-39.399
-47.922
3.6833
-20.938
