-0.67246
-17.744
-41.057
-47.973
-38.662
-32.293
26.594
37.475
36.46
46.518
19.26
-32.677
-18.745
16.189
-0.16982
-16.485
4.2187
-23.704
-28.74
-16.882
-38.171
-13.342
27.902
28.745
43.914
24.419
-21.776
-23.602
-40.428
-3.2332
-30.479
-32.541
32.99
40.131
23.363
37.234
31.239
34.955
35.661
38.872
-17.096
-34.362
-13.923
11.143
-4.858
-50.285
-13.525
-3.3957
-18.883
19.516
13.368
-20.851
3.3351
-26.996
-27.838
10.257
-15.3
2.0085
-0.34679
-31.283
-40.395
-31.88
-22.572
1.4824
5.9867
18.488
34.353
66.56
55.008
42.012
44.144
20.919
-18.28
4.6594
0.21015
-17.737
-3.1824
-10.789
-18.889
-28.161
-69.887
-36.573
-0.34373
52.232
56.358
35.781
-5.6707
19.247
-38.239
-59.222
-34.769
-9.874
28.844
19.755
46.588
29.75
-19.167
-19.884
-31.251
7.4275
3.8105
-20.121
-87.231
-85.527
1.4771
44.962
16.619
37.836
34.126
65.008
47.869
18.872
-46.824
-48.896
-0.63364
16.467
15.169
8.6128
58.128
13.766
-11.52
-29.783
-44.565
1.8232
41.235
46.53
24.189
-9.7848
-65.498
-56.508
-38.101
13.786
32.757
25.849
-10.94
-45.849
17.723
-26.622
-36.72
-1.5165
-15.136
21.473
8.3209
-4.1433
20.527
-17.432
-11.176
-3.6067
7.6464
15.374
11.525
15.908
40.982
36.986
34.935
14.292
-1.8117
3.505
-17.29
-47.427
-43.936
-6.4753
36.894
36.033
29.861
17.958
-24.238
-43.616
-33.697
-5.4728
19.945
-13.368
-33.027
-27.702
-15.673
-22.179
-10.926
26.569
8.908
33.046
55.387
-12.594
-21.152
-35.019
-23.658
1.9749
44.274
18.16
2.2965
-13.362
-11.147
-6.5364
8.0297
30.684
46.872
45.468
28.263
15.39
-23.481
-6.7517
-29.242
-1.8861
-9.2881
-57.716
-14.03
21.274
-5.5784
22.606
-53.011
-70.978
-57.643
-50.517
-2.1334
19.055
25.241
26.195
53.201
33.339
26.169
41.731
52.144
34.793
31.546
7.976
-31.32
1.5639
29.224
3.2291
-40.243
-26.467
-23.108
-40.119
-13.014
-28.048
-10.395
-34.513
-51.637
-37.293
1.2898
29.132
15.126
-6.8711
2.9954
26.525
4.534
0.075548
30.388
28.111
23.336
54.849
-6.5804
26.54
41.823
20.261
-7.9374
-4.3
-23.713
-63.395
-53.57
17.329
-21.33
15.238
13.176
12.475
-11.905
-13.333
-6.1921
-15.549
-15.608
-3.0407
-17.328
5.298
-5.2616
2.6297
-1.6703
-5.0999
3.3684
24.965
26.752
3.0329
27.413
43.077
40.283
-18.149
-29.111
-20.5
-10.322
-13.099
-37.999
-19.007
-16.52
-11.015
8.0316
-4.9146
-15.769
21.505
28.435
1.8744
28.519
27.325
36.038
26.611
-2.5583
-13.712
9.9765
