-25.946
4.9697
12.012
-14.377
-5.0847
-50.252
-21.349
-47.206
-51.108
-14.516
-35.792
-8.7773
-23.337
-40.408
-24.031
2.7144
30.406
34.399
30.421
49.931
33
35.592
45.284
19.524
32.866
43.759
-22.29
-38.094
-16.639
2.7034
-3.1582
-63.139
-59.083
-33.263
-27.16
24.941
10.626
11.055
-1.9599
-4.5901
3.4443
-32.888
-19.568
5.6572
9.6966
22.581
45.983
27.77
8.7785
8.9085
27.839
57.665
13.29
1.4466
9.251
3.7281
-23.313
-28.806
-26.576
24.675
25.988
9.7412
-22.658
-26.11
-46.373
-49.951
-72.217
-52.03
-30.716
-37.127
-25.174
-8.1224
26.048
36.941
37.553
38.288
60.088
33.239
50.116
40.883
28.665
34.124
36.246
8.689
-1.7551
-45.801
-39.728
-32.87
-44.293
2.3011
8.4797
8.6696
4.8606
-21.484
-29.337
5.6747
-12.388
-10.34
-21.155
-28.062
-6.932
30.428
2.0549
21.16
18.958
15.706
1.0037
-19.113
14.52
13.15
-21.778
-19.421
-5.7044
1.5231
29.719
20.481
1.7542
-4.1046
-12.914
12.05
21.19
9.4395
2.0077
-16.475
-16.601
-13.532
4.5337
-3.9101
-11.584
-9.8713
-25.468
-13.565
-11.018
-21.404
10.254
2.8151
13.069
8.0297
23.549
30.828
21.12
32.017
26.708
16.594
-3.1857
11.178
-40.787
-8.299
-8.3773
-21.305
-2.2884
-0.77585
-15.804
19.418
21.852
6.3767
5.7423
-11.583
-4.658
-8.6962
-14.664
-18.614
-28.307
-56.204
-70.712
-40.294
-5.3386
23.952
49.324
35.923
38.435
25.017
8.9603
15.882
3.7752
22.561
28.687
26.488
5.2515
-16.33
1.5677
-10.479
-17.279
35.686
36.849
5.9537
-24.348
-54.242
-40.202
2.2691
-52.639
-18.647
6.0108
14.612
36.926
19.471
NaN
NaN
NaN
NaN
-16.117
-13.15
-0.2763
-0.5874
33.492
25.212
4.7231
-17.757
-35.343
-8.9918
-28.331
-1.9901
-38.663
-19.673
-18.833
-16.771
-0.83935
-15.592
-9.1769
10.127
52.276
33.566
51.823
48.004
29.936
30.824
52.696
-1.0491
-6.8743
-16.874
8.1246
-16.325
-25.673
-24.155
9.4946
0.96873
-3.0425
-67.665
-28.514
-37.272
-23.223
-5.4362
0.97666
30.758
30.906
-9.6181
-1.1733
14.979
-9.9786
-29.758
-17.229
2.5637
21.002
17.928
11.023
-6.512
13.572
12.24
25.288
-2.1335
-9.8417
1.974
-31.022
-41.551
-18.289
19.095
-5.9892
24.839
15.288
28.885
-2.504
6.1107
7.4104
26.014
11.026
13.896
8.4017
0.80892
-4.5498
-5.758
3.1196
33.999
27.883
8.3158
0.40297
-28.303
-62.685
-20.089
-1.3033
-38.499
-34.53
-27.424
-28.124
-31.906
-25.282
-17.831
5.4131
-7.6161
12.733
4.6982
31.573
45.378
17.19
43.835
53.108
15.547
-17.715
-20.648
14.685
9.9613
22.39
21.211
34.714
22.143
20.567
-1.0792
