-45.456
23.031
-23.714
0.7816
-25.415
-37.152
3.1415
3.2208
-6.2373
19.424
42.256
36.006
25.126
25.178
32.734
68.601
10.459
-20.412
-24.054
15.067
31.152
22.443
2.743
12.428
-14.678
-4.0339
-57.391
-61.681
15.245
4.4237
-39.935
-55.692
-7.7227
-11.106
-0.88592
6.4462
1.8927
-5.6262
36.199
40.839
8.4676
-65.919
9.816
7.6603
18.064
34.058
-11.796
-8.8542
-18.999
-28.934
13.342
-6.5575
43.343
30.201
30.298
18.161
30.036
21.953
-26.827
-0.36915
13.975
-44.629
-10.495
-20.437
-27.911
-10.152
-31.003
0.73616
-8.3646
-5.4576
1.9916
-10.007
-50.413
-11.761
20.823
17.246
42.83
49.513
10.53
42.172
10.692
-1.9999
-0.16005
-14.078
-20.667
-16.482
30.003
39.676
-36.697
-35.966
-25.118
5.407
20.748
21.939
7.9942
-26.413
-29.899
-16.465
1.5073
0.17885
10.272
-37.094
-13.569
-20.152
-15.352
26.708
25.078
-3.6373
-0.41673
20.724
12.428
29.11
-10.271
-7.486
-2.3036
0.23909
22.626
23.682
15.879
18.144
25.159
-15.491
-15.345
31.651
17.599
-19.652
-24.045
-22.906
-17.405
-19.015
-25.934
NaN
NaN
NaN
NaN
6.6361
-16.781
-31.245
-30.695
-53.915
-16.901
1.4213
4.7615
14.919
36.695
32.131
-20.51
20.504
35.919
33.596
10.084
14.734
67.192
15.766
-7.3573
-3.7305
-36.753
-30.366
-13.583
-44.725
-46.54
-15.189
-5.5864
20.156
23.977
41.295
28.242
21.892
1.6085
-14.897
-24.955
-37.987
-25.443
-7.5763
-17.813
11
13.548
-5.2826
20.737
19.81
19.11
-1.85
1.2054
10.514
17.552
-32.051
24.167
14.247
-10.501
-26.921
-4.9537
-28.808
-24.684
-2.8043
-1.386
18.383
-1.8011
-8.0011
9.8262
25.744
-20.831
-30.379
-14.688
32.59
-12.718
27.167
73.604
8.6689
4.6103
11.759
-11.125
-34.355
-45.638
-21.116
20.475
11.562
-6.6409
19.681
37.267
35.181
31.38
44.714
4.5973
-44.988
-6.6023
-78.234
-23.253
-34.062
-42.196
-6.0428
-22.62
2.5133
4.905
7.7646
-12.667
-0.76475
-31.63
15.751
16.51
3.1164
4.9211
22.697
16.33
20.235
38.744
26.9
-9.8596
38.638
36.329
21.653
-36.045
-54.081
26.43
24.917
47.898
12.898
6.8732
-12.245
-33.352
12.819
-13.265
-65.939
-94.727
-71.732
-50.51
-3.9886
-7.3444
24.156
27.323
30.739
64.805
56.014
9.542
-5.8974
-26.594
-2.8738
17.007
21.714
18.306
-22.186
-23.029
-0.86202
-25.257
4.8267
27.689
11.575
-20.733
6.5688
5.8146
0.88885
-1.964
19.1
27.554
13.992
-24.544
-39.639
-22.071
6.9784
-22.023
5.4016
8.3492
-13.703
45.59
24.039
57.793
-16.619
-71.41
-19.07
-9.3517
-43.254
-21.269
32.02
27.214
-8.3326
NaN
NaN
NaN
NaN
26.538
41.857
85.155
63.438
63.782
-0.93424
-26.212
-29.36
-72.63
-48.62
-43.239
-46.526
-40.173
-4.4434
3.4591
-3.2782
-8.7261
-4.5265
13.829
16.337
38.234
40.298
17.543
22.588
12.422
11.608
-19.996
2.0285
22.808
23.982
-2.6683
-1.8311
-12.03
-40.459
-2.9313
1.6288
-15.504
19.022
11.139
9.5998
7.9501
20.972
32.342
19.385
-30.5
-36.962
-53.693
-29.058
-14.979
