-31.971
3.2413
10.252
2.758
-5.9072
-12.15
23.442
21.088
20.773
32.606
33.897
3.145
-15.328
-6.8088
-0.20227
-6.2041
14.03
8.1558
-7.4661
-32.675
-49.357
-54.491
-1.719
10.224
35.074
43.873
16.947
-6.0605
-11.713
-5.6112
-18.303
-18.859
10.856
13.54
-10.028
5.7681
22.702
25.934
4.206
-6.8229
-19.482
-11.924
-11.299
-11.857
9.611
-15.811
1.0763
-4.6575
-9.5576
9.9451
8.5009
7.0692
21.295
-3.9539
11.427
23.583
1.6862
-24.192
-3.8913
-21.413
0.4331
-2.9452
3.0745
9.1608
0.55308
18.312
-3.9337
-3.2953
7.8556
-2.8579
19.827
20.163
-5.5461
-11.729
-30.723
-21.146
-14.882
-12.051
10.412
-6.4181
-13.776
0.46609
27.687
14.414
2.8153
-0.77804
-9.8572
6.6499
2.705
3.3828
11.598
-5.7011
-5.5802
26.726
13.642
-1.1995
-23.089
-15.22
-5.0332
0.66504
8.0412
0.87431
2.7169
-15.079
-17.785
18.012
-0.75675
-3.9313
0.82069
15.659
18.105
-1.6987
3.264
-5.8651
-21.507
-19.205
8.1421
-2.4869
19.881
20.285
-3.554
-7.4286
2.6794
-14.481
4.7495
8.6606
19.314
-6.1309
-30.082
-15.109
12.485
10.525
1.675
-20.28
0.17706
-6.7871
23.656
-18.67
-28.203
-5.1133
4.7808
22.48
1.8971
18.197
21.624
-1.912
4.7869
14.192
-8.0466
-14.991
-10.958
-12.122
-1.636
6.8798
1.9505
-0.89813
13.133
-2.8002
15.937
-4.0068
-9.889
5.5483
-6.9271
2.6756
18.103
6.6334
7.0218
-11.415
-19.008
-5.7929
8.7338
-16.362
-28.241
-14.018
18.868
14.439
4.9545
-20.418
-23.255
4.2156
2.8537
-12.498
7.9243
14.431
8
18.244
31.649
-15.12
2.649
-1.6278
-13.223
6.4902
5.6227
-13.414
19.094
24.204
23.371
5.7198
1.1836
9.7515
-26.809
-33.728
-21.245
-22.523
14.552
-10.526
14.315
18.202
-0.59968
4.0403
-22.58
-10.064
-13.023
-11.193
-2.944
-2.2788
-14.558
-5.9938
11.754
17.013
13.751
5.131
19.667
18.897
-25.035
5.1269
21.264
20.473
7.9076
-14.283
-5.0698
4.576
0.6709
8.5686
0.70353
-11.824
-20.811
-19.752
-5.9591
-0.32601
-10.31
25.189
-15.801
13.137
-5.4289
-11.483
-14.461
-3.3568
20.954
19.387
-0.45244
-8.8872
0.48709
11.678
-5.6624
21.225
11.008
-16.006
17.865
9.4333
-28
-20.582
7.1258
5.1538
-17.117
-9.9875
-11.33
4.0984
-3.7684
-2.1331
11.566
7.336
-3.6775
12.125
-17.893
-18.431
-1.9344
24.769
21.919
8.2189
6.9097
-17.526
7.0644
17.878
19.852
3.157
4.3129
-1.8223
-0.11577
6.0366
-11.247
-21.24
-15.029
-20.966
6.6332
2.5433
7.6756
-8.2686
-1.8447
-24.323
-10.991
7.0734
-12.19
20.697
-2.7327
