18.472
10.77
-3.0179
-27.161
-9.7573
45.714
45.447
-16.887
-37.004
-27.211
19.211
23.174
-41.165
-28.742
-18.67
-36.459
-7.3321
16.342
12.508
-26.729
-6.5232
2.7756
18.141
-5.5889
-49.246
-45.65
3.4411
26.899
21.455
43.778
25.015
20.72
26.388
32.054
33.955
16.566
-27.075
-3.043
17.431
11.123
13.678
-30.973
8.2302
-23.856
9.825
14.448
-35.078
-1.555
6.4097
-30.362
7.6028
11.794
-30.192
-7.0652
-3.1143
3.0163
-12.196
-64.696
15.776
20.335
-13.4
-23.461
-1.4237
-12.446
-9.4387
-3.1031
-7.2923
2.1517
-43.813
26.168
18.329
29.5
-3.7241
32.911
23.551
20.644
39.768
38.619
7.0472
38.031
8.7309
-17.997
-14.231
0.84528
27.538
-36.973
-26.868
-34.743
19.519
-0.63701
-33.706
39.12
-17.032
-35.927
-4.4613
7.0008
2.9064
-20.494
-38.684
-25.477
-24.445
12.29
20.763
-11.778
-23.302
15.979
23.529
6.2788
12.177
-3.4207
-0.066455
18.844
2.8294
27.601
26.861
9.6692
15.786
24.738
-14.045
8.0077
3.3273
-14.938
-23.696
-7.2113
-14.397
-19.709
-38.964
-2.3352
6.4825
-0.42028
-21.186
NaN
NaN
NaN
NaN
60.666
45.601
10.451
-27.44
-8.5851
5.6326
-14.21
7.5642
-25.637
-2.7754
9.1416
-1.9074
-15.967
-46.279
-6.3998
-57.897
-2.8547
42.24
-3.23
-41.047
-9.5852
4.1591
20.123
35.598
-18.339
-1.3287
6.9655
-2.5796
30.942
31.783
31.304
5.4844
-29.889
20.231
21.263
-19.215
6.3242
-19.961
22.47
18.589
-37.677
-18.678
36.247
2.4138
2.1247
-21.141
-12.867
-18.568
-7.1405
16.869
-44.442
17.602
-5.9596
18.399
-14.102
-43.488
8.3045
-43.534
-43.223
-5.0548
32.116
113.16
74.588
25.476
12.795
42.975
-5.1932
-41.696
-5.0862
-7.936
-25.25
-0.36452
-32.254
-55.267
-28.692
-52.499
-37.4
-7.518
-1.6482
37.202
19.485
-3.005
-9.4751
-0.36721
-18.195
35.973
-14.021
54.168
88.977
59.689
18.913
31.481
-53.364
-17.33
-36.218
23.634
-15.844
7.9656
-18.085
39.422
-3.4584
14.369
1.9548
-18.673
17.604
-12.4
-14.004
-21.366
-23.122
-15.188
-37.351
-35.166
-15.223
-12.709
-28.39
-48.292
-10.969
-5.4496
1.6793
8.0064
-36.25
14.398
6.5642
58.949
58.857
58.674
84.05
52.757
42.255
37.87
35.639
-40.032
-35.85
-3.2301
-22.784
-40.698
-48.94
-36.921
-15.261
-30.62
15.314
1.0711
6.0174
19.47
21.417
-11.808
-12.995
-14.564
2.0111
-28.631
-25.083
-7.004
14.836
33.267
-9.9429
-43.534
7.1958
68.952
22.16
6.5128
-26.492
11.079
-12.088
-31.555
-19.75
-14.636
-22.619
-10.726
26.143
39.698
15.587
-7.6043
26.011
1.955
-4.7417
-15.202
-18.071
-7.6752
17.544
NaN
NaN
NaN
NaN
15.367
12.013
7.0533
-8.8943
-3.8494
-14.524
-61.728
-30.174
-28.08
-34.98
10.032
-4.6159
-50.966
-49.787
-38.354
-15.122
28.048
47.61
5.7742
44.679
42.056
37.36
8.1724
-21.193
0.64378
0.38664
14.555
12.159
-40.346
-16.457
16.088
-21.968
-17.325
-50.287
-16.525
-2.0674
42.155
73.705
63.615
5.4695
-34.421
-20.257
-12.67
11.909
6.829
-10.068
-12.407
17.005
-6.7609
