-46.416
-13.388
37.418
63.49
-0.99414
-43.495
-38.357
20.161
29.132
46.699
NaN
NaN
NaN
NaN
NaN
-9.3365
-41.36
26.9
-2.473
-95.676
-21.124
-68.573
-47.36
-44.404
-15.775
-10.964
-34.012
-31.891
-14.367
61.939
11.459
-6.7981
-40.338
-24.305
62.888
92.302
95.764
25.197
-27.19
-51.276
-31.742
2.6332
-23.275
-12.7
-11.235
45.527
61.906
4.8003
17.4
-1.0159
-26.345
-32.563
-24.031
31.737
60.903
45.737
-67.047
-93.254
-80.233
-30.856
16.804
22.954
-12.202
-9.7583
10.826
33.615
NaN
NaN
NaN
NaN
-17.174
-11.837
-86.456
-40.14
3.9023
50.196
49.858
65.759
41.472
-27.83
-35.693
-0.62065
-8.7438
-55.746
1.5777
NaN
NaN
NaN
NaN
45.699
42.111
-5.6306
-23.507
18.562
60.695
25.509
-29.894
-30.332
-7.8747
1.5869
-24.395
-14.753
1.2803
17.598
50.037
-34.338
27.959
-25.953
-20.898
-11.704
-24.404
1.7701
28.504
7.6443
37.324
6.7544
-15.389
-59.675
-15.234
31.156
-37.021
-26.407
-49.416
-1.5523
14.54
114.85
64.977
44.347
-15.079
-32.482
-7.8488
4.1614
24.449
68.873
82.616
43.359
-50.738
-69.101
1.4347
9.9046
10.072
-92.194
-140.74
-138.82
-99.078
-28.866
6.8518
71.762
69.544
53.797
-14.228
64.717
60.151
15.346
-34.803
-57.732
6.3361
27.385
74.511
18.171
56.369
11.311
28.972
37.529
44.16
-2.7234
-59.928
-35.126
34.013
19.135
9.3748
-67.554
4.68
1.6926
-7.2631
-0.22383
-53.182
-88.149
-39.428
-51.983
-42.093
-6.3486
-44.603
-40.58
-22.449
-2.3541
66.524
29.971
55.969
16.915
16.937
42.672
76.838
46.089
30.035
-15.895
3.2971
26.838
4.6159
0.42603
-22.916
-9.2365
37.503
89.866
50.118
-13.054
9.8931
-56.078
7.4586
-62.401
-48.125
-8.2261
-34.882
-75.505
-78.519
-51.016
-7.6788
NaN
NaN
NaN
NaN
10.741
63.134
79.854
112.44
64.199
101.55
59.143
63.567
-20.196
-34.965
-22.181
22.686
8.8172
-15.857
23.514
-0.45987
18.023
NaN
NaN
NaN
NaN
NaN
-42.835
-29.878
-5.8052
-1.6138
-26.011
-26.598
-13.97
15.012
28.845
-0.0063795
-48.595
-13.944
