NaN
NaN
NaN
NaN
-22.252
-64.863
-8.8184
44.569
72.8
47.905
53.766
46.412
24.772
24.465
-41.424
-12.822
-2.2435
-48.743
-23.225
-43.903
-8.6255
58.344
13.652
-20.846
-42.358
-44.367
-17.219
28.815
-25.522
29.258
104.23
14.348
27.269
41.207
NaN
NaN
NaN
NaN
NaN
NaN
NaN
-32.312
-24.154
-31.187
-23.295
-22.172
19.471
0.74333
-6.7996
21.509
1.5333
-20.599
-30.387
17.886
18.532
16.797
-21.782
-54.033
-69.582
-41.347
-25.469
14.775
23.454
1.4771
-2.5402
23.257
41.246
26.624
41.526
73.2
104.55
73.229
70.338
87.638
15.241
-17.06
-47.176
-77.096
-22.499
-42.364
-48.89
-45.789
-4.8263
-13.656
-44.502
-7.2187
-45.135
-34.916
-11.561
-14.211
-24.833
51.637
22.275
-10.228
0.60044
-6.6503
-4.5031
48.725
38.922
-29.271
-9.6739
-4.5133
-6.4024
4.6727
NaN
NaN
NaN
NaN
NaN
2.704
45.482
-24.338
-45.769
27.595
49.198
82.977
93.375
95.319
-23.244
-79.282
-21.889
-32.283
-14.888
-40.484
-0.446
-4.2735
50.484
26.762
-17.497
-66.457
-69.364
-61.935
-60.933
13.732
-9.7374
5.0032
32.998
89.37
11.513
26.673
33.454
68.011
19.842
-11.127
-18.597
-6.4791
-56.041
16.045
16.961
-28.24
-51.181
-31.392
4.5881
-7.7568
-7.5907
-5.4016
-1.2721
-19.716
13.291
-40.095
-10.368
-25.936
37.255
52.62
52.458
67.364
25.915
52.484
-30.718
-27.917
-15.852
-14.326
-6.7395
-20.39
NaN
NaN
NaN
NaN
NaN
NaN
71.848
34.298
8.7684
2.604
47.055
40.327
13.207
-23.455
10.064
-22.913
-48.338
-42.057
-7.8595
13.317
4.0581
-16.42
-40.575
-18.585
-7.6481
-29.543
-6.7902
15.047
-8.7264
-17.589
-48.244
-15.283
12.133
17.689
NaN
NaN
NaN
NaN
NaN
NaN
-16.156
-26.256
-5.3507
-6.9971
-36.065
-42.881
-36.715
-47.285
-25.88
-25.417
39.629
93.115
107.87
91.144
15.325
-11.47
3.1628
-16.483
-21.296
-23.536
-13.213
15.205
43.62
1.829
-16.303
-13.295
31.133
29.845
18.435
-25.436
NaN
NaN
NaN
NaN
NaN
-35.826
10.566
34.424
28.927
0.37864
-42.293
-55.613
-45.026
-22.706
-66.666
-59.739
-22.798
17.304
38.969
62.038
71.914
86.992
114.92
130.88
95.713
-12.728
-62.666
-8.1971
-3.1705
-28.296
19.786
-0.29019
-12.483
2.543
-21.53
-32.466
-63.747
-13.493
-21.937
11.932
-12.027
0.8972
-3.2019
5.488
-38.082
-31.481
-20.6
-3.0696
-10.213
-16.212
-14.481
