-54.8
-64.335
-47.439
-13.977
-15.681
-16.375
-2.302
-50.396
-67.527
-23.176
29.371
27.163
16.225
11.571
-60.625
-8.6986
7.5173
-26.467
4.063
-27.793
-12.035
-18.889
-21.883
-36.498
20.862
43.243
15.606
28.17
17.506
40.363
79.156
103.21
90.892
29.647
83.154
36.103
-60.818
-51.327
NaN
NaN
NaN
NaN
NaN
-8.4518
-11.397
-8.4122
-12.383
-4.6296
NaN
NaN
NaN
NaN
NaN
NaN
NaN
NaN
NaN
20.11
23.266
26.952
2.6687
14.453
53.336
53.749
75.419
65.006
32.237
11.113
-18.852
-12.447
-1.0082
-11.929
3.3161
36.119
14.083
-24.712
3.8226
43.777
81.903
31.647
-19.993
2.3156
-21.881
-34.134
-71.714
-101.41
NaN
NaN
NaN
NaN
20.667
18.952
57.279
7.1727
12.981
-7.8685
-20.56
-52.33
-48.573
-27.937
NaN
NaN
NaN
NaN
NaN
NaN
NaN
NaN
10.037
16.326
49.78
62.818
77.155
63.341
48.766
19.456
10.97
48.697
14
-2.7172
-23.541
-23.294
-75.711
-67.094
-52.291
-43.943
-29.165
-8.0765
4.6523
-14.934
62.102
52.369
10.085
-0.27336
43.295
-0.031427
-25.263
-14.253
33.001
53.883
34.027
-63.972
-61.174
-24.445
2.6859
NaN
NaN
NaN
NaN
NaN
NaN
-12.811
5.2055
-23.21
-10.193
-21.296
-9.0131
-41.452
-61.308
-55.398
-17.148
3.6496
20.61
27.04
29.355
32.826
50.729
61.197
69.309
6.7295
58.518
35.959
19.992
17.486
21.54
-17.265
-21.719
-48.581
-121.7
-90.37
-102.42
-67.243
3.9918
23.241
15.522
56.636
3.3576
-18.739
8.9908
18.514
25.654
22.733
79.393
102.5
38.532
12.149
-25.912
13.511
8.9369
-11.971
-2.5009
-19.522
-40.65
-43.77
NaN
NaN
NaN
NaN
NaN
NaN
72.428
10.919
16.361
20.375
88.583
66.426
28.182
-34.019
-31.669
-4.3262
11.552
NaN
NaN
NaN
NaN
NaN
NaN
13.16
21.129
5.375
65.513
16.521
18.588
6.193
-5.6973
-6.7607
43.389
17.685
-53.411
-87.314
-85.65
NaN
NaN
NaN
NaN
NaN
NaN
-9.7161
1.3495
-5.9951
7.9306
32.799
-37.754
-30.453
-25.861
-1.766
-0.41429
7.3954
-6.0434
-39.385
-26.451
-64.448
-25.249
-5.4833
37.882
55.374
73.267
51.622
56.573
53.503
16.212
30.86
67.957
3.8766
-6.182
28.988
6.2068
-14.922
11.562
8.4869
33.321
-27.293
-93.571
-88.325
-102.77
-47.96
-23.802
20.449
8.7294
-31.155
-40.862
-40.012
-52.668
7.1933
25.238
26.25
1.8596
8.2181
-1.9922
-16.594
22.027
15.675
4.7652
48.844
35.089
1.4375
NaN
NaN
NaN
NaN
3.4848
-5.5659
-13.628
-12.048
10.809
NaN
NaN
NaN
NaN
NaN
NaN
