NaN
NaN
NaN
NaN
5.167
9.7788
33.446
35.654
21.564
16.56
-17.271
-18.834
-14.073
-6.4319
8.2183
24.627
29.209
-24.24
-30.229
-19.719
-7.7479
23.524
-8.2262
-42.389
-16.356
8.7908
11.785
-7.841
-15.971
1.645
13.971
-16.687
-17.428
11.097
NaN
NaN
NaN
NaN
NaN
NaN
NaN
-14.569
-1.369
-11.751
-0.98186
-2.4018
25.607
12.701
0.16644
-28.626
-25.089
-37.627
-5.3527
76.806
56.002
6.2223
-9.2271
4.811
-27.758
-4.2095
10.463
2.4291
-15.002
6.8678
-0.30738
-32.875
-10.537
25.331
5.8896
19.298
39.477
-0.11919
-20.439
-0.27104
-27.09
-1.9319
-6.9204
-24.807
-4.2279
5.1474
23.06
9.9647
5.4625
-16.889
-43.308
-15.361
-16.095
-19.741
25.731
26.372
22.212
36.879
44.613
-2.8002
2.0808
-10.631
-22.895
-27.21
-16.321
-34.391
-4.814
-26.705
-16.426
-12.398
NaN
NaN
NaN
NaN
NaN
-8.5156
-0.13492
11.563
3.1207
12.471
10.501
10.486
29.309
33.805
23.876
-2.6006
-5.5412
-34.869
-22.975
-34.969
-7.1186
-6.3882
-11.12
-15.499
1.1641
15.084
22.216
11.471
-0.65639
4.3495
4.0979
-10.36
-0.53384
0.13409
-27.18
-14.964
-14.109
-17.188
-16.264
-8.3345
1.9421
5.361
4.9562
14.867
10.985
4.0233
9.3599
2.0718
9.931
-1.9969
-12.994
16.293
9.0308
2.0505
6.2737
-12.457
9.5235
5.3413
18.671
25.094
42.407
32.216
23.044
-0.16932
-23.878
-22.974
-27.743
-9.537
-13.088
-33.165
NaN
NaN
NaN
NaN
NaN
NaN
-7.2988
-31.817
-18.337
16.68
3.9302
-22.509
-14.24
-9.7025
13.221
6.9008
5.4765
9.3272
21.492
31.111
13.477
-7.3234
-5.3281
3.0436
5.1838
7.6063
6.3915
5.199
0.27336
-13.972
3.4586
16.978
19.276
-9.1091
NaN
NaN
NaN
NaN
NaN
NaN
25.818
15.14
23.196
15.533
15.019
8.7008
0.83701
-9.0513
-17.679
-22.343
-25.366
-28.668
-8.4808
-4.6824
2.8855
-0.57156
-8.8453
3.5077
2.2104
-14.23
9.159
13.449
3.5814
-15.652
-24.491
-13.419
8.4604
11.063
15.067
-8.9912
NaN
NaN
NaN
NaN
NaN
12.083
18.522
30.276
31.108
32.767
-0.019303
20.971
6.9155
3.222
3.31
-8.1797
17.199
11.879
8.8762
-7.9189
-21.91
-8.1193
-5.0723
-23.707
-20.851
-30.948
-4.0579
6.3476
0.84651
4.5534
-10.364
9.3716
2.0842
1.1104
-24.249
-11.84
-7.7522
-7.3901
8.7882
-6.4196
-9.4761
13.898
13.33
-0.52954
10.912
9.42
16.529
17.955
7.4843
-4.0159
-23.86
