-35.57
-12.659
26.873
26.125
23.802
21.395
9.9038
33.243
36.083
17.654
-1.5476
-20.72
1.7346
-2.1217
-0.1311
9.3876
2.85
5.4199
-20.618
-46.988
-32.358
-50.802
-6.5595
-16.617
-6.3237
12.463
14.933
1.3685
-4.1517
10.226
11.765
7.087
6.1676
-11.827
-5.6842
-38.7
-6.5877
19.389
12.651
6.8613
-8.697
-14.183
-8.4458
-6.6757
-5.0856
6.8774
-0.25709
7.3662
-7.6869
8.3881
1.0742
9.4362
21.303
37.607
39.687
38.184
31.668
0.21999
-3.9871
-20.202
-13.219
-24.667
-11.133
-4.7512
-9.6909
-14.062
-5.1833
37.612
23.133
8.7252
-3.7752
0.060019
15.467
NaN
NaN
NaN
NaN
-37.851
-9.7211
-20.994
-38.006
-27.217
-24.762
7.9752
29.086
21.413
-11.091
4.1443
0.93126
12.071
19.158
20.431
13.519
11.51
-2.2714
NaN
NaN
NaN
NaN
25.362
19.349
17.133
3.7466
-1.7319
NaN
NaN
NaN
NaN
NaN
-21.945
-21.253
-10.267
34.064
17.423
5.6672
-0.87886
11.211
-5.9722
-16.591
-20.251
-6.3662
10.253
-10.501
-42.847
-30.62
-2.9514
-2.8295
6.8131
-0.14243
10.886
2.6837
6.3514
-2.9033
-10.852
-2.6677
-9.5395
-9.2106
7.4844
5.9052
26.124
22.741
-1.3896
-13.837
-2.9547
-22.337
-13.292
-11.737
-11.697
6.3575
11.728
34.403
33.085
39.228
34.041
27.637
11.264
10.717
-19.847
-11.068
7.4942
16.965
10.763
22.692
5.2722
-38.108
-55.864
-40.841
-9.713
9.505
-18.474
-10.361
3.1878
6.6021
-10.356
-43.801
-35.424
-24.181
-30.171
-23.153
-1.6545
22.623
24.263
29.973
9.4386
-1.5345
20.68
19.585
19.058
13.103
16.376
35.408
13.144
3.2172
11.659
1.3305
-9.8622
-5.9945
-9.769
5.5595
-5.9738
1.7853
23.025
9.1786
-23.824
-62.593
-22.761
-4.4991
0.57733
1.1844
4.4564
-25.34
-19.209
15.22
22.351
38.345
54.256
37.407
9.3372
-2.9678
-2.8079
-9.0026
-1.1824
-19.068
-13.679
-15.5
-13.556
-40.148
-17.949
-19.933
NaN
NaN
NaN
NaN
NaN
NaN
NaN
NaN
NaN
NaN
NaN
NaN
NaN
NaN
1.2236
4.9704
2.7664
-6.3936
20.304
31.304
14.752
37.398
43.438
6.6565
-22.104
-16.04
0.3904
12.739
-10.29
NaN
NaN
NaN
NaN
NaN
33.295
26.947
-1.3958
-19.356
-15.434
14.195
-12.091
-56.549
-19.695
-1.5672
-6.1573
-9.5361
NaN
NaN
NaN
NaN
10.964
9.7091
-1.004
-6.6571
15.06
NaN
NaN
NaN
NaN
1.6193
3.8012
6.6285
-20.696
36.05
7.1645
