1.6648
-17.157
38.662
-27.858
-8.0853
-30.753
15.205
9.3228
10.338
-13.978
NaN
NaN
NaN
NaN
NaN
1.4658
-39.927
-30.363
-15.815
8.396
37.656
-3.3424
19.842
38.612
13.404
-4.7998
-14.049
13.784
29.332
3.8539
6.7045
-18.826
22.974
-9.699
6.1945
-14.424
15.358
-3.595
-36.867
1.1386
-18.853
-16.31
-10.478
-35.68
15.084
-34.249
-14.429
-27.643
44.987
-0.61347
-16.09
-20.168
-7.5888
31.949
23.509
29.105
18.999
-15.152
-8.8381
0.86526
50.599
16.843
8.1173
37.101
21.119
4.0151
NaN
NaN
NaN
NaN
-12.715
24.547
-35.907
-30.53
-25.513
-4.042
-6.1507
-5.7532
-11.726
-13.165
-0.60202
-17.409
-8.5917
-5.2038
19.074
NaN
NaN
NaN
NaN
-5.4179
-2.6288
-17.008
37.111
-14.712
-8.9692
32.056
-9.1626
-3.5712
-14.857
23.646
1.3523
9.0766
-34.433
26.298
52.049
33.622
51.255
-28.285
8.1194
-31.26
-31.26
14.043
0.28484
-37.257
17.1
-34.939
-4.8511
-35.798
-7.5124
18.782
-8.9312
-36.992
-22.933
-5.3162
7.1033
20.461
44.93
14.342
10.773
-13.058
6.5242
-12.575
19.75
-7.4989
-16.281
3.1147
44.845
39.697
4.843
-16.121
-30.878
17.603
5.0412
-22.648
-50.651
-6.5794
-4.5431
14.814
7.3058
0.52019
20.642
7.1737
17.918
17.778
-21.104
18.22
-9.3142
-34.457
-20.768
-7.5611
1.9886
-21.554
-18.634
-31.245
8.7133
33.003
48.338
35.055
37.532
59.191
60.703
-5.8564
-43.883
-98.534
-39.578
-24.503
-31.357
-60.413
17.783
28.753
21.263
-15.073
-25.237
-2.6709
37.987
42.522
6.6224
-30.183
4.8512
20.003
-9.4281
21.967
14.511
9.2823
11.239
25.205
2.9421
36.394
19.846
-25.515
-22.04
-55.184
-6.2454
48.483
-11.448
4.9078
13.801
-13.961
-80.24
-23.176
-39.938
17.702
-10.741
3.7982
-4.8882
12.439
33.946
NaN
NaN
NaN
NaN
2.5535
-12.201
-12.285
32.255
29.13
32.122
34.685
-11.667
-34.3
25.067
0.22696
4.145
-24.602
-22.538
-21.838
12.861
-8.4189
NaN
NaN
NaN
NaN
NaN
5.3968
-10.518
-26.25
-24.916
27.333
4.0121
24.657
1.833
-13.412
0.41227
-53.677
41.495
