NaN
NaN
NaN
NaN
25.764
5.9451
25.168
4.3388
8.92
1.6887
-28.569
-29.697
6.5653
27.242
-31.531
-21.998
-21.321
-49.826
-28.389
-11.943
-25.858
16.482
-6.4088
-18.769
-11.808
-23.9
-31.211
25.51
21.106
20.902
38.557
1.1788
54.179
98.101
NaN
NaN
NaN
NaN
NaN
NaN
NaN
-1.3609
-1.1708
-40.236
-18.479
10.217
15.868
38.059
41.154
49.58
15.488
-33.642
-39.441
-26.584
-18.504
-16.256
-52.15
-61.67
-63.395
-34.797
3.9032
2.9934
-25.033
-41.644
2.5869
-12.711
27.562
24.123
31.304
31.446
44.97
-0.93936
56.234
12.717
-33.988
-46.076
-13.768
18.838
15.4
-2.2189
8.9201
27.335
38.54
65.213
37.776
3.2943
-12.541
6.1364
-14.618
-30.401
-37.074
-23.676
-7.8921
3.7916
6.621
-22.474
-32.752
-18.969
-28.407
-17.307
34.193
41.46
27.637
71.175
NaN
NaN
NaN
NaN
NaN
-4.9128
24.447
-12.131
-32.476
-12.779
-2.0682
3.3182
4.2887
-7.4005
-28.704
-55.005
-15.705
-27.843
-31.239
-38.157
-25.792
21.23
30.82
22.1
2.0851
-25.242
-2.5865
1.4867
11.524
46.722
35.019
13.258
51.378
63.462
43.025
16.318
9.4663
45.911
43.252
9.598
15.343
-7.6911
-22.281
16.818
-24.207
-36.956
-37.869
-33.179
-11.168
-12.481
-27.867
-36.201
-20.091
-35.975
-23.099
-41.176
-13.56
-33.066
-28.23
0.53396
10.398
31.337
33.743
-1.6247
-38.909
-26.108
4.0541
16.91
-12.032
25.592
NaN
NaN
NaN
NaN
NaN
NaN
77.488
50.695
15.169
2.487
12.858
-6.6813
-7.0034
58.726
30.765
33.538
13.029
5.0597
-4.2558
-5.5896
-31.149
-57.131
-43.92
-46.974
-10.512
-13.717
16.302
43.2
17.418
-27.997
-27.558
-48.088
-82.153
-52.897
NaN
NaN
NaN
NaN
NaN
NaN
17.044
25.488
-38.318
-28.442
8.9906
-21.002
-17.953
7.9907
0.48493
49.49
41.687
41.232
27.696
31.611
31.279
26.757
23.358
26.645
-4.6011
7.619
10.732
-2.0825
-15.932
12.792
-31.796
-2.0087
7.0786
54.964
37.15
9.7295
NaN
NaN
NaN
NaN
NaN
-5.9564
-19.176
-0.93648
13.689
7.7779
-19.469
-47.798
-66.81
-52.787
-29.544
-34.108
0.83668
7.5855
10.573
24.027
31.87
27.262
24.889
49.88
50.941
13.496
6.9824
23.286
19.112
41.256
31.353
17.105
11.608
11.929
-28.508
-14.026
-33.324
-12.925
-7.9351
-18.077
-49.694
11.929
24.552
26.941
-32.37
-32.588
-7.5925
6.8295
-4.654
-29.913
-44.052
