NaN
NaN
NaN
NaN
42.037
22.242
-1.516
27.394
28.802
36.736
26.404
37.073
58.392
21.64
-23.521
-41.689
-38.696
-53.223
-35.103
-14.705
-5.2599
15.514
9.3715
-25.51
-6.0649
-13.361
-4.8773
21.24
19.602
46.009
55.181
-7.6236
12.977
9.3685
NaN
NaN
NaN
NaN
NaN
NaN
NaN
-6.7443
-25.802
8.8016
-14.263
-13.243
-38.111
-34.96
-39.275
-5.4951
-9.897
12.129
2.3388
53.835
12.228
-40.206
-51.572
-49.827
2.9976
20.276
-17.382
24.908
3.2413
3.3573
31.109
55.02
61.507
64.102
46.324
49.23
48.569
81.123
50.408
35.998
11.33
-12.2
-26.803
-73.564
-52.21
-78.538
-35.608
-15.519
-24.764
-11.558
-45.755
-76.613
-58.949
-6.4057
-4.6382
16.524
-4.2683
19.167
34.092
-16.118
-53.844
-47.1
-60.024
37.682
44.639
36.904
16.62
30.691
-50.528
-3.7846
NaN
NaN
NaN
NaN
NaN
18.997
5.6457
3.2725
47.109
93.161
37.256
63.415
71.577
23.135
10.086
-20.311
39.776
25.43
29.065
36.561
-13.239
-17.043
12.901
-36.115
-40.545
-105.73
-78.592
-88.392
-69.274
-9.8558
-65.478
-62.238
-57.728
1.8633
-60.203
-55.084
-31.087
-15.616
22
57.725
72.625
57.279
48.441
60.681
58.404
19.994
32.832
-5.1505
11.862
34.608
3.719
19.411
-11.453
21.68
-10.856
-35.346
-0.69531
46.156
44.611
65.683
32.976
26.03
40.993
22.258
-28.891
-2.9359
-3.0204
-31.946
-75.16
-54.892
NaN
NaN
NaN
NaN
NaN
NaN
-78.535
-69.524
-24.719
-10.841
10.882
57.391
10.736
7.122
46.738
22.143
6.5754
-5.7671
7.8825
45.055
53.615
6.7026
10.264
12.491
-34.239
2.3147
-57.691
-2.1309
-2.8293
24.047
37.205
43.077
64.237
51.158
NaN
NaN
NaN
NaN
NaN
NaN
-43.32
-40.012
11.233
48.111
46.514
2.4514
-53.421
-33.486
-66.576
-50.291
-55.461
-19.687
-33.819
-8.288
-47.999
-43.639
-29.773
11.515
30.718
24.251
36.576
54.492
24.068
50.073
7.0853
-13.154
-15.435
-5.2302
-17.556
3.6976
NaN
NaN
NaN
NaN
NaN
-4.5549
87.188
53.668
-2.6496
36.55
9.6579
49.947
22.614
34.492
-35.342
-18.401
-47.421
-51.492
-45.101
5.1948
-30.65
20.615
9.4345
27.686
-30.891
-22.622
-18.334
-10.22
-20.577
-14.885
47.517
-17.941
23.599
14.384
33.927
15.646
27.881
-10.045
-18.207
-29.232
-10.505
8.0738
0.61805
-21.451
10.073
-1.6105
-44.132
-31.836
-13.837
4.2604
25.424
