-7.0853
-20.964
19.122
0.3745
19.475
-7.2496
33.831
37.321
41.794
29.681
-12.703
-22.943
-16.332
5.5318
10.997
7.4004
9.5134
-25.199
-18.504
-34.656
-18.754
-74.041
-52.384
-77.992
8.6889
-8.8902
32.164
15.359
-10.081
-7.7147
18.433
57.218
68.078
0.97042
-21.975
-12.637
-48.313
-22.796
28.684
49.306
30.266
-10.424
-20.981
8.5833
13.478
-2.0956
-12.072
-39.888
-10.746
17.209
26.535
55.79
112.89
85.262
5.0416
-23.948
-31.262
-19.758
-24.514
-30.821
-42.586
-63.886
-22.505
-43.036
-18.025
-25.646
5.4018
55.729
27.946
44.216
-16.446
-25.127
26.277
NaN
NaN
NaN
NaN
-19.411
-28.413
-33.679
-35.624
-0.25281
23.86
61.639
71.799
57.73
1.1427
3.9032
11.838
17.675
31.962
24.808
16.255
13.093
-31.057
NaN
NaN
NaN
NaN
16.789
18.596
25.106
13.517
12.818
NaN
NaN
NaN
NaN
NaN
-16.853
-21.696
13.178
29.386
11.882
37.318
46.288
95.45
73.639
46.858
-10.608
-84.731
-34.097
-6.1512
-70.361
-70.89
-44.605
-23.065
11.225
-17.281
-27.284
-15.772
-7.1579
9.1452
-8.2011
33.938
18.604
37.234
2.8425
23.458
44.419
32.405
16.139
-9.7807
-4.0144
-13.987
-36.157
-26.312
-38.207
-4.4163
40.134
30.46
10.448
4.644
20.794
25.264
53.664
18.429
21.965
11.425
21.168
2.4558
-32.194
14.406
-64.18
-59.182
-71.186
-44.649
-7.9093
17.367
-27.611
11.783
28.91
45.584
-16.494
3.5036
-20.575
-51.757
-32.206
-20.857
-32.478
43.318
70.885
33.132
-5.5921
-10.288
5.4612
-26.079
-7.4646
23.542
62.174
57.287
-3.0263
-14.629
-16.234
-29.88
-12.287
4.8473
12.481
-19.154
8.9608
-3.1547
39.782
48.242
56.64
-0.40869
-28.078
-0.018719
-9.8388
-57.011
0.979
-49.921
-51.863
-25.1
4.8647
-5.568
60.327
56.861
40.093
14.057
-18.925
-34.071
5.7565
-5.3451
-6.3314
-6.691
-29.564
-50.126
-36.042
-32.718
NaN
NaN
NaN
NaN
NaN
NaN
NaN
NaN
NaN
NaN
NaN
NaN
NaN
NaN
9.2109
0.6931
31.032
14.99
15.494
38.422
-22.338
10.519
24.279
-4.8999
-37.867
-42.019
-25.568
-3.899
10.755
NaN
NaN
NaN
NaN
NaN
33.082
-7.0586
-24.477
-74.148
-55.883
3.9816
-38.954
-19.452
20.859
47.098
17.05
-6.6387
NaN
NaN
NaN
NaN
40.583
40.842
4.3324
-7.0518
16.009
NaN
NaN
NaN
NaN
-22.238
1.8704
-2.5234
-2.1717
60.156
30.372
