4.0627
41.788
-39.158
22.866
-12.688
21.691
8.6368
-12.039
-5.8111
5.7031
35.45
43.435
31.811
8.4466
-19.83
-1.5253
0.7823
15.484
15.543
-18.621
-58.889
-16.269
-67.432
-49.361
-29.696
16.951
-27.741
-33.442
28.498
8.3483
30.559
-7.4221
44.424
-3.066
1.3634
14.628
27.62
47.522
NaN
NaN
NaN
NaN
NaN
-31.452
-8.2691
-12.016
51.5
28.356
NaN
NaN
NaN
NaN
NaN
NaN
NaN
NaN
NaN
3.2569
32.221
27.215
16.823
24.313
72.618
28.183
43.259
26.537
27.161
16.548
0.26674
-58.201
33.371
-15.821
-43.133
20.661
1.2422
21.012
3.3616
-4.826
-10.754
-45.022
1.9095
-8.2173
1.5009
-30.554
-45.315
-48.808
NaN
NaN
NaN
NaN
28.103
81.799
39.515
27.923
36.653
-18.031
-28.323
15.373
-14.787
-1.1292
NaN
NaN
NaN
NaN
NaN
NaN
NaN
NaN
17.759
-8.6507
54.476
13.122
-13.032
2.8765
18.183
25.389
21.566
-18.687
-3.345
-20.622
-0.96911
-12.436
30.255
-11.557
-4.7795
12.652
-6.9153
40.984
18.055
-5.0461
-15.713
-27.318
-15.27
-31.706
-46.451
-53.42
-53.102
-3.9317
42.151
5.0189
41.831
2.1458
39.674
31.03
33.627
NaN
NaN
NaN
NaN
NaN
NaN
-5.0751
-0.71276
-13.031
-66.286
28.377
20.812
-38.699
-16.808
-0.95362
5.7844
5.3255
26.616
15.634
5.5807
-4.5796
-15.782
-18.518
-26.691
-8.5793
68.056
49.03
2.1643
2.5676
-23.341
-58.353
-64.819
-5.3248
-21.214
-35.399
-32.227
-12.612
37.907
29.021
41.946
35.444
33.571
9.6902
9.8734
0.72559
12.144
-2.8794
-6.4699
10.366
-17.36
67.355
41.552
49.851
11.818
-30.364
-58.556
-24.712
-34.403
-42.814
NaN
NaN
NaN
NaN
NaN
NaN
-27.323
34.236
11.24
11.094
-8.1746
12.407
-26.168
24.671
-12.854
-25.618
-28.13
NaN
NaN
NaN
NaN
NaN
NaN
10.481
-31.181
-42.221
-27.174
3.2286
-1.4135
-14.978
-0.1715
-12.883
40.654
20.387
20.459
23.217
25.877
NaN
NaN
NaN
NaN
NaN
NaN
-17.663
-75.997
-60.93
-27.217
-0.83115
35.338
-4.8281
0.90726
-17.051
-4.4608
29.059
7.3685
-61.443
-39.356
-34.628
4.9571
34.371
25.992
21.171
14.67
55.067
23.718
62.911
-0.39613
26.211
3.8035
11.731
-52.762
-42.987
-20.724
-18.038
-47.58
-2.8701
43.613
1.795
-0.30446
-36.928
-8.7715
18.029
36.639
25.402
39.032
-31.171
-18.584
-31.142
18.665
-7.5402
11.063
31.443
36.519
-14.999
-48.489
-32.031
-0.75123
-0.77985
45.331
11.846
-15.744
7.8539
NaN
NaN
NaN
NaN
24.661
45.796
28.698
0.59243
-16.19
NaN
NaN
NaN
NaN
NaN
NaN
