-55.993
-57.828
-51.974
-84.585
-6.6792
50.145
83.962
103.98
71.138
-4.8147
NaN
NaN
NaN
NaN
NaN
9.9667
37.798
-13.943
-45.173
-48.309
-6.0312
-32.901
-18.739
-10.017
4.5726
3.8231
35.639
13.101
49.979
38.07
7.6253
-6.6862
-5.644
-1.5441
-2.2936
4.1994
13.036
-38.013
-16.44
-19.09
30.457
6.5065
14.332
13.919
-20.116
-48.132
-20.831
-0.29852
1.7149
13.469
-0.84836
-4.3181
-26.929
15.835
12.921
-21.87
-36.645
0.89294
-21.854
12.096
59.148
47.695
20.523
40.157
44.449
18.122
NaN
NaN
NaN
NaN
10.424
11.256
-28.459
-50.193
-34.579
-1.3459
22.401
2.8366
8.1415
10.632
-1.4635
27.127
33.077
6.6314
-21.106
NaN
NaN
NaN
NaN
-36.594
-39.397
-7.5984
5.8618
0.035701
32.146
24.174
5.5163
-29.154
25.738
48.237
16.364
8.6879
39.35
48.781
24.358
2.3875
-14.191
18.649
-27.531
-19.463
-6.6843
-9.7014
-13.378
-15.604
4.4234
36.318
-9.4468
-44.15
-22.398
39.285
7.4642
-28.649
-53.398
-22.844
-11.238
-19.484
-37.16
-23.64
41.797
37.372
45.436
39.18
0.73555
-24.356
-43.873
-39.285
7.0286
35.566
17.607
-33.176
-35.836
16.029
24.782
96.224
80.113
33.084
-27.09
-39.139
-9.7429
26.663
31.154
19.344
-6.7307
5.288
-24.518
-7.0515
-20.718
-19.996
-20.198
-27.844
-23.426
-17.22
-49.868
-90.089
-34.053
-1.7244
-2.1375
28.71
26.261
31.854
39.974
36.67
11.777
-1.051
27.636
16.542
7.3955
-7.8962
-6.1538
-18.226
-24.153
-3.7675
-7.7687
2.0571
34.355
18.05
2.9988
16.42
35.652
61.604
44.785
-23.303
-47.934
-47.991
-11.144
-12.598
-2.9498
-17.247
25.401
25.932
8.3626
-14.531
-24.397
-28.808
-34.547
-10.572
-18.753
-27.159
-49.924
-33.413
-29.601
-18.4
-31.031
-19.236
5.4862
66.696
91.898
NaN
NaN
NaN
NaN
21.683
-10.699
-47.693
-85.604
1.0361
-1.7736
-45.223
-12.018
12.798
22.036
-55.924
-53.775
-28.163
24.351
20.107
27.262
43.315
NaN
NaN
NaN
NaN
NaN
-55.537
-11.858
-11.6
32.642
49.703
33.019
13.89
28.298
13.612
14.363
14.342
37.593
