-68.722
-32.019
43.46
20.11
-7.7667
-36.698
-43.004
-16.452
-28.896
31.275
26.562
45.456
21.306
-25.489
11.221
-42.967
13.808
-10.895
-23.804
-32.634
17.455
7.7672
-1.43
14.638
53.19
58.579
36.387
29.518
-53.195
-10.104
-39.754
-63.425
-5.2674
-24.18
45.249
-24.984
21.375
8.8361
5.5373
22.824
51.929
17.663
-6.8616
-28.597
6.6871
-33.02
-23.965
-34.371
-15.352
31.755
-28.438
19.171
55.021
41.048
-27.942
-32.003
-30.196
-1.7799
-32.199
-28.589
0.89327
-20.494
1.3076
23.852
42.142
76.957
8.1263
34.532
-4.5611
-30.156
-25.327
-4.129
0.77014
NaN
NaN
NaN
NaN
50.626
-3.3323
-3.9194
31.377
4.6421
-6.9987
4.3649
-10.505
-5.0018
-29.036
10.041
29.036
33.327
0.85265
22.767
-1.3515
12.042
21.724
NaN
NaN
NaN
NaN
-10.525
-40.871
-39.161
-36.676
-40.102
NaN
NaN
NaN
NaN
NaN
-54.442
-36.978
-3.8635
-1.2179
9.5259
84.557
61.598
101.25
76.129
-34.985
-46.579
-51.874
-42.95
-37.305
-3.9165
47.297
33.462
11.315
-1.9376
-16.821
-5.1328
2.5279
13.101
-11.145
37.363
-8.7159
21.782
-37.694
5.3723
-38.18
31.373
28.236
-9.0458
-21.576
6.0597
-34.58
-30.715
0.24399
-23.258
-7.8631
-17.117
43.784
10.743
-12.17
32.338
9.4886
10.331
-12.549
-46.316
-8.528
6.6098
28.762
20.076
20.803
12.968
-17.285
-33.002
10.064
-6.9897
8.4067
-67.963
-19.128
4.6538
-12.422
2.2479
29.136
30.998
32.6
28.35
15.197
4.9993
8.5535
34.373
37.903
-2.6125
2.9074
-5.297
-3.3638
-29.423
-32.996
-43.761
33.941
8.6961
11.701
-21.669
-31.581
-27.219
-41.873
-31.405
-37.679
-15.775
8.5978
38.398
33.207
23.282
-8.6813
-10.31
-33.067
8.9871
4.8466
-25.743
-20.451
21.175
52.749
64.476
33.283
-16.277
13.565
-4.187
40.596
33.901
22.568
14.584
-75.543
-36.728
-25.081
-31.976
14.264
11.455
-5.0544
NaN
NaN
NaN
NaN
NaN
NaN
NaN
NaN
NaN
NaN
NaN
NaN
NaN
NaN
-48.82
-23.769
-39.792
8.8045
-10.039
19.401
30.837
71.93
-1.167
-32.598
-22.599
17.195
43.979
41.903
37.375
NaN
NaN
NaN
NaN
NaN
-49.264
-16.037
-16.184
7.2737
-34.736
-17.028
-15.955
-15.869
10.018
-31.083
-25.633
-44.725
NaN
NaN
NaN
NaN
8.3916
17.069
14.539
-11.012
13.152
NaN
NaN
NaN
NaN
-3.3076
-15.442
20.388
-10.735
34.621
-4.0084
