-2.4791
55.407
42.105
36.738
51.81
42.971
-89.708
-98.441
NaN
NaN
NaN
NaN
-30.401
40.613
97.805
81.148
82.912
92.551
38.185
-5.2481
-57.887
-58.364
-105.63
-87.086
-33.332
84.546
55.952
16.416
-5.1551
87.521
75.672
-17.816
-78.923
43.616
46.981
6.3422
-43.487
-114.32
-85.528
-66.069
-69.269
-76.967
-34.45
-42.776
-49.482
33.17
5.3326
14.797
61.808
34.788
-19.985
-76.014
0.77461
107.94
146.01
171.51
105.89
37.08
45.555
22.253
81.442
110.03
-24.612
-75.9
-20.95
-16.939
-107.48
-142.02
-113.41
-101.91
-112.72
-81.967
-31.375
37.886
12.554
-14.3
41.924
98.084
28.914
NaN
NaN
NaN
NaN
NaN
6.8078
26.609
5.2549
8.5144
-17.502
41.012
5.6328
2.3055
7.8025
38.551
102.58
64.487
32.454
62.168
-24.439
-26.793
-17.092
-82.642
-76.047
-64.669
-102.88
-50.883
45.041
101.45
-3.4832
-94.838
-98.146
-13.529
14.531
-14.773
31.319
81.343
94.37
137.39
84.259
94.249
NaN
NaN
NaN
NaN
NaN
-89.026
-38.776
-14.427
-23.448
21.586
-35.995
-63.642
-59.25
-73.885
-6.5426
32.585
70.15
117.53
65.219
65.838
75.486
104.32
85.45
-24.499
53.02
NaN
NaN
NaN
NaN
-38.454
-101.98
-93.621
-99.982
-112.34
-41.893
NaN
NaN
NaN
NaN
NaN
NaN
-25.514
40.424
-32.371
-76.73
-2.1175
-4.5714
-1.2167
14.242
44.397
65.928
49.435
NaN
NaN
NaN
NaN
NaN
NaN
NaN
NaN
NaN
NaN
NaN
NaN
NaN
NaN
NaN
NaN
NaN
NaN
NaN
NaN
NaN
NaN
NaN
NaN
NaN
NaN
NaN
NaN
23.979
92.58
120.77
123.72
87.346
19.944
-35.276
-24.767
-22.326
63.756
73.288
68.407
66.1
-16.542
-140.87
-106.27
-49.239
-29.263
-15.727
-69.113
44.784
39.45
27.996
56.498
3.1552
39.108
-10.857
50.704
71.785
78.982
80.088
28.55
-70.308
-123.06
-85.881
-130.29
-116.65
-134.04
-42.009
44.225
17.856
-32.435
-51.099
-29.281
54.928
55.32
38.536
73.633
65.666
85.161
44.665
16.942
36.79
17.608
-46.17
-15.68
76.396
51.251
87.526
88.967
45.104
85.488
84.477
50.104
-25.868
-102.04
-184.44
-182.09
-212.14
-238.14
-138.69
-112.59
-6.2589
35.982
62.106
66.853
71.35
50.93
36.255
39.203
137.18
90.97
47.399
31.757
35.987
7.3865
39.423
25.507
-11.754
-18.264
-11.349
-14.119
-12.271
-7.971
-35.331
10.151
-6.3937
-5.6722
-70.564
-26.361
47.125
86.903
32.387
-24.364
-4.829
-32.221
5.327
-7.3691
20.231
-23.093
-81.445
-90.608
-41.926
25.055
-6.4673
-102.03
-91.429
-63.586
-31.068
-52.875
40.97
142.83
200.28
152.46
116.8
94.794
15.959
17.087
-53.118
-47.611
-120.2
-42.256
-6.2773
-23.924
-30.908
-24.701
-56.481
20.656
82.69
-1.144
-75.302
-47.111
5.2956
57.555
90.805
59.662
36.176
16.989
-24.234
-16.695
-11.13
-42.186
-1.6675
-1.3544
-46.766
-46.943
-85.39
-103.69
