-10.464
81.475
36.922
2.6752
-24.767
-21.922
-44.02
-76.204
-60.269
-36.351
1.9933
35.363
60.795
90.98
63.855
25.927
22.589
20.01
-42.34
-29.001
-80.214
-164.54
-42.48
-19.709
-28.274
-91.762
-70.526
-30.638
12.078
-28.178
-12.558
41.754
62.64
88.916
57.068
45.459
56.231
-1.6348
60.369
-16.453
16.869
64.356
62.05
36.084
4.9102
23.91
39.598
25.051
54.077
6.1715
-38.124
-27.126
-44.274
-24.152
-52.656
-61.618
-86.3
-38.099
-71.148
-43.254
-32.495
-19.722
-15.059
-22.216
-37.485
-17.444
4.2096
29.745
43.417
76.947
30.213
12.147
60.928
32.724
0.28926
12.508
15.906
7.1269
-9.7884
-29.487
-32.057
7.2107
-9.8229
-18.081
8.1852
-16.104
27.136
8.4715
43.859
7.6777
18.392
38.104
23.812
17.723
-9.7835
36.437
38.103
-19.869
28.405
13.87
-26.296
-54.177
-34.017
-6.9762
0.77342
-79.608
-100.23
-84.347
-64.134
10.014
50.192
22.802
24.175
-13.58
-15.839
16.772
63.003
29.162
-14.39
-28.551
-19.958
47.876
-35.297
-17.034
11.419
32.573
32.862
54.871
15.859
24.291
2.8874
-31.898
-28.168
11.167
54.804
-3.4657
60.687
50.869
-13.765
-46.296
25.228
44.588
14.288
-63.089
-27.855
-26.27
-47.582
-54.98
-55.512
-104.19
-10.502
38.979
32.217
-12.999
36.825
5.4654
35.289
28.205
1.4268
-43.027
52.626
55.739
76.56
-3.8923
-34.485
-65.771
-13.02
3.4112
13.263
-1.5074
-46.692
-89.348
22.904
8.9783
-28.524
13.983
51.116
-2.1817
7.9975
-66.637
6.3883
-10.171
27.612
69.549
63.429
47.217
-1.4437
12.649
27.823
23.711
-4.5495
-6.1389
47.059
3.7571
-2.8676
-71.106
-74.652
-80.048
-33.998
-8.5573
41.287
-0.89125
30.859
-45.989
-50.693
-12.129
8.472
-10.412
13.6
-13.164
3.2296
35.239
69.15
41.801
44.33
-20.057
-9.5117
-38.051
-42.178
2.0059
-13.355
12.446
-2.0326
0.41544
-36.265
46.813
19.635
-31.971
-12.582
2.0317
49.77
29.377
-4.8771
-0.69955
-4.0699
34.535
15.353
4.6906
31.546
47.752
-51.161
-92.273
-46.142
-27.821
15.51
-7.7718
6.9563
32.105
9.7242
5.1476
-52.304
34.047
7.8251
16.734
-88.784
-35.846
38.224
59.303
9.104
3.0247
37.161
64.635
-22.518
-48.711
-1.9041
14.611
54.223
18.447
-18.526
-14.955
-60.318
-9.3457
-35.139
-38.78
7.8547
-19.932
-27.963
-28.517
0.261
-2.269
-5.9496
22.682
7.255
4.4189
0.18918
35.284
38.413
20.264
-11.904
26.773
43.338
38.939
