-49.097
45.455
102.15
29.185
56.272
28.743
18.175
13.155
-22.675
-41.88
13.578
-38.586
-52.325
-41.778
-31.112
-14.638
-14.044
44.285
20.413
-21.888
20.12
-14.171
-2.2796
-35.798
-7.6166
-34.877
16.452
20.92
15.619
46.126
52.84
22.259
-17.108
-27.799
-36.576
-51.66
-4.8904
-7.5521
39.49
86.327
47.061
-29.151
23.263
-5.0383
3.0977
-2.9478
-28.396
2.0822
14.473
-12.119
29.523
3.9297
-28.066
-56.23
-33.704
-25.405
-6.0764
-18.297
-53.858
-43.827
-1.3318
-23.843
-4.9775
-13.821
14.756
63.649
46.521
58.898
67.079
80.962
-30.593
-15.135
8.4539
4.3632
21.902
41.264
-19.657
6.7787
26.808
16.267
-32.309
-75.54
-8.7698
1.9215
-17.753
-16.975
-31.879
-34.386
-70.856
8.6147
23.072
-4.5486
23.13
25.332
-15.392
4.2192
-4.8607
-9.5022
-26.762
1.3895
19.575
-7.3903
-21.798
-0.26641
-6.7175
46.697
-16.944
-2.7557
25.951
14.958
17.779
31.238
12.029
12.539
48.37
7.0077
35.627
12.966
-12.737
8.6159
-0.30814
24.717
5.0838
-19.222
-4.537
-15.361
4.5933
-53.532
-71.606
-49.951
-43.6
-35.727
-28.474
-60.073
2.894
-4.5632
42.81
-21.435
-20.426
11.36
57.992
72.137
76.964
-6.4434
-27.655
-7.1088
28.483
5.6837
-10.154
8.8312
23.281
51.284
20.929
3.4297
-37.802
26.564
29.094
19.421
24.519
32.996
2.1841
-2.4878
-21.708
-44.468
-43.575
-67.585
-1.4708
-58.669
-55.279
-15.666
-37.795
-25.184
-1.3278
42.161
-10.342
-12.446
11.317
-6.2464
66.201
54.792
18.887
-7.8197
-26.693
-49.69
16.988
60.497
43.908
26.228
17.63
7.0804
11.616
-7.5452
-20.806
-3.7083
-0.42936
4.6886
14.007
23.736
-13.077
-15.387
6.9965
-24.566
NaN
NaN
NaN
NaN
-26.968
-21.708
-33.631
-36.722
-41.534
-40.479
21.038
-16.135
-25.964
-30.344
-45.723
7.1819
36.433
20.412
27.02
9.0876
58.654
-4.9844
2.1906
5.9604
52.245
29.375
17.13
-45.699
-5.732
21.925
83.451
50.204
40.399
68.414
-20.83
-47.277
-64.063
-50.978
-72.05
-44.037
-24.72
-20.504
-59.937
0.64491
-16.543
0.14465
-24.286
18.46
NaN
NaN
NaN
NaN
NaN
