-7.8784
14.519
-31.923
-68.98
-15.198
29.617
44.668
28.267
-16.531
0.46751
-25.009
-33.901
-30.26
8.6589
-15.847
15.942
2.5954
36.525
7.4951
-5.0337
20.131
-8.1568
36.874
26.915
26.288
0.5864
-22.663
14.409
-33.497
-2.8838
44.662
-3.4775
20.832
18.328
-5.5846
-72.951
-53.195
-27.733
14.776
34.05
37.645
-1.5195
0.7519
-6.0369
-34.982
-58.372
-23.785
0.55064
-28.823
3.9041
42.235
70.984
30.675
26.894
57.037
-45.119
-30.87
-49.623
-43.48
-58.99
-15.866
-35.877
-51.311
-9.9586
30.555
99.296
79.549
88.994
7.5955
56.084
-32.431
25.493
5.201
49.306
28.257
16.056
-25.074
11.92
-27.649
-65.042
-44.733
-76.05
-50.02
-12.424
-33.177
-8.7294
1.0459
-38.204
-22.09
-19.497
-4.7046
36.464
-29.868
73.134
5.3231
4.8573
17.625
17.278
35.738
52.208
69.722
39.587
-11.003
-4.4071
-51.707
-15.536
-21.585
-5.0071
4.8289
-5.9568
3.8414
49.642
-59.695
-21.305
-30.292
4.0074
59.618
36.365
21.552
-4.6446
-40.095
-41.925
-25.069
-24.724
20.062
-6.8331
21.744
59.383
9.5619
-27.959
-20.547
-41.583
-46.579
-6.3936
24.383
26.651
-9.8192
4.9981
-35.023
-13.889
13.668
67.172
50.497
-21.52
-10.997
4.5632
-38.199
-18.763
-11.967
-21.226
40.272
32.762
45.107
14.34
-48.425
21.358
-43.754
-9.2141
31.413
69.647
22.644
24.097
45.399
-2.7251
-18.958
-63.717
25.237
-51.589
-50.923
-45.864
-39.322
-8.7475
10.228
-5.1158
10.887
19.408
12.163
-36.694
44.684
31.693
-5.0626
-63.978
-32.09
-10.561
-1.8121
4.222
48.971
15.885
-5.8796
-45.581
-10.683
8.0495
29.787
60.795
80.184
47.356
42.869
15.138
-3.04
-14.062
-12.453
0.12335
NaN
NaN
NaN
NaN
-11.968
-57.633
-60.157
12.452
-9.0223
-15.531
-17.959
-19.836
-0.70149
-40.444
-56.562
-5.9241
12.114
-15.372
1.9892
21.811
30.149
39.965
19.057
53.574
17.86
14.162
-4.1137
-44.268
-10.117
8.8788
49.545
45.59
64.676
60.22
-5.4265
-3.2266
-64.747
-51.095
-72.285
9.3513
29.655
20.838
-48.667
-34.712
-43.406
-33.913
30.445
35.907
NaN
NaN
NaN
NaN
NaN
