-68.597
-17.404
-25.429
-2.0382
-87.33
-2.9365
-36.295
-36.224
-7.0285
-31.106
-22.435
47.806
4.5661
-27.242
-11.361
-21.49
19.914
43.23
18.927
19.702
39.007
58.678
68.148
25.492
-18.438
-42.31
-26.794
-0.37462
3.1583
-8.91
16.173
53.44
-17.145
13.959
29.471
-50.262
-27.446
-57.007
-101.79
-88.342
-32.648
30.722
7.4002
23.176
49.31
-6.0041
-23.443
19.32
30.653
49.26
36.494
19.085
-21.287
-12.825
-24.855
22.098
48.32
67.191
77.075
-0.2529
3.3914
32.763
-10.554
0.82399
14.226
-40.353
-78.459
-74.636
-79.582
-82.613
-49.437
-82.517
-10.636
22.629
17.324
-3.2761
21.289
12.901
52.076
62.859
52.065
48.488
81.496
60.72
48.02
42.734
10.235
-29.272
1.5855
-46.3
-48.32
-88.978
-70.495
-76.494
-51.278
5.6917
21.4
50.01
-1.5229
40.624
39.746
1.4291
8.462
-17.592
-12.679
-3.2911
53.259
58.091
-7.1661
2.3516
19.716
-30.859
-117.34
-2.6006
-33.753
-31.525
8.2215
4.4046
36.887
57.354
-33.366
-36.277
-11.33
7.5636
34.594
28.16
50.387
46.828
44.778
-6.2718
-17.906
-5.6045
-5.6062
-17.763
-6.3802
5.4826
-42.626
-59.439
-21.277
-0.63219
-30.933
47.715
97.578
7.7205
-66.229
-76.618
0.91939
53.291
1.6282
-14.704
0.13181
1.0557
-30.889
-53.712
-2.2552
51.715
29.277
9.4049
6.9761
40.394
24.965
18.574
70.508
58.99
4.4725
-88.213
-125.84
-62.485
-9.221
-3.0514
9.5437
52.23
46.558
-6.6986
29.871
49.475
32.631
-52.959
-79.807
-81.834
-41.44
-22.269
63.537
75.316
-23.742
-20.636
60.501
59.992
34.896
30.693
31.484
-20.372
-73.108
-115.2
-88.606
-8.5546
46.272
74.993
13.151
-4.7649
37.372
32.728
NaN
NaN
NaN
NaN
-22.383
-16.3
3.2068
-8.6435
-48.383
12.46
38.544
74.335
27.408
-56.789
-62.074
-33.776
-23.166
-31.211
4.8206
76.483
79.684
40.645
-28.743
-17.591
12.936
48.233
34.173
89.072
9.1446
-47.73
-93.245
-76.823
-96.858
-81.489
-37.595
-29.591
15.459
41.739
9.144
-8.3078
68.268
69.804
94.888
19.563
-2.4628
-6.2314
-4.658
-0.39048
NaN
NaN
NaN
NaN
NaN
