-41.682
-15.063
-40.631
-58.151
-83.137
-39.901
23.857
-32.329
7.1658
23.351
-104.02
-26.58
15.992
83.66
74.093
2.4804
-16.535
13.874
-72.2
-52.4
-106.64
-30.512
-68.844
-7.521
86.05
157.38
218.66
226.83
118.09
-58.811
-73.396
-15.781
20.852
80.493
0.75726
34.09
16.486
-27.756
17.78
-38.491
-53.015
-100.87
4.9142
15.085
-27.704
-53.047
-125.3
-38.77
-87.192
-106.16
-39.883
-105.1
-127.02
-15.38
-90.433
-83.505
-71.651
30.575
38.795
141.47
100.82
-86.366
-17.583
122.61
210.78
236.76
163.96
152.67
95.955
95.672
15.471
-5.1901
-19.545
-45.967
-19.985
42.089
5.3194
-135.86
-38.212
-17.209
-77.632
-110.87
7.6133
-60.267
30.814
-41.078
-53.207
-36.527
-32.836
-8.3974
-87.056
-103.53
-38.802
-27.979
33.89
-3.9709
88.306
18.54
-16.208
-82.946
-23.553
8.087
39.403
-109.47
5.6197
58.293
-27.702
-11.745
48.221
38.862
55.051
65.034
137.95
126.86
55.49
31.596
65.877
3.1505
27.716
1.0363
-8.5946
57.237
4.3921
17.228
-8.8244
-55.465
-2.1722
29.668
-59.949
2.2097
-23.814
-57.622
-73.425
-77.328
-30.027
-51.27
-74.028
-25.799
-39.689
-64.484
-38.184
-11.489
-100.39
-95.763
-117.95
22.79
125.23
47.464
45.685
43.615
-27.936
-15.713
102.02
118.14
145.58
114.23
84.351
-83.739
21.148
18.909
-10.034
3.6668
-3.7315
-31.177
-47.296
-47.61
-16.918
37.914
83.169
79.626
29.487
62.957
43.465
-37.719
55.415
-20.956
-84.368
-18.42
10.476
-48.569
-47.514
-72.323
-130.4
-101.14
-88.182
-47.09
-50.521
-35.187
-18.691
-4.0737
65.717
39.434
17.339
34.512
31.036
-12.883
-82.419
-57.5
95.703
121.08
84.037
40.554
-14.702
-62.324
-90.975
54.514
48.666
56.319
55.322
52.536
103.31
66.714
92.97
68.674
9.2556
1.0063
-56.007
-111.3
9.1845
-66.667
-83.453
-61.509
-28.984
65.186
-8.772
-99.968
3.2541
-23.636
-34.935
-37.27
-22.794
-33.28
28.962
-50.147
-65.024
-18.868
27.177
48.872
111.57
53.03
-21.391
-83.716
-74.531
30.757
9.25
-48.233
-71.778
18.011
28.236
5.0166
50.446
111.27
157.59
110.38
87.263
1.1983
-50.134
-65.432
28.95
117.89
91.418
-30.525
-101.76
-93.493
-70.722
-128.41
-105.22
-124.94
-39.634
67.43
-7.1446
-29.788
16.182
91.427
52.726
84.558
84.037
60.021
9.961
-17.616
-30.619
-14.352
14.01
-33.273
-9.7084
26.195
6.7404
61.241
