-21.289
-11.26
-23.156
-9.4191
-31.753
-4.0501
-13.582
-20.659
-34.043
-38.139
-42.42
28.715
-18.513
53.822
61.341
41.358
-1.3976
2.1116
19.249
-18.528
-42.889
-44.354
-30.989
23.341
25.563
44.228
104.55
150.83
109.47
40.639
-5.5861
-31.893
-48.517
-33.805
10.643
-23.891
15.919
-15.331
-7.157
3.7841
-66.106
-60.335
2.6377
9.0382
5.8366
3.9375
-43.952
-97.854
-85.919
-73.231
-49.697
-64.95
-54.609
-34.903
-16.707
-39.248
13.132
55.41
58.826
55.33
106.94
77.274
-0.87202
6.9547
71.497
85.67
55.016
62.834
60.048
57.759
24.941
6.7102
-30.503
-30.5
-72.406
-34.96
-5.1213
14.931
-13.788
24.894
-28.315
-36.299
20.96
-28.517
-28.63
-44.512
-16.317
2.6915
-6.3403
-54.182
-1.8316
-8.2124
-28.985
15.382
27.465
-57.457
-27.173
-28.125
-37.11
-32.995
-9.4964
2.9544
19.513
-20.189
-52.795
-12.668
-1.0916
-1.1661
29.097
53.453
60.538
64.418
76.346
73.638
66.509
-0.62041
3.2771
27.243
34.522
62.732
71.987
-15.586
-47.063
13.315
-3.5536
-44.926
-69.569
-14.348
-36.578
36.019
-4.1988
-57.08
-30.283
-27.236
0.92189
-22.009
-40.967
-35.27
2.2556
-0.57359
7.767
9.9997
-84.953
-67.812
-64.479
-40.579
-12.953
16.531
-27.89
32.603
88.879
46.025
35.177
31.65
44.008
83.686
24.898
-13.517
-53.119
-37.308
47.353
36.374
1.4333
21.518
-5.1182
-8.0991
-28.93
31.627
25.607
27.606
42.443
95.512
39.749
14.844
39.305
-11.226
-56.88
-18.814
-37.264
-55.777
-79.838
-49.235
-60.926
-53.765
-64.03
-21.812
-38.092
-12.064
7.9725
26.786
4.1962
36.875
-7.9943
69.822
21.915
12.014
-35.473
-1.358
16.669
5.3448
-7.1428
-38.17
16.053
-10.688
-66.135
-28.501
16.793
3.9457
62.815
36.183
66.723
30.025
59.409
46.672
20.048
47.223
21.036
46.127
41.596
-34.073
3.4937
10.929
5.0504
-9.9911
-28.274
-69.023
-13.613
-49.308
-57.195
-27.816
-30.86
-58.724
-60.276
-16.145
2.2139
-49.174
-12.043
-15.541
18.645
24.834
-11.977
-27.575
-10.078
-3.8113
30.492
52.498
-23.944
31.121
15.862
21.17
19.859
33.23
43.877
49.759
58.233
10.052
-0.80003
-40.257
2.3275
55.737
23.314
21.66
0.15423
-9.1573
-45.327
-21.315
-48.257
-46.933
-32.001
30.196
-3.0968
-11.495
3.376
-1.9666
-0.32892
17.853
14.361
12.346
20.434
-10.992
-32.456
-1.0229
1.4277
-12.616
-7.5681
-11.934
23.502
28.206
