-63.369
-8.4908
6.1731
-20.04
-59.047
-134.07
-85.085
-53.425
-54.885
2.8486
57.634
56.546
64.142
77.87
93.404
56.859
30.388
38.362
19.156
-49.96
-62.694
-42.276
-26.401
1.5316
-51.869
-119.87
-2.8659
-24.607
34.886
16.427
-13.833
48.532
45.281
20.507
31.347
44.279
48.166
-20.107
-22.182
-17.185
0.91369
39.411
-42.64
-30.381
4.021
40.508
24.39
12.201
39.178
-53.103
-73.18
3.0355
2.8267
-8.5813
-47.067
-41.337
-77.655
-25.53
25.638
61.159
95.845
31.468
-28.285
-42.429
0.52914
11.286
42.681
40.562
62.84
80.401
11.711
-37.073
-48.571
-44.514
-42.767
-86.02
-74.344
30.05
-5.8042
-16.518
12.95
14.957
-6.0922
-28.273
-12.945
17.254
41.847
41.436
-11.932
38.882
77.922
0.27737
-51.578
20.841
51.289
23.192
36.977
71.416
57.215
0.19716
-45.397
-68.996
-67.553
-51.754
-10.08
-65.964
-88.719
-12.233
11.819
10.487
33.453
5.4359
-16.899
-51.015
-13.019
14.525
-27.549
-21.255
54.992
50.614
36.103
18.902
3.8002
10.653
29.573
12.75
3.129
6.2753
35.268
47.242
31.189
3.6562
-20.957
-10.656
6.0519
10.339
10.312
-15.689
-21.268
-47.476
-50.839
-73.493
-38.28
-36.789
-0.69
-22.648
-4.6391
74.475
14.822
-2.6017
38.087
63.529
18.487
30.753
1.4326
18.202
25.504
-38.315
-68.106
-71.277
9.3767
-3.6091
14.219
15.696
-3.0838
-71.247
-90.483
-24.58
33.663
54.122
123.93
137.74
32.596
-50.908
-28.48
-16.464
-67.782
-22.157
-31.73
-7.2523
7.724
40.157
48.796
-14.114
-21.793
-0.16208
-5.6951
68.846
58.502
53.071
30.755
8.9471
-31.961
-33.578
-15.735
-28.94
-91.693
-111.32
-118.33
-98.59
55.416
47.201
73.707
-8.4713
-30.629
-50.029
-8.3651
18.146
34.116
70.963
38.419
50.651
38.284
58.888
62.146
44.714
-8.0557
31.106
64.397
37.128
25.127
-39.881
-107.4
-92.143
-50.407
-57.531
-82.112
-37.857
44.632
25.029
-21.414
-15.606
-3.3183
12.263
-2.3409
18.24
0.64964
8.4788
-39.312
-68.453
-32.302
-5.4652
33.981
31.883
65.108
75.047
60.582
81.621
-24.932
7.6487
19.648
45.451
27.146
11.252
-26.283
-79.194
48.615
29.327
-40.761
-73.044
-104.83
-71.49
6.2548
43.64
-31.08
-34.843
-42.128
-25.819
-27.524
-11.084
6.9613
56.523
26.414
17.204
32.851
2.8385
-4.3079
39.902
85.346
27.282
18.205
18.671
46.993
60.423
0.55392
-30.644
20.418
-27.346
