-116.92
26.081
-0.16707
20.625
19.45
-37.995
-101.51
-96.259
NaN
NaN
NaN
NaN
35.494
-11.95
67.014
24.84
21.367
68.348
5.2868
11.259
33.033
16.24
24.191
37.479
18.866
28.845
25.724
-7.3586
5.7353
87.067
11.311
-49.92
-12.987
68.903
22.929
-49.649
-38.337
-116.92
-62.504
-98.954
-71.508
-78.18
-3.2438
55.382
-16.758
-37.889
-35.398
-37.691
18.93
-20.091
-11.352
-35.273
28.653
34.67
117.43
136.65
116.41
99.495
106.76
-14.482
-7.6891
1.3796
-89.685
-76.19
-3.7774
-37.483
-47.324
-41.442
-20.053
3.2754
-77.375
30.124
53.802
70.05
1.2389
-66.703
55.994
73.735
100.96
NaN
NaN
NaN
NaN
NaN
-25.885
-35.276
13.587
-49.632
1.4757
-29.241
-61.813
-41.439
-15.159
10.457
88.87
24.17
18.21
22.394
-58.41
-12.371
-21.665
-62.914
-32.707
62.944
42.113
7.7785
120.1
46.073
-18.53
-20.869
29.16
84.459
22.506
43.383
-8.8876
56.943
59.198
49.447
71.637
93.919
NaN
NaN
NaN
NaN
NaN
-49.463
-48.894
3.8217
104.21
115.18
41.483
80.433
-39.645
63.658
-52.02
6.1812
94.059
54.587
6.9147
34.241
28.403
26.192
58.395
-67.363
51.926
NaN
NaN
NaN
NaN
-30.862
-110.06
-74.583
-55.919
-36.579
14.756
NaN
NaN
NaN
NaN
NaN
NaN
-137.18
61.875
44.146
77.041
67.132
109.77
58.971
68.001
87.054
46.064
-40.316
NaN
NaN
NaN
NaN
NaN
NaN
NaN
NaN
NaN
NaN
NaN
NaN
NaN
NaN
NaN
NaN
NaN
NaN
NaN
NaN
NaN
NaN
NaN
NaN
NaN
NaN
NaN
NaN
159.05
127.49
130.27
96.869
59.935
-23.911
-62.645
-70.847
6.5747
3.8483
-6.0452
-88.465
-25.799
-91.092
-85.547
-13.972
-29.433
-6.3201
-45.208
-90.765
-6.0761
-26.132
-19.453
50.464
72.39
51.963
-9.2521
-34.781
26.962
79.751
151.06
110.95
-0.91772
-85.3
-65.685
-6.4228
-86.124
-115.43
-46.156
-43.259
-44.147
-74.465
-34.602
22.178
65.2
85.023
38.368
110.5
43.162
27.639
38.273
51.697
133.43
55.372
102.3
22.066
5.4829
-46.471
-105.75
-6.1538
-65.722
-23.008
55.606
-36.472
-110.46
-160.16
-109.08
-123.22
-128.13
-60.692
-33.783
95.286
120.06
51.589
69.231
24.651
51.632
-97.136
-32.63
1.5441
0.015599
8.6153
76.538
118.67
104.73
33.946
121.85
99.863
-2.8842
-0.49945
-54.235
-90.56
-49.904
-43.389
-9.4465
19.322
2.1174
-24.706
-89.79
-0.70892
34.363
38.866
10.995
-1.5671
-8.3516
-14.608
7.1663
-14.423
-12.557
-48.48
-87.384
-84.988
-20.767
1.3779
-19.508
-105.28
-115.17
-34.96
62.946
98.754
100.3
170.56
149.65
166.07
121.3
-21.899
40.953
-33.797
-146.63
-128.74
-92.103
-23.543
-13.062
-24.92
5.9764
-33.048
-41.32
31.027
42.177
-16.489
-51.449
-36.169
21.716
86.896
84.488
23.392
35.984
-11.375
-8.6258
18.862
44.493
8.7506
16.772
-14.308
-3.2935
-61.94
-31.358
6.1987
