25.966
81.681
-36.062
-19.026
-24.806
32.26
-2.1866
37.735
NaN
NaN
NaN
NaN
7.1043
10.27
0.55153
-43.525
-17.126
-24.717
-43.525
-24.936
39.72
46.17
48.172
65.59
-21.816
-37.135
25.449
33.322
45.47
24.868
9.1266
-9.7266
-48.389
18.529
1.0389
8.78
15.213
-24.153
1.239
24.339
1.7791
-39.848
-6.3223
51.815
-4.8863
-2.2377
-18.199
0.22351
37.173
-14.523
22.924
11.979
-17.078
-26.999
-15.257
-8.8609
-1.3047
-8.0709
13.045
-99.297
-88.963
-123.86
-91.617
-10.802
69.731
67.121
43.277
49.834
91.881
90.377
-4.2037
38.769
18.268
47.52
14.599
-53.598
8.624
5.45
91.171
NaN
NaN
NaN
NaN
NaN
-10.324
19.695
-9.2489
-11.565
-2.3328
-52.072
-59.221
-58.781
-36.566
20.293
31.487
-19.77
-16.789
-12.59
-53.726
-34.253
2.5775
22.295
31.593
116.68
63.328
7.4802
-17.166
-30.79
26.823
35.968
51.458
37.443
-17.04
22.445
36.467
-26.584
11.86
-6.6027
70.748
55.701
NaN
NaN
NaN
NaN
NaN
-3.4458
-41.791
-57.263
52.901
55.319
-3.145
102.2
17.122
110.2
37.789
79.134
107.6
-0.17299
-25.714
-18.516
-40.949
-0.7494
-19.32
-28.416
-77.131
NaN
NaN
NaN
NaN
20.606
-50.054
23.912
2.1272
24.367
-10.559
NaN
NaN
NaN
NaN
NaN
NaN
-64.372
62.562
56.87
128.45
88.093
84.253
43.737
27.876
26.657
-31.138
-74.677
NaN
NaN
NaN
NaN
NaN
NaN
NaN
NaN
NaN
NaN
NaN
NaN
NaN
NaN
NaN
NaN
NaN
NaN
NaN
NaN
NaN
NaN
NaN
NaN
NaN
NaN
NaN
NaN
91.515
21.592
31.281
4.751
17.643
-0.49488
-19.485
-4.6624
43.305
49.406
46.023
-17.389
23.001
-37.431
-86.568
0.80648
-65.975
-38.895
-20.125
-114.14
-61.683
-146.54
-25.964
79.615
103.41
115.64
93.599
-14.928
-30.998
8.3148
29.653
32.449
-19.004
-50.992
-5.6873
-1.9885
-23.797
-54.117
35.57
1.3534
-4.2964
42.121
58.338
11.988
-8.1576
17.524
-32.802
-13.227
4.0516
-14.512
39.423
-1.5944
68.655
16.101
-20.291
11.729
-51.622
-26.301
-40.295
-45.313
-38.983
-74.168
18.505
-13.041
2.7379
22.234
113
64.586
-45.719
-22.748
11.557
7.876
29.701
-12.993
28.484
31.263
4.3536
-50.652
-91.852
-53.093
17.274
34.901
23.252
31.097
29.011
7.7975
6.3631
17.004
35.373
14.648
-31.877
-40.223
-21.898
-30.647
5.3369
-7.2347
-14.133
-4.8699
-2.0317
5.4861
8.8283
-7.4204
41.296
15.544
-9.1471
-1.3238
-17.781
20.837
-23.855
-39.205
-49.819
-22.15
-19.936
29.861
77.564
-14.095
25.528
40.655
54.03
34.73
-9.4253
-27.54
25.978
34.884
40.563
-2.6664
-33.533
-35.06
-60.024
-36.009
-14.222
-10.564
-10.216
-31.466
-49.842
-30.051
-16.826
4.8088
11.001
2.4356
21.764
50.28
40.364
45.927
-29.271
-12.319
9.2773
-26.618
22.055
-15.275
30.401
27.784
21.119
13.26
49.597
-42.703
-29.072
9.2822
