-74.79
-13.282
54.763
58.613
25.151
-67.51
-99.182
-66.421
NaN
NaN
NaN
NaN
-6.3484
-14.378
20.716
73.574
60.47
42.312
-0.90432
-45.847
-39.793
38.735
-4.3188
51.033
26.206
11.328
26.612
5.0147
-61.689
-0.11304
18.05
33.828
54.256
70.143
17.519
-18.432
-33.081
-56.133
-71.065
-68.007
-68.323
-46.441
-39.585
-27.326
-19.041
-36.505
13.16
-5.8765
37.22
13.216
-2.6903
-13.852
-49.287
52.055
48.543
72.782
53.467
51.745
55.203
39.75
44.647
33.025
67.488
42.019
4.6981
-1.5935
-44.75
-22.603
-100.27
-101.6
-109.14
-44.7
-30.338
-14.11
-33.354
-26.733
26.374
40.432
18.599
NaN
NaN
NaN
NaN
NaN
-13.992
1.2264
-33.517
31.698
24.505
37.935
-0.7423
-2.8469
22.101
-12.567
19.916
-15.373
-22.207
36.612
-77.565
-24.802
2.3724
-18.475
-34.691
22.325
-46.593
21.819
71.33
134.38
14.047
-51.182
-20.771
42.878
-30.623
-24.101
-62.658
26.591
-15.729
-38.876
-34.088
30.662
NaN
NaN
NaN
NaN
NaN
-9.0679
20.086
-42.551
-26.75
19.082
-45.595
-16.364
-38.761
-64.38
26.589
53.695
53.613
63.525
8.3596
45.218
32.182
45.378
-10.156
0.95708
-2.7812
NaN
NaN
NaN
NaN
3.2462
-56.718
-67.881
-39.254
14.504
35.071
NaN
NaN
NaN
NaN
NaN
NaN
62.362
76.026
10.156
-5.979
25.917
4.4258
19.206
-11.766
63.893
47.659
81.681
NaN
NaN
NaN
NaN
NaN
NaN
NaN
NaN
NaN
NaN
NaN
NaN
NaN
NaN
NaN
NaN
NaN
NaN
NaN
NaN
NaN
NaN
NaN
NaN
NaN
NaN
NaN
NaN
16.278
-22.524
-61.778
-11.702
41.819
2.6688
-1.7979
23.892
37.318
23.241
28.611
-17.309
-73.93
-82.553
-57.961
-38.524
-14.936
21.221
57.037
30.297
105.49
101.72
60.072
16.524
-134.54
-125.92
-118.18
-92.015
-30.853
9.5202
34.946
71.201
64.497
107.91
71.554
6.4623
-77.931
-121.36
-88.695
-25.299
-15.737
-30.419
-32.435
4.8422
22.854
43.42
23.801
64.308
72.86
84.818
54.431
65.743
65.055
61.851
36.978
-16.746
-33.975
-41.365
-17.593
-22.361
-53.693
-3.3246
1.5259
-33.639
-106.34
-69.164
-77.667
-67.866
-48.447
3.5956
-6.6802
27.443
47.579
10.102
-46.432
-2.6201
-2.8061
2.7243
19.41
44.853
70.748
7.6457
10.036
53.102
38.815
41.829
57.367
24.118
-24.831
-12.449
-4.109
-4.1049
24.361
7.8731
-27.398
-22.825
-3.1565
-22.118
-16.571
26.721
23.647
-5.7001
-17.491
-53.935
-32.111
-15.189
15.935
17.078
-14.349
-23.219
-21.082
2.6764
-55.44
23.459
16.103
-21.994
-67.571
-49.385
15.29
1.7789
19.094
14.335
46.252
20.729
-19.034
-7.8983
24.349
76.834
55.479
57.797
23.558
28.802
30.88
38.272
-25.697
-46.148
-48.951
-2.0272
25.063
-31.976
-76.824
-80.875
-31.516
29.137
35.359
-28.767
-16.097
13.731
7.8334
5.6209
45.51
11.845
-9.5959
-21.824
-0.76518
74.955
7.1989
-17.612
