-130.78
-140.9
-78.596
-29.179
4.9152
47.008
-4.8179
-29.584
26.167
3.1352
6.1507
24.25
50.927
20.788
-17.259
-51.209
1.1259
43.434
48.132
48.015
82.247
84.678
54.04
38.951
2.2081
-62.318
-22.902
-11.46
-10.544
-22.05
-105.05
-36.923
-25.925
-42.256
-31.399
-34.723
13.082
-6.9963
7.2203
26.926
20.342
-58.563
-57.94
-13.819
-34.703
-5.4814
-32.439
-59.771
-23.684
-16.442
63.492
121.71
109.82
70.093
81.52
97.288
34.547
-31.583
-31.976
26.939
-21.638
44.61
-1.1768
-11.845
36.081
48.904
-38.944
-24.226
-84.679
-76.921
-61.948
5.8103
-71.734
-13.202
-26.537
-20.671
-5.9341
-42.098
-40.833
36.075
19.585
26.787
30.89
56.731
22.422
-24.636
14.924
21.673
-22.006
-36.516
7.1269
6.5103
27.202
-13.608
-29.899
8.3426
38.268
59.313
-38.534
-3.4438
39.182
85.171
-19.47
-50.557
-55.843
-9.4228
24.754
-17.851
43.82
40.047
-15.728
-14.316
16.355
55.593
26.012
-15.267
-6.4327
-22.362
43.944
0.91367
-43.862
-57.018
-135.94
-68.5
-23.684
-22.707
13.151
32.145
80.516
51.631
38.965
-5.0349
-85.854
-34.31
29.922
12.648
3.5111
-7.9335
15.16
49.42
33.831
118.39
72.802
74.095
-44.685
-118.57
-92.832
-68.491
5.7839
-6.7672
-37.628
-27.319
54.034
23.782
-59.828
-52.168
-95.711
-61.066
-1.1797
140.59
204.11
187.26
36.4
-83.859
-21.038
-0.6901
12.781
-39.511
-9.2758
-77.362
-50.411
-12.682
34.86
4.6543
42.918
21.631
-32.499
-82.144
-42.264
42.074
19.08
-45.275
-85.018
25.719
67.235
7.9429
-29.616
-59.207
18.048
42.503
16.679
-2.421
-36.323
32.239
19.204
-20.182
-117.23
-43.768
53.323
81.017
39.124
55.832
-7.3014
45.886
30.742
36.203
80.595
-23.257
-71.876
-34.392
40.157
74.317
61.295
5.3838
-69.97
-120.21
-76.131
-48.619
25.375
28.727
-63.028
-77.21
6.1268
53.626
67.976
41.028
-23.527
-27.736
-2.7492
-12.477
-1.8375
-15.77
-24.081
-39.475
-0.88964
24.712
32.036
52.716
-13.268
-28.408
-4.7019
11.376
53.924
24.049
18.002
-16.494
-7.275
-52.707
-91.351
-30.176
59.413
89.926
94.186
61.836
93.13
36.859
-73.402
8.656
-59.42
-23.141
-26.434
-101.09
-101.36
-6.0828
46.59
34.828
14.557
-49.25
-61.772
-6.5908
-9.5795
10.26
45.736
28.646
-5.1251
38.814
66.673
19.272
-95.287
-15.421
-12.677
-38.961
-14.099
-12.07
52.542
87.589
137.93
88.753
-11.792
-36.219
-1.0457
-4.4918
