-99.005
14.348
29.935
19.152
35.25
40.114
46.533
26.778
12.034
-40.906
15.062
-17.759
-24.341
38.046
-14.189
-1.5833
3.5827
-9.8921
-43.164
-78.384
-29.066
6.717
18.77
12.007
34.229
40.855
-27.358
-32.902
-36.764
-30.268
8.8882
18.143
-6.2717
-8.7538
10.596
11.654
-8.1165
-30.177
21.361
11.427
22.991
8.8765
29.706
-8.9704
13.807
-15.716
-60.163
NaN
NaN
NaN
NaN
NaN
NaN
NaN
NaN
NaN
NaN
NaN
NaN
NaN
NaN
NaN
-10.43
-37.603
5.8069
24.007
17.722
43.417
-29.906
-22.444
-22.651
18.34
-11.434
-24.199
-33.323
-19.154
29.993
6.4726
-35.789
-3.4823
2.5515
38.455
43.709
44.541
-11.2
7.4571
26.327
13.426
-37.578
-32.709
-10.366
45.012
-5.5526
2.1052
-4.4315
-10.639
NaN
NaN
NaN
NaN
NaN
NaN
NaN
NaN
NaN
12.532
44.489
-29.532
-17.244
-7.4105
3.1915
9.4214
22.77
-25.302
-14.088
-45.704
-0.88835
17.413
3.6776
10.107
-17.552
-26.194
-47.748
23.743
28.097
4.2542
47.959
45.099
10.385
-22.89
9.9721
18.508
36.207
-23.356
-0.014996
24.085
-28.43
-40.483
-18.163
-1.2709
25.159
NaN
NaN
NaN
NaN
16.785
26.341
-18.359
14.71
-0.20916
34.763
-9.1552
-84.495
-8.0317
-58.434
-24.726
-3.8943
2.7392
58.69
28.226
-11.078
-25.361
-4.7421
19.756
16.937
39.15
NaN
NaN
NaN
NaN
69.701
47.719
14.697
5.5596
-1.1633
-7.0062
-7.2113
5.509
-3.5807
-22.804
3.7362
28.62
43.055
9.8933
NaN
NaN
NaN
NaN
-69.253
-37.653
-17.875
-18.321
-2.9766
-7.4122
31.385
51.658
53.415
40.638
13.442
14.529
12.531
NaN
NaN
NaN
NaN
NaN
NaN
NaN
NaN
NaN
NaN
NaN
NaN
NaN
NaN
NaN
NaN
NaN
NaN
NaN
NaN
NaN
NaN
NaN
NaN
NaN
-23.703
-4.178
1.0085
10.576
-24.128
17.333
0.351
10.857
-13.468
18.772
43.467
10.366
3.681
-36.283
-88.28
-73.371
-8.7408
-30.378
-7.208
25.308
81.243
42.319
50.403
35.138
26.38
13.908
16.583
-19.575
12.982
0.33094
-12.638
-27.267
-82.488
-3.8397
-22.37
-2.1232
22.691
21.062
-19.957
19.462
-1.689
-13.703
-0.059176
-31.163
-62.341
-29.754
36.284
-10.581
NaN
NaN
NaN
NaN
NaN
NaN
