-62.401
-37.952
20.885
43.922
-1.6869
38.828
-10.176
-19.862
-60.727
-6.8051
47.517
8.4217
45.986
-13.368
-50.123
-36.318
12.225
19.98
-6.36
-12.067
-9.9726
13.501
11.07
6.6578
31.958
1.8566
40.163
-25.871
-36.022
-8.4024
4.3072
49.597
-5.8861
32.798
-19.619
-40.27
6.9051
18.829
-9.9857
0.46843
9.1192
-13.605
-25.914
-6.3359
17.485
16.165
22.397
46.318
-5.1872
45.36
102.82
29.071
8.5411
-5.0949
NaN
NaN
NaN
NaN
NaN
-86.725
-70.655
18.797
56.3
24.004
29.849
-25.757
-2.0947
-17.395
13.798
25.107
-40.484
-15.968
-19.368
-46.933
NaN
NaN
NaN
NaN
NaN
NaN
NaN
-21.908
11.402
18.895
-21.773
0.20967
-24.796
16.973
4.9754
-4.0104
15.83
18.105
40.638
0.74514
-35.224
-33.121
-18.273
-10.783
-2.3193
10.58
46.684
13.561
35.101
NaN
NaN
NaN
NaN
-54.623
-62.689
-62.354
-5.7556
-5.58
-23.949
11.461
-7.6276
11.591
1.7456
9.1867
-31.736
21.802
34.256
17.036
-6.2307
26.219
21.785
23.487
-14.369
-12.46
-37.313
-2.7298
-5.1508
-7.7068
-15.793
-8.6417
32.896
5.6639
17.725
7.3237
20.893
29.219
11.5
-1.5554
-7.2824
-7.1669
-6.8572
19.207
-20.082
-10.376
49.615
18.127
-0.19773
-28.429
-86.945
-26.827
18.967
59.272
32.884
-17.252
-15.195
-43.919
2.4301
28.35
6.5285
34
-22.432
-50.452
-25.72
24.221
21.601
-13.162
-28.553
-17.656
-0.3177
-3.5845
-25.08
-54.823
18.298
45.006
19.026
-22.348
-15.108
-2.0155
17.456
-1.0142
21.804
51.387
29.782
2.534
-3.3771
18.774
7.4509
-1.8351
NaN
NaN
NaN
NaN
NaN
NaN
20.465
-1.8753
-4.2141
11.018
-15.911
-51.479
-34.97
NaN
NaN
NaN
NaN
NaN
NaN
NaN
-19.779
14.351
24.961
35.274
49.198
-3.4643
63.83
NaN
NaN
NaN
NaN
NaN
NaN
NaN
NaN
NaN
NaN
NaN
44.708
24.617
-8.1622
21.594
71.258
52.872
62.685
53.161
54.963
4.0144
-8.5452
15.703
54.751
70.405
27.246
NaN
NaN
NaN
NaN
NaN
NaN
NaN
NaN
NaN
NaN
NaN
NaN
NaN
NaN
NaN
NaN
NaN
NaN
NaN
NaN
NaN
NaN
NaN
22.465
14.936
-27.381
2.7637
32.253
38.392
43.166
31.977
62.414
27.765
12.914
28.838
13.012
-13.635
3.1482
23.308
14.525
2.1564
-5.3081
54.47
-40.057
-11.972
-89.711
-52.874
-21.266
