-13.446
45.764
-18.712
-7.8368
-19.468
-13.179
-26.484
-10.77
-35.427
-42.251
-45.963
8.8896
29.086
-2.2524
-9.6469
-15.257
-21.569
-4.5128
-17.623
0.20698
40.991
28.08
27.308
-8.4199
0.63265
-3.7625
22.371
-3.3582
1.9248
31.29
14.013
-34.33
-27.123
-5.2743
-42.999
-22.149
-34.445
33.197
26.551
-6.077
-3.6448
9.6409
9.1156
-19.645
-20.287
-17.692
-30.683
-32.803
21.473
38.779
43.652
34.432
-11.874
-46.205
31.954
58.748
-11.171
-23.775
-47.924
-37.318
58.153
46.649
32.639
33.453
27.311
-0.76501
-4.9523
-18.921
-30.168
-45.123
-42.968
-3.1908
32.315
92.432
101.22
43.073
-29.456
-61.507
-42.16
-55.149
-22.138
-47.818
-61.797
-63.643
-77.315
-18.613
-4.4695
14.042
NaN
NaN
NaN
NaN
67.667
53.252
39.885
33.857
32.678
-9.9675
-1.337
-9.2958
-55.157
-60.223
-86.895
-95.752
-52.21
40.178
67.765
70.566
70.885
40.009
49.123
59.343
63.713
63.604
43.323
-25.075
NaN
NaN
NaN
NaN
NaN
-33.564
-18.549
49.127
28.872
22.816
-37.428
-1.4077
-2.9374
-30.051
-25.547
-29.517
-36.661
-35.99
8.3945
25.268
-16.926
-18.413
-18.877
-15.721
63.676
61.512
15.873
-34.882
-3.7142
4.4985
36.953
58.565
46.039
61.055
69.157
14.079
-12.323
26.647
-17.97
10.938
15.039
-1.0743
-48.424
-28.744
-42.955
-83.37
-34.747
-27.94
-36.937
-26.637
-22.251
-11.987
13.693
-11.569
25.961
42.294
49.215
42.743
35.124
30.994
-17.708
-15.179
6.3979
-9.5794
-32.725
-44.508
-4.7256
27.078
39.879
19.111
22.943
-7.5261
-5.3351
-28.994
-103.03
-47.763
-22.35
3.7132
26.334
14.996
-11.745
13.174
-13.675
-4.969
1.6153
37.035
50.85
44.294
66.388
43.512
-12.551
-10.934
12.702
56.139
11.232
-2.9759
-10.543
4.1259
-2.3902
-13.262
-32.73
-18.22
-9.2318
21.313
-34.633
-39.009
-39.327
-41.626
-45.287
-69.727
-54.408
-52.57
-14.765
-28.847
-29.773
24.163
63.073
71.002
52.951
57.075
50.622
58.165
52.443
58.96
