-217.59
-95.977
-25.279
23.188
-53.58
-22.027
-19.316
70.159
46.752
-21.222
-29.842
95.755
-8.2351
-129.28
19.364
64.871
169.19
165.19
211.31
163.42
30.685
-14.374
-38.779
-44.888
49.862
152.94
212.61
52.198
-54.711
-30.396
-35.923
-53.253
-89.717
-58.587
-44.359
-27.507
-83.858
-71.068
-90.085
-53.516
-12.026
-25.75
-62.069
-59.316
-74.456
-106.78
-115.1
-82.72
-84.483
-39.649
121.29
-27.707
-104.85
-4.4334
NaN
NaN
NaN
NaN
NaN
3.8953
88.385
98.899
114.84
104.91
66.218
14.94
30.184
-8.3935
21.963
9.4088
144.93
114.55
118.89
90.323
NaN
NaN
NaN
NaN
NaN
NaN
NaN
-92.917
-109.99
-80.735
-60.021
-86.553
-89.206
-59.678
-52.122
-10.025
10.097
29.642
69.932
11.05
-123.42
-102.71
-44.215
-55.364
-14.734
-62.133
-65.993
-19.34
-27.048
NaN
NaN
NaN
NaN
26.869
118.25
77.671
49.83
33.857
78.428
58.464
29.446
86.914
56.885
47.52
34.148
89.131
91.142
-6.2194
-28.319
32.462
-103.4
-5.2509
27.155
68.735
11.731
-97.757
-101.74
-71.046
-34.267
17.734
-118.32
-90.665
-21.551
18.755
-21.598
-10.229
-3.9443
-2.3559
-30.524
-35.013
8.3049
-3.3866
-33.253
-35.88
-54.152
-65.657
-136.96
-142.84
-2.0651
62.315
33.383
-2.6249
-98.531
-114.91
-40.163
77.689
87.336
174.12
205.89
222.65
193.23
124.11
69.965
57.528
95.952
66.632
125.43
56.734
-35.39
-51.576
-51.928
-38.84
-80.08
-54.971
-57.82
-1.9154
-103.25
-64.591
-67.335
-82.831
-64.805
-20.612
-1.7348
-34.861
-99.45
-79.906
-74.095
-108.08
NaN
NaN
NaN
NaN
NaN
NaN
-105.75
26.373
8.5239
92.122
182.49
197.54
175.76
NaN
NaN
NaN
NaN
NaN
NaN
NaN
-36.381
-100.63
-11.878
-12.87
-19.102
61.594
70.658
NaN
NaN
NaN
NaN
NaN
NaN
NaN
NaN
NaN
NaN
NaN
-43.518
-77.537
-47.286
-29.449
-0.60989
-29.681
-14.049
-30.167
10.113
7.9971
-10.46
-74.25
-3.1592
1.4694
-59.72
NaN
NaN
NaN
NaN
NaN
NaN
NaN
NaN
NaN
NaN
NaN
NaN
NaN
NaN
NaN
NaN
NaN
NaN
NaN
NaN
NaN
NaN
NaN
-3.8718
65.391
86.556
103.27
122.03
77.116
-92.658
-70.893
-24.622
-76.494
-100.77
-93.672
-40.258
-54.48
1.103
-30.019
-42.685
-96.96
-84.598
-0.95237
-24.894
-7.5377
7.3093
47.064
56.531
