NaN
NaN
NaN
NaN
NaN
NaN
NaN
NaN
NaN
171.14
64.059
-0.68034
33.423
38.865
74.94
33.86
-65.235
-123.84
-38.555
-68.157
-144.19
-19.824
-34.995
32.557
4.9851
-114.16
-112.56
-38.661
54.253
67.732
-46.968
-1.6609
21.078
-12.812
-42.297
17.049
-13.587
26.859
18.393
-12.913
-7.7252
-114.5
-86.447
80.027
-4.9255
48.981
149.22
31.113
-93.452
20.139
76.103
8.8667
18.975
-6.5197
-20.427
32.868
12.757
22.649
-32.091
-5.99
-28.466
19.688
97.198
160.32
NaN
NaN
NaN
NaN
-46.888
17.929
12.925
-44.171
-101.52
-35.289
35.446
9.244
-62.126
-68.947
-51.998
-185.5
-108.84
-74.593
-85.251
-4.1985
37.904
163.81
91.464
106.78
47.85
52.006
-28.839
-22.857
-107.66
-113.84
-39.543
80.317
70.21
55.131
137.63
125.89
100.32
128.68
132.35
43.738
-44.89
-87.404
NaN
NaN
NaN
NaN
NaN
42.837
-47.494
-85.754
-11.601
-12.66
-61.542
-46.455
-43.423
24.294
1.8339
-6.3453
8.5286
NaN
NaN
NaN
NaN
NaN
NaN
NaN
-52.268
-63.768
-13.277
-122.83
-51.119
-34.076
93.818
112.12
72.009
104.18
121.22
81.363
2.9155
33.471
82.074
80.918
32.588
104.58
181.14
172.09
NaN
NaN
NaN
NaN
-33.488
-52.81
-158.82
-83.419
-100.1
-122.75
-93.245
-49.296
-23.152
130.98
53.399
-96.176
-71.441
-27.981
-34.4
-79.703
-56.381
-141.06
-115.96
19.612
68.967
106.82
141.61
47.045
43.445
104.32
114.52
68.487
104.77
126.07
126.09
148.95
92.319
96.685
0.36884
-74.567
-81.665
-62.566
-45.257
-93.451
-72.101
-19.001
2.6861
-1.1498
-23.056
-65.02
-135.52
-164.73
-97.551
-45.678
27.034
-86.978
NaN
NaN
NaN
NaN
NaN
NaN
NaN
NaN
NaN
NaN
NaN
NaN
NaN
NaN
NaN
NaN
NaN
NaN
NaN
NaN
NaN
NaN
NaN
NaN
NaN
NaN
-74.843
-98.284
-89.572
-114.38
-58.797
-28.955
6.2705
-43.984
-52.597
-114.07
-4.7684
-42.107
-24.066
-62.168
-46.613
-84.721
-23.099
-34.636
-10.655
-29.248
82.77
-24.069
-53.231
