-98.848
-93.784
21.718
66.088
-28.018
-68.974
-77.348
-29.605
43.592
68.291
77.661
55.853
69.255
-19.86
-107.72
26.532
45.703
97.088
70.411
28.239
31.412
-47.234
-57.26
-50.69
28.588
33.157
83.368
60.728
31.993
-18.012
31.385
43.336
34.904
76.883
-46.588
-63.109
-22.964
-41.735
-39.034
-64.137
-43.997
-20.899
-13.033
2.1788
-22.58
-104.61
-64.944
-3.3485
19.195
13.097
37.41
89.305
8.6565
-111.75
NaN
NaN
NaN
NaN
NaN
119.89
86.444
67.294
32.361
4.6058
43.522
-7.5805
-32.264
9.2907
-13.969
3.6604
71.744
95.781
60.619
43.238
NaN
NaN
NaN
NaN
NaN
NaN
NaN
27.672
40.112
50.818
44.37
-34.328
-48.524
-14.046
-8.4622
-14.688
-13.263
5.0889
-21.698
-64.545
-26.684
-30.397
5.1379
26.773
6.2918
-59.081
-106.5
-70.719
-111.86
NaN
NaN
NaN
NaN
27.075
3.4981
-84.556
-34.27
32.592
51.593
106.08
87.458
65.974
76.22
8.7167
56.493
69.71
105.06
113.12
3.4551
-6.2159
22.589
70.582
20.035
58.453
19.637
-0.55433
3.1069
-62.047
-44.933
2.958
-25.426
-49.751
-63.993
-33.203
-37.722
-75.693
-87.808
-61.241
-67.929
-38.853
-30.193
-49.28
-40.844
11.685
31.086
5.6392
-30.012
-58.934
-107.97
-105.82
-8.9842
113.04
62.312
87.023
57.394
-19.076
-41.763
58.961
34.563
77.658
119.83
106.83
65.578
23.387
-8.9792
26.879
90.616
157.23
137.27
68.696
-47.903
-183.68
-69.02
-78.815
-47.906
-27.128
19.153
8.5314
-50.743
-18.78
-14.237
-42.017
-85.1
-98.525
-62.099
-39.699
-36.803
-39.177
NaN
NaN
NaN
NaN
NaN
NaN
-67.403
-68.787
-30.788
-33.352
32.084
115.27
109.15
NaN
NaN
NaN
NaN
NaN
NaN
NaN
26.581
-53.838
-78.858
-37.476
13.693
82.438
154.35
NaN
NaN
NaN
NaN
NaN
NaN
NaN
NaN
NaN
NaN
NaN
-36.824
-64.046
-17.563
-73.576
-90.191
-52.934
-82.041
-21.743
21.544
-10.204
-102
-75.09
-46.674
-65.674
-29.509
NaN
NaN
NaN
NaN
NaN
NaN
NaN
NaN
NaN
NaN
NaN
NaN
NaN
NaN
NaN
NaN
NaN
NaN
NaN
NaN
NaN
NaN
NaN
-0.94629
-56.136
10.689
-29.332
20.256
-15.866
-18.561
-74.076
-111.67
-5
45.341
5.7518
-1.9127
14.321
30.207
-71.029
3.6857
16.657
33.839
20.337
-36.127
-25.855
-16.605
-29.751
-25.637
