-187.04
91.535
109.75
32.391
44.465
19.28
30.513
-12.042
-109.85
-149.82
-105.82
-18.885
-46.117
-51.727
-30.858
-14.644
-32.151
3.4111
28.965
-51.629
6.0744
54.03
98.842
56.792
-59.158
-186.03
-66.103
15.777
-15.066
20.153
21.653
2.6863
-13.904
18.347
4.3469
29.863
57.518
34.015
8.9854
71.379
49.647
-8.2038
-3.2604
11.307
52.117
-3.3127
26.303
3.2004
17.795
98.428
63.234
-172.48
-22.177
25.539
NaN
NaN
NaN
NaN
NaN
-97.749
-84.724
19.28
61.519
66.315
-4.1539
30.985
68.267
35.88
151.6
64.096
-81.471
-112.69
-59.982
-90.486
NaN
NaN
NaN
NaN
NaN
NaN
NaN
-14.643
47.063
52.74
7.2869
50.573
14.87
48.116
-35.959
19.809
70.827
14.559
17.304
-106.21
-60.753
-56.565
-29.367
-59.859
-43.248
0.3084
-28.337
87.8
100.1
NaN
NaN
NaN
NaN
-27.395
35.686
81.717
42.174
-66.632
-121.99
-77.055
-76.171
-84.545
10.428
-28.889
-118.2
-30.536
-16.243
-66.938
-78.869
22.348
35.947
13.713
-38.818
4.1389
64.695
37.228
9.7185
-29.03
-80.02
52.712
28.183
35.917
26.833
31.196
45.161
48.506
-1.6884
11.406
59.14
25.373
-15.236
-10.022
14.486
37.492
25.717
-126.77
10.895
-0.89037
-7.2373
7.0174
56.239
67.045
-105.5
-12.987
73.8
-16.484
2.3659
-87.982
-35.071
-13.592
-5.1544
-7.2211
-40.333
12.726
17.489
-22.451
-9.0022
3.2179
36.595
4.3231
16.962
74.289
13.79
-47.902
-90.244
-15.389
15.545
-32.189
-17.056
-46.392
-1.6513
-32.118
-74.919
62.967
37.091
-26.53
-32.721
-41.086
NaN
NaN
NaN
NaN
NaN
NaN
96.627
96.626
-15.409
-40.701
-1.8408
-15.907
-8.7137
NaN
NaN
NaN
NaN
NaN
NaN
NaN
33.655
-21.024
29.871
59.652
102.08
-60.217
-71.901
NaN
NaN
NaN
NaN
NaN
NaN
NaN
NaN
NaN
NaN
NaN
0.92699
-49.783
-23.564
39.1
90.729
50.852
52.126
60.883
114.36
107.31
103.87
5.2706
-36.616
-2.9659
-41.466
NaN
NaN
NaN
NaN
NaN
NaN
NaN
NaN
NaN
NaN
NaN
NaN
NaN
NaN
NaN
NaN
NaN
NaN
NaN
NaN
NaN
NaN
NaN
-76.936
-107.4
-4.1504
14.126
43.144
17.035
47.772
100.56
7.0531
-51.787
-30.329
26.674
-3.5452
52.637
80.983
26.164
-54.476
-69.556
-8.4705
35.829
78.623
56.094
47.464
111.18
134.99
