-13.6
39.31
12.349
1.441
-60.592
-91.127
-96.015
-31.248
-93.283
-82.638
-11.827
-16.33
60.37
61.256
56.309
109.77
48.041
-13.03
40.371
62.233
68.135
31.006
2.1536
7.9348
-37.407
8.5484
59.321
-3.2325
-34.936
11.098
-22.966
-38.924
-34.77
-82.311
-57.605
38.889
0.77418
23.073
15.258
-43.185
-17.717
-21.447
16.221
-18.988
-16.585
-25.552
-39.178
-12.908
66.389
36.481
80.248
86.541
-20.394
-116.27
-38.496
25.306
-22.809
-78.774
-9.958
-3.3481
43.523
-7.4764
61.79
54.66
98.691
46.155
7.4333
-37.638
-28.668
-2.5906
11.661
-13.536
39.397
50.684
42.935
-30.786
-32.028
-19.477
-42.921
-48.059
-56.36
-45.883
-35.185
-24.056
19.592
29.941
-20.799
-1.1434
NaN
NaN
NaN
NaN
24.85
-38.665
-22.34
52.553
93.721
48.692
0.06779
35.25
13.609
-20.898
-45.224
-21.027
-76.057
-16.511
-0.29339
71.993
28.589
-33.788
26.454
39.571
42.897
-35.382
19.297
19.089
NaN
NaN
NaN
NaN
NaN
3.8616
32.553
42.605
13.234
21.431
-5.9281
-12.616
4.7213
15.513
-1.539
55.579
10.6
23.086
-66.271
-97.702
-120.54
-77.593
-25.476
-2.1911
29.257
45.888
67.047
-15.905
-56.524
25.209
34.867
64.328
63.953
110.32
77.317
28.908
-15.671
-32.676
-24.203
-8.874
17.022
-33.389
-59.767
-4.2895
26.516
-30.237
-34.667
-95.794
-43.254
26.144
40.706
56.33
62.747
-39.738
-12.391
-10.298
-3.2839
-27.141
-87.564
-55.533
-30.608
5.1585
57.48
52.436
28.563
-23.473
-14.777
35.321
65.032
40.822
8.034
-26.539
26.414
16.478
-29.502
-75.1
28.295
62.298
34.033
21.625
56.039
-0.65248
6.886
-29.147
-36.006
-39.641
-3.857
-42.579
18.656
-22.347
-113.36
-117.59
-18.981
49.847
-2.4098
18.798
-7.6407
70.251
22.268
9.3282
-6.5664
-11.645
46.743
44.705
5.1112
-36.391
-20.444
57.552
54.708
28.991
20.434
-22.557
-9.9594
-8.6974
-1.913
20.374
-2.2559
31.12
-24.034
-40.065
7.4547
14.381
-29.434
29.057
