-25.678
-89.806
24.475
25.707
8.8557
9.3259
48.365
21.846
-21.305
-13.142
-17.261
87.872
86.708
-36.972
-46.434
11.637
98.073
85.698
115.96
122.26
29.344
7.9487
24.306
-20.264
-36.859
45.248
153.56
-51.742
-95.548
-77.372
8.3319
56.74
31.453
-1.0773
-30.137
-55.165
-46.37
3.877
-89.314
-14.347
12.543
-67.327
-94.557
-34.153
15.016
1.7794
-11.694
36.744
-87.795
2.5836
153.96
23.635
-27.331
-56.134
NaN
NaN
NaN
NaN
NaN
-23.349
-7.9958
56.389
107.84
84.35
59.63
-2.1172
96.967
52.095
77.703
6.2977
71.118
55.573
78.969
8.4924
NaN
NaN
NaN
NaN
NaN
NaN
NaN
-30.543
-34.614
-33.173
-7.0124
-36.278
-23.191
-35.958
-3.2872
-31.494
-17.269
19.433
53.702
30.903
-114.04
-120.24
-62.284
-20.755
-4.7849
32.047
83.97
63.293
53.237
NaN
NaN
NaN
NaN
-31.186
33.38
24.62
-2.1437
-50.49
33.273
40.343
-20.617
17.68
11.183
67.895
28.466
-15.336
-24.697
-12.952
-19.947
-49.102
-120.39
-41.988
44.714
144.67
12.924
-1.3622
4.7745
14.312
18.97
104.31
44.032
-18.558
-59.658
-36.563
-17.646
39.648
36.839
35.161
-13.075
-9.6733
3.3496
-9.8614
-17.041
1.4218
10.227
-59.445
-61.218
-128.76
-206.53
-23.077
25.245
-27.635
-51.354
-83.876
-83.007
-30.964
-25.026
33.777
103.77
176.47
143.99
107.92
99.072
80.357
97.917
70.752
78.025
12.154
20.379
-27.289
-151.97
-108.03
-33.895
51.898
10.394
12.269
-81.061
4.8275
25.142
27.205
-42.488
46.497
57.387
-2.4005
4.4077
13.462
17.522
-110.22
NaN
NaN
NaN
NaN
NaN
NaN
-120.07
33.744
50.031
81.102
56.18
61.031
84.939
NaN
NaN
NaN
NaN
NaN
NaN
NaN
-39.768
-175.07
-78.754
-51.088
52.408
36.756
50.67
NaN
NaN
NaN
NaN
NaN
NaN
NaN
NaN
NaN
NaN
NaN
52.718
52.998
-3.4948
-50.088
-21.491
-5.6693
21.583
44.457
61.219
-57.143
-42.34
14.058
58.516
51.405
-0.069561
NaN
NaN
NaN
NaN
NaN
NaN
NaN
NaN
NaN
NaN
NaN
NaN
NaN
NaN
NaN
NaN
NaN
NaN
NaN
NaN
NaN
NaN
NaN
58.054
80.243
69.632
104.96
144.72
72.071
-95.293
-63.323
4.6503
51.006
1.53
-85.264
-101.4
-112.04
-8.7218
-35.747
-49.986
-44.748
-49.026
2.5132
32.541
-17.706
-95.158
-157.13
-82.942
