NaN
NaN
NaN
NaN
NaN
NaN
79.652
56.246
-39.066
-19.558
-1.7301
-27.623
-14.798
21.407
0.41946
20.016
70.156
76.626
90.9
48.143
7.0574
-25.927
-2.649
40.791
37.665
25.864
-50.995
-70.881
-27.108
-4.9401
15.59
-31.728
-5.0572
42.726
-22.04
-54.082
-73.631
-52.286
48.358
22.593
-9.0187
-16.982
-60.488
-57.644
8.8598
39.639
-35.28
-36.627
-2.0995
49.118
32.466
15.124
47.438
-4.1639
25.671
28.791
-47.038
-80.191
-50.842
-23.692
-12.075
20.551
36.956
37.031
64.603
59.972
24.164
-1.2557
15.55
9.5781
17.582
49.767
61.613
-20.009
-23.588
-19.948
2.7076
23.738
22.848
66.057
41.937
-31.896
-84.139
-76.61
-108.57
-79.655
-26.713
-6.1146
8.4136
8.8353
16.835
13.732
-16.371
-28.805
-10.551
-37.432
-3.2045
29.864
28.701
38.023
32.023
-7.0856
-75.065
-52.46
13.017
68.564
38.433
65.714
73.544
-36.245
-94.765
-62.209
-12.736
-30.398
-1.0585
35.474
45.202
69.065
72.975
64.696
69.201
56.757
-17.576
-40.221
-13.36
0.1957
17.205
-6.936
-52.775
-40.692
-17.26
-17.269
-16.424
-39.147
-19.348
-47.223
-22.394
-9.8232
-30.473
-5.4662
27.321
47.833
52.068
39.556
9.0673
-28.19
-63.404
-37.439
-3.7016
-71.66
-17.203
-31.283
-56.14
-42.125
-15.404
-13.326
35.943
99.953
82.443
43.735
2.2737
61.752
82.688
62.929
-11.32
-8.2887
34.088
17.659
-4.402
-0.45518
-6.0576
-21.544
-3.823
21.724
-53.211
-53.687
14.318
23.19
-14.634
17.455
13.525
-0.84576
-3.1245
-37.023
-49.205
-13.398
26.847
-0.56019
-6.4715
-12.812
-29.706
-42.743
-70.217
-108.53
-81.159
-3.6103
63.053
45.461
70.789
-4.3824
-84.957
-14.995
21.239
10.753
42.775
51.485
83.476
21.563
-17.569
16.481
65.363
66.285
34.678
33.343
-12.321
-84.561
-38.959
5.6081
55.639
97.479
74.829
-20.554
-23.547
-45.463
-43.105
NaN
NaN
NaN
NaN
NaN
-27.938
-54.731
-83.648
-54.85
-34.446
-30.065
-44.183
35.841
81.039
28.281
-43.06
-81.127
-42.686
-62.825
8.582
95.67
107.08
113.03
122.28
9.1629
-56.469
-14.851
21.285
-3.7875
-52.89
-7.4679
-75.824
-63.846
-21.574
-41.576
-1.6695
29.199
40.768
59.248
93.822
100.2
93.995
61.294
-29.951
-64.411
-45.203
-44.848
-36.299
-40.331
-22.96
25.201
23.144
14.956
2.0652
-27.052
-54.531
-17.21
17.172
-0.3973
12.897
17.301
4.5676
-2.0499
-26.049
-72.513
-47.501
-23.932
3.5698
