19.258
28.46
45.09
54.778
33.866
11.241
11.154
17.176
-31.606
-52.301
-21.198
-52.981
-64.108
-6.3291
55.234
66.734
27.997
-5.3621
15.811
5.1533
38.222
57.165
26.85
-13.587
-80.73
-48.394
-51.797
-67.568
-31.733
50.008
108.84
61.743
3.5305
-16.166
3.9388
-13.619
-32.229
-28.244
-35.555
14.082
-6.7836
-44.465
-31.877
1.3936
66.928
0.12922
-52.013
-61.505
-12.887
30.879
48.891
43.164
31.804
4.716
-6.9438
-17.028
-5.0162
8.768
-17.311
-16.839
38.977
12.157
16.053
22.786
17.14
4.0292
25.701
12.333
5.4413
-4.5078
11.69
0.071028
-23.277
21.775
33.379
-11.472
-63.674
-39.779
-15.758
-31.316
-28.771
-39.105
-4.5633
-14.087
7.8764
-30.368
-52.86
-32.845
-22.38
58.055
67.487
72.299
65.966
-10.269
-2.6174
-13.848
1.6873
18.888
-10.092
-37.465
2.3545
3.3934
4.7603
31.073
60.354
30.856
-18.936
-16.595
-2.5421
-10.201
-37.914
8.6359
32.222
18.933
40.451
16.611
-29.524
-5.2886
-25.513
-8.1988
-9.2266
-41.271
-47.734
-39.983
-47.118
-32.994
-17.848
-20.696
13.351
22.076
46.005
13.006
11.712
-3.1629
-12.757
-4.0726
31.448
78.626
57.367
7.9157
-15.04
9.4278
17.137
30.856
-20.506
-46.954
-45.015
-44.986
20.954
21.024
7.1178
-27.699
-15.776
7.7643
26.074
68.187
NaN
NaN
NaN
NaN
NaN
NaN
11.038
2.2492
-20.957
-6.938
5.4998
-5.8608
-39.461
-23.589
-39.998
-46.041
8.1184
-2.8257
-2.2527
26.494
9.8699
1.4642
-39.9
-1.6795
3.6165
35.902
43.32
33.28
7.4112
-52.72
-40.622
10.72
26.52
18.572
41.066
44.839
20.419
-7.5275
17.678
76.852
97.68
33.634
-40.313
-14.412
-46.837
-46.497
-48.6
-29.219
-32.006
-33.986
-53.906
-24.114
-41.109
-29.748
-27.43
-39.956
-2.6024
29.074
57.362
86.461
27.22
-18.169
-4.232
-16.178
-16.22
-30.245
-15.521
27.189
28.231
22.33
13.481
7.2384
-13.257
46.241
58.056
30.49
1.9354
-9.2541
0.40436
57.564
62.096
16.825
-17.222
-14.963
-4.4607
-58.693
-49.373
-40.377
-34.526
-59.406
-47.184
-28.473
-15.075
12.365
2.4189
-8.3975
-19.425
17.72
3.3774
-27.835
43.881
