NaN
NaN
NaN
NaN
NaN
NaN
-28.96
4.0097
-14.206
13.226
12.437
19.674
-8.3627
-12.959
27.152
41.41
69.088
40.47
16.385
-9.1986
-33.905
1.9953
38.591
29.461
0.16565
3.6546
21.367
28.267
-4.7559
-13.812
-38.884
-56.381
-1.8895
2.4823
-54.119
-43.637
1.536
12.917
-0.078646
-5.8867
-4.5137
2.7485
-42.589
-30.798
4.6407
67.583
-25.098
-28.986
-38.809
8.6263
30.496
5.4617
-0.776
35.977
-10.435
-23.163
-32.751
13.492
5.6354
-2.3552
-18.411
37.692
35.673
9.664
8.9149
39.749
48.973
33.313
54.985
-22.709
5.0009
-25.478
1.6897
27.531
9.1373
-9.8617
-43.088
-30.068
-33.049
-0.75976
-6.3338
2.7101
-20.776
-11.115
-54.298
-4.5401
-34.343
-20.013
-12.738
37.525
9.5226
4.4514
17.319
12.42
38.575
14.846
9.0671
9.8558
-10.206
5.0655
-24.688
-33.558
-13.018
-46.285
-12.332
7.7016
-4.0999
-17.439
35.808
33.777
5.826
54.55
40.833
29.03
-16.369
-24.82
-33.484
-37.288
-0.38629
60.488
19.429
11.197
15.305
-1.3273
-36.933
-1.8329
41.893
9.1071
-2.1559
-12.394
-9.2501
-28.313
-30.584
8.7658
-0.79842
-13.309
-1.3933
-34.679
-2.4466
2.8357
22.81
3.2244
-20.854
-12.326
37.203
26.628
-11.123
-17.008
23.027
-35.59
-4.9468
-20.377
-35.443
-14.181
12.054
-8.5181
-7.1805
39.1
-2.3088
-6.5895
-20.834
19.727
29.048
20.097
-31.432
27.648
24.646
11.95
20.671
35.34
5.6423
20.463
2.986
-10.172
22.661
-24.022
17.462
20.65
-2.8064
-20.411
3.5416
-33.297
-11.034
-15.303
2.3247
-39.566
-40.652
-17.002
-15.024
24.627
3.1898
-22.96
-39.961
-8.3544
32.156
17.168
23.18
-9.1549
17.463
-8.7565
9.4599
-12.562
-6.9232
5.0143
-23.229
23.79
7.4512
25.4
3.8588
8.8388
-8.3325
-26.295
-27.75
-23.337
10.235
23.013
27.751
29.608
-15.771
5.6468
-11.807
21.734
13.284
13.977
25.284
NaN
NaN
NaN
NaN
NaN
2.6048
-49.947
-22.147
-1.8941
16.667
5.3943
6.302
-47.411
-41.797
-34.075
-60.86
-43.972
-21.581
-11.387
-0.313
-0.21514
-43.51
2.7641
9.3465
-47.408
-11.652
-2.2911
26.415
13.895
14.321
35.216
20.251
57.623
60.799
54.435
26.44
11.117
-9.1058
5.1514
-21.285
-13.739
14.371
-4.4443
22.289
15.228
8.067
22.452
35.055
-41.493
-43.729
-25.195
28.866
-26.787
-6.2105
2.5005
-1.3197
-33.942
-12.734
-37.488
-22.404
-3.8333
17.557
-10.171
-25.336
-21.05
-13.612
-28.915
-5.9707
