-7.37
11.892
-63.522
4.8438
-39.902
42.353
73.391
43.548
-5.6201
20.353
48.148
17.221
49.782
19.231
14.31
10.069
-9.5667
-23.839
-35.367
-60.558
-29.771
-9.6614
-44.233
-39.828
30.453
NaN
NaN
NaN
NaN
-5.9974
16.145
-20.458
-76.186
-7.812
6.583
34.36
-6.0514
4.3915
32.493
11.891
10.976
11.684
10.052
25.075
0.97178
-33.941
-7.2975
-2.9174
-13.987
3.6518
-13.008
41.491
40.08
-37.984
-38.058
-8.878
28.079
12.022
10.783
22.328
59.97
-6.746
17.446
8.1324
6.2
-19.225
-38.317
-72.78
-13.681
-49.861
0.48123
-3.6877
-9.1557
19.343
-18.265
-37.01
-30.779
24.685
35.779
1.0704
-10.261
50.079
59.28
-5.9355
2.2958
30.641
-2.1805
-32.262
9.6883
21.686
11.238
74.2
24.123
-13.118
-7.5089
-49.941
-55.615
-51.439
24.438
15.453
-20.356
-43.923
-34.214
-7.809
23.792
27.882
13.569
9.8541
5.9561
17.988
25.878
7.8292
-25.998
-4.2811
-3.8597
3.5661
44.319
15.007
26.778
-31.236
-46.008
2.3272
-46.368
-55.309
-19.591
-0.59002
2.8591
5.1161
-13.3
NaN
NaN
NaN
NaN
52.057
39.857
67.702
64.787
-0.45866
-6.4387
22.111
42.702
-13.403
-10.616
-42.347
-64.286
-64.506
-58.841
-87.277
-25.803
27.44
29.301
51.773
-29.138
-11.574
-10.815
9.7471
12.281
-20.878
-7.113
18.911
15.105
42.507
49.544
-18.25
-6.1447
22.384
32.408
36.08
37.478
23.11
-32.825
-30.332
-8.865
-61.295
-16.064
-12.108
12.492
-6.8535
11.689
-27.236
-47.248
-44.54
79.333
62.413
50.788
-5.6071
-9.9524
-33.822
-52.549
-34.363
-41.919
-17.116
NaN
NaN
NaN
NaN
-14.713
36.483
62.771
31.376
30.713
26.595
17.515
57.349
-11.512
-32.865
-52.127
-22.744
-10.434
-10.195
9.7342
-25.552
-16.477
-3.4648
22.476
-46.109
-26.97
29.055
-1.9463
-5.5723
-21.794
-25.015
9.991
22.329
20.574
0.003134
-3.5459
-1.1349
20.526
3.7952
16.054
51.818
11.983
25.925
18.67
-18.522
-28.912
9.0149
21.949
-2.5332
-28.643
-17.609
1.3432
1.5263
-23.658
-23.826
-8.4582
22.255
2.4152
-3.9435
-23.169
-48.169
-33.706
1.5829
26.27
