-2.9667
21.289
-3.6016
27.102
43.473
-8.774
5.2952
21.52
57.168
8.6449
-6.3771
-39.308
-8.0246
-45.666
-29.613
0.1865
-6.8073
-17.668
16.815
-41.437
10.811
18.294
10.806
-11.797
1.4567
34.18
40.831
-17.73
-10.309
17.08
33.259
-1.6799
43.26
-0.15574
-49.52
-21.602
3.6291
-37.786
-20.205
-12.267
-9.5997
43.405
6.1462
-32.304
-24.852
25.082
24.41
-26.887
-32.722
4.596
15.536
0.27617
20.227
-12.492
-30.716
5.8095
-9.432
-50.512
4.2269
22.562
17.4
53.861
33.119
38.327
9.9821
-13.803
-19.113
0.36488
-0.56121
26.438
39.251
0.67485
5.1553
15.807
16.631
-31.843
-14.872
-0.97345
-9.5204
-12.982
-7.9172
-4.9795
-11.988
-30.042
-27.231
-31.158
-35.593
-17.932
1.3875
0.059971
-35.995
31.362
-14.213
-31.219
-22.744
30.365
38.56
26.723
10.985
-28.851
4.6307
2.5023
37.022
27.699
42.836
51.223
75.623
4.7327
-7.3917
-20.024
18.157
-4.514
1.0588
48.231
34.674
-37.583
-24.674
-54.344
-48.285
3.5137
-21.664
-49.499
-22.495
-9.9953
-18.786
-2.8216
-6.3631
-17.437
-9.3147
-1.8484
-27.555
-23.329
-13.283
-14.817
-32.369
16.186
30.338
45.093
7.8959
50.129
63.943
42.041
21.471
4.7683
4.3893
16.855
16.967
-5.324
14.091
2.4623
-40.367
-9.3772
26.823
27.721
4.2216
-4.3637
NaN
NaN
NaN
NaN
NaN
NaN
54.573
12.354
-16.373
-2.0582
-35.238
-56.165
-53.308
-35.63
-52.679
-11.218
-8.1914
-27.068
34.937
22.754
6.7592
19.363
44.849
21.809
17.953
20.704
12.985
1.5182
31.421
13.727
-14.892
-17.236
-13.785
52.738
48.062
-8.441
15.152
22.237
-1.6487
11.793
-30.122
-41.163
0.26745
9.1009
49.796
-3.6451
-4.6005
-2.7116
25.105
-41.925
-10.011
-3.3858
-55.701
-77.055
-38.685
-98.067
-50.655
-24.702
9.857
-6.2781
13.912
7.0402
52.46
57.662
29.958
-6.7793
16.232
74.617
55.916
17.253
26.514
42.415
42.661
16.731
27.142
-31.03
-14.666
-13.211
-25.214
-24.415
5.6378
-47.48
-37.724
15.979
-33.138
-10.096
7.7618
20.735
-3.9283
-25.065
-59.329
-36.378
-0.98356
-5.9324
-2.7104
2.2538
-14.93
-5.0846
17.153
31.478
23.231
