48.288
28.251
13.119
0.82397
-25.805
2.0031
-18.773
13.37
7.208
37.246
23.229
-35.542
-4.7669
-6.2787
-33.929
4.387
65.287
68.301
76.77
44.434
1.1959
-37.734
-59.353
-71.746
-14.905
16.026
8.6087
-17.194
-10.305
-40.201
-38.382
-27.825
4.3057
-10.896
-4.2676
-17.707
22.022
14.389
22.807
36.196
3.3087
-9.1303
12.897
8.8466
-0.65014
7.4959
-1.4197
-57.024
-80.509
30.763
-27.799
-11.533
18.681
36.969
21.219
25.273
0.59507
-29.421
7.9705
45.105
40.924
74.925
44.277
24.638
-22.513
-17.435
-40.572
-33.685
-45.177
-0.88952
23.63
12.484
11.357
39.696
-3.0284
-71.036
-7.8308
-26.996
-51.624
3.6439
25.314
0.45651
1.559
-25.169
-39.445
-15.782
-29.131
17.614
20.641
-1.0905
29.489
35.407
-21.819
-53.344
35.867
9.7431
46.931
31.39
-1.86
-56.222
-14.192
13.512
35.897
29.456
-10.789
0.051307
19.377
18.834
2.2901
-50.798
47.881
42.183
20.156
41.339
7.2483
-53.872
-28.483
-1.1273
23.907
-9.5579
-0.81181
-17.313
-25.184
-2.5341
-2.8541
-11.048
-31.452
-50.012
-52.434
-64.218
-48.098
28.362
52.801
-30.93
-32.411
-1.5247
-22.069
0.16828
12.614
28.127
41.681
55.703
34.038
42.904
44.836
50.59
44.22
54.821
18.574
-15.637
-5.9058
32.037
-39.445
-17.712
0.68426
-34.076
NaN
NaN
NaN
NaN
NaN
NaN
25.78
45.44
-43.293
2.6395
-36.158
-33.34
-25.601
-23.285
-40.103
23.027
-57.363
-40.864
-32.242
-25.31
-46.779
30.123
0.20672
58.49
37.261
26.126
45.226
25.976
56.43
27.191
53.557
18.658
-13.966
22.313
1.231
22.184
36.067
3.1512
60.324
9.919
-68.858
-22.835
-42.757
-10.748
11.946
-3.0363
-13.361
51.396
-0.79064
-37.854
-27.479
6.7537
-44.868
-50.285
-15.437
-82.72
-95.163
-34.546
-50.295
-54.728
-4.9082
1.1294
24.552
37.545
2.7368
-1.8753
31.706
60.123
101.95
71.338
102.73
73.614
109.19
95.69
21.352
-51.998
-15.764
1.4388
-55.386
-63.307
-19.548
9.1656
-11.85
-18.444
-71.029
-75.459
-17.131
-12.55
-43.833
12.493
-44.506
-68.155
-14.101
2.6975
-5.9761
-6.0157
11.945
15.807
0.63969
35.491
35.534
