-67.284
16.778
17.644
42.11
14.487
24.436
17.341
23.719
94.781
53.854
-24.63
-58.465
-42.042
5.3263
-11.107
-76.514
-20.497
48.056
4.8835
-16.221
24.899
-46.891
-105.01
-35.086
-35.052
NaN
NaN
NaN
NaN
38.846
52.751
-15.083
-10.081
-46.301
-29.459
30.698
-83.894
1.6875
21.699
-25.1
-49.111
0.56084
8.1039
32.859
-22.387
-117.79
-30.332
21.109
91.219
76.16
147.85
70.969
50.255
68.927
3.0659
-88.489
2.3826
16.816
28.509
-15.808
-48.151
15.391
-16.515
-93.621
-55.256
-37.309
-2.6101
-24.536
-63.651
-13.367
19.588
43.015
-54.696
-68.469
42.612
56.354
35.399
24.528
-61.078
-83.044
-25.823
12.366
71.492
51.358
-11.359
13.605
62.164
51.587
22.931
-3.1133
8.8456
42.295
-25.65
0.89432
51.335
7.8258
-0.35426
-79.284
-37.8
-13.991
-5.6528
83.778
81.963
-66.756
-29.47
-9.2503
-50.289
-77.641
-72.252
-46.377
25.064
76.708
-19.728
-49.884
-25.454
-35.038
48.795
59.472
89.294
56.337
30.537
16.862
11.073
-34.804
-78.999
-78.495
5.8265
-4.3257
24.695
NaN
NaN
NaN
NaN
-23.24
-58.251
-26.73
50.998
18.68
-44.195
-75.314
9.869
28.891
4.624
-9.1225
-16.392
65.833
50.067
65.223
57.753
21.285
-63.76
35.678
75.268
-48.646
-71.155
-35.772
-16.864
-33.772
-56.482
-44.708
-69.548
-4.5131
8.8084
28.912
-32.205
-59.476
-7.7548
43.384
44.557
33.808
20.865
2.8694
69.44
60.913
9.1407
-28.24
13.879
-61.266
-29.318
2.0506
25.363
-32.341
-82.202
-22.202
104.92
133.68
126.44
57.748
-11.09
-50.318
-38.065
-82.907
NaN
NaN
NaN
NaN
-0.8426
20.464
-13.117
-15.312
-4.0922
53.675
0.61206
-20.709
-118.91
-45.561
18.162
-2.154
-45.298
-22.743
-27.46
-13.567
37.498
-24.654
52.336
86.082
-26.234
2.5812
11.037
93.831
142.43
82.278
-18.707
30.256
-4.9006
-29.55
11.646
13.104
27.825
20.01
-85.149
-87.096
-33.996
-74.794
-49.281
-30.206
3.6663
-41.089
67.665
65.39
63.441
27.302
-46.169
-20.924
-57.066
-80.912
-99.993
-40.507
-14.417
11.419
-2.6275
69.715
110.3
59.718
16.52
