-21.466
12.004
-17.261
-47.448
-38.367
-84.084
-54.078
-34.825
-20.08
30.238
70.528
31.397
-16.233
-12.129
49.919
108.42
115.63
73.528
8.5008
15.122
61.274
58.003
25.909
31.099
3.3218
22.096
12.738
-66.132
-22.554
-56.811
-80.735
-47.187
-49.256
-30.404
-28.063
-57.927
-41.54
-27.333
32.985
40.693
21.817
-32.085
17.512
-27.075
-89.502
-33.453
-3.0686
0.94536
-2.2487
43.934
72.271
47.096
-68.023
-38.526
41.686
34.637
21.509
49.32
47.248
3.4819
-42.151
-5.6876
21.411
83.564
59.31
-15.733
3.947
74.338
58.946
21.622
34.992
-29.887
-112.54
-58.858
8.4452
-34.546
-39.313
41.455
-27.557
-64.949
-75.74
15.404
-0.031849
-27.989
-0.83313
10.597
-0.68583
-35.061
-47.051
-32.242
-22.755
-63.031
3.102
47.753
-9.9972
13.967
51.307
16.751
20.57
26.365
38.116
28.936
79.751
65.899
14.467
-18.461
5.6872
28.426
62.163
65.139
14.943
-9.7425
3.7044
-58.444
-99.253
-57.78
-78.499
-34.846
-2.1318
37.118
18.755
-2.744
-5.7985
28.896
35.957
-40.401
-33.334
-13.22
20.479
36.759
17.479
10.029
-21.381
-41.976
-21.598
-75.601
-95.065
-51.537
-63.761
-98.031
10.84
132.13
165.43
93.147
-18.66
-17.219
58.771
67.361
-14.012
-39.169
-10.112
-17.361
-4.8053
60.939
94.981
76.686
26.024
21.254
42.208
-57.841
-108.53
-68.155
24.92
-0.051438
-9.7297
-17.453
-32.111
-0.58683
-31.584
-63.355
-4.5873
32.606
-51.261
NaN
NaN
NaN
NaN
-8.8765
-11.944
-36.268
-41.557
-24.081
-41.989
-40.206
56.841
98.646
105.47
13.703
-60.805
-27.755
57.304
63.531
8.7551
0.54166
-2.6814
-37.579
-23.771
30.87
20.328
47.934
5.2028
-19.469
1.3661
24.432
43.071
53.035
50.131
19.206
-39.318
-29.379
-30.311
-60.167
-35.791
-21.303
-51.697
-29.262
-5.7331
2.7443
-5.6364
-34.857
-17.983
20.296
-13.234
-42.056
-49.677
-32.262
-17.887
-28.731
17.984
30.175
74.711
62.123
11.015
2.6669
20.869
7.0009
-14.499
-5.5237
61.604
71.424
28.724
51.085
48.753
35.317
-12.846
-25.973
-55.571
-39.547
-60.246
-49.912
-11.108
22.406
38.809
4.379
1.8561
10.445
47.808
14.747
-18.603
-66.892
-20.246
3.3825
16.694
-30.128
-31.163
20.793
12.107
-38.322
