-63.789
-2.9801
17.12
25.932
-11.623
-11.472
1.5536
40.937
38.254
6.1574
13.219
0.022006
-12.542
13.008
-14.522
-6.0149
-4.5412
-25.521
1.6432
20.456
-24.8
11.959
-20.029
-10.42
10.942
NaN
NaN
NaN
NaN
-22.452
-16.299
9.7757
5.0885
13.804
-0.40329
-4.4622
-25.526
-3.469
8.4923
1.4112
-23.225
-8.9183
-14.543
4.1759
16.296
-51.774
-59.07
-56.818
-4.6614
26.297
70.269
55.269
49.256
58.361
48.528
25.523
-21.589
-7.8604
0.91439
-29.51
-45.965
-8.9069
12.445
0.020286
7.6719
-36.189
-2.7637
0.69703
30.518
2.4135
-26.393
-2.8217
10.754
-14.174
-1.6296
2.3483
-10.283
-37.013
-55.329
-15.85
21.524
36.799
0.46803
-0.34788
-39.9
-11.381
37.433
55.323
29.94
-10.872
22.712
-52.628
-29.307
4.4915
12.038
27.162
28.638
25.097
-19.629
0.33598
35.114
50.209
45.918
-10.683
-22.076
-38.077
9.6775
-41.729
-73.622
-58.134
-34.629
3.05
29.91
16.77
-18.601
-15.237
-21.134
25.797
39.438
54.688
30.078
7.7837
30.322
38.875
35.624
-68.771
-57.434
-55.918
-45.403
NaN
NaN
NaN
NaN
12.22
12.277
-25.266
-24.703
10.466
5.2777
-34.008
-46.011
-6.9495
-1.7049
15.254
18.583
18.643
53.029
77.49
81.078
7.8963
-45.86
-40.522
-9.627
-48.348
-9.612
9.6291
24.138
27.558
-37.255
-20.667
-35.769
-24.489
-41.231
-3.6876
-17.918
-20.402
-8.104
41.613
30.575
25.673
20.743
5.6974
-17.69
-3.4724
-10.597
-3.8735
18.691
-27.283
-25.192
19.197
61.883
38.746
7.3673
-14.763
-17.744
4.7286
10.535
-13.774
-7.3201
-5.1896
23.794
35.262
NaN
NaN
NaN
NaN
22.727
15.746
-8.1576
-40.853
-37.022
10.55
-5.1073
-10.212
-47.974
-28.254
0.22313
21.69
22.632
21.034
-5.0805
-7.127
11.944
12.541
51.392
57.236
2.9929
-34.752
-92.956
-44.571
11.009
57.383
42.1
4.0317
-7.8124
-25.899
28.485
18.858
30.004
19.39
-8.8737
-23.043
-41.788
-28.696
-6.6547
18.955
25.783
-38.847
6.491
-6.3674
29.562
59.975
21.338
6.6657
2.2952
-41.424
-56.497
-77.334
-24.042
-24.077
-9.9992
40.15
49.227
50.609
-10.572
