83.307
40.016
65.844
43.868
32.484
20.703
24.795
56.02
40.599
18.567
43.474
37.154
11.555
7.5764
82.158
61.687
74.207
13.519
0.55536
-49.67
-57.276
-79.333
-6.6135
50.536
21.952
3.8026
29.736
41.318
-38.753
-49.359
-56.017
-58.534
-78.242
-46.983
-16.78
14.747
-52.035
-76.212
-56.298
-59.311
-4.2582
-41.599
-25.615
-12.044
32.385
69.741
19.768
-9.9146
47.248
57.08
63.17
77.414
56.808
38.986
12.551
-0.27311
-43.949
-9.4951
17.828
49.905
29.478
37.797
38.523
1.5388
12.098
-3.965
-4.4545
4.8669
13.965
-32.154
-17.494
13.39
22.929
-49.824
-18.827
-55.974
-71.533
-35.845
-14.147
-30.581
-31.935
-74.751
7.791
-27.14
-18.443
-23.48
-10.096
-15.403
11.092
-6.5649
1.8975
34.569
34.034
41.505
51.585
58.116
-8.3749
-2.8754
-32.917
-8.4264
9.4507
25.993
42.84
16.569
41.242
29.593
-10.02
24.795
8.9562
35.755
28.079
6.8368
16.688
20.721
44.15
22.879
14.929
-12.766
-36.319
-74.127
-36.956
-22.065
-16.413
-41.542
14.53
-39.362
-49.309
-37.401
-53.642
-30.983
-71.177
-50.878
-51.483
-75.031
-41.046
-35.09
-0.035781
54.19
61.175
62.379
70.052
55.02
47.416
45.31
45.548
11.529
43.349
54.734
40.281
35.821
83.889
36.513
29.768
17.193
9.6578
-0.46867
-25.258
-63.219
-66.237
-49.051
4.8464
23.055
23.813
-20.59
-12.394
-19.887
-39.17
-48.298
-30.631
-65.676
-67.099
-61.795
-32.744
NaN
NaN
NaN
NaN
-13.82
-5.1824
39.295
12.692
23.285
30.862
16.94
-16.97
-46.887
17.602
72.252
63.808
21.915
36.829
68.834
73.06
28.788
3.9839
9.2408
17.595
69.267
77.025
44.294
-2.9022
20.789
23.1
-26.072
-57.711
-62.711
-65.89
-47.127
0.77125
-68.807
-19.453
-20.565
-63.173
-53.002
-25.119
-33.857
-35.849
-53.194
-53.901
17.596
35.505
19.023
10.849
24.157
12.845
11.094
-40.144
-43.739
-29.615
-17.101
-1.0717
25.683
46.955
68.189
43.364
42.98
28.61
54.19
93.004
151.47
97.585
46.28
-12.929
-35.963
-47.001
-42.833
-17.07
11.891
11.693
49.6
-12.634
-44.52
-33.757
-48.821
-48.297
-12.597
-68.653
-47.683
-61.849
-67.858
-65.08
-93.382
-42.762
-55.011
-55.242
-16.595
1.0482
15.218
