-84.417
-21.359
83.958
45.702
33.323
24.787
11.357
39.882
107.26
58.957
-13.001
3.7835
-44.041
-8.7687
5.1787
-60.626
-72.003
-31.185
14.324
3.9785
27.939
-4.7783
-58.835
5.6374
-31.499
NaN
NaN
NaN
NaN
-18.732
24.745
58.768
26.266
47.647
19.1
11.998
-21.788
-48.887
41.869
11.99
-40.346
-45.86
-42.237
-18.084
33.085
-63.242
-112.25
-57.8
10.505
72.484
91.948
89.89
23.924
43.75
54.946
-17.032
-57.271
0.16974
54.813
-35.054
-24.666
19.546
8.0651
-95.571
-71.815
-52.817
-1.3084
60.856
91.054
66.302
34.379
55.942
7.75
-45.279
-0.37419
-45.412
-20.142
-26.045
-75.782
-49.395
-12.174
13.733
-3.4735
31.471
-37.105
-75.298
9.1599
75.405
81.805
15.393
35.805
-14.659
-66.957
-26.601
-9.9066
28.265
68.781
49.248
-8.9676
-16.481
3.665
26.092
35.051
-61.889
-60.005
-12.881
33.873
-20.814
-49.224
-23.641
3.3764
61.458
9.9356
-20.716
-18.357
6.3573
-7.2737
45.673
111.38
76.474
-6.3164
-18.852
39.079
41.176
-22.656
-101.34
-56.769
-86.168
-57.006
NaN
NaN
NaN
NaN
6.2611
7.4516
-42.613
12.896
60.004
38.18
-28.034
-14.769
7.0574
18.908
36.194
54.489
62.081
108.49
128.29
103.59
-7.4077
-76.296
-31.696
44.92
-10.491
-44.441
-34.721
-1.2959
-15.776
-64.775
-74.117
-91.995
-88.263
-61.094
-9.7662
-0.19875
-68.005
-54.239
30.288
58.471
67.438
67.033
64.787
44.949
81.715
12.591
-30.921
-21.566
-49.831
-24.466
19.581
50.628
25.276
-58.418
-95.574
-45.888
51.285
107.66
119.46
65.993
-5.6332
3.2731
-34.27
NaN
NaN
NaN
NaN
-42.78
63.031
20.748
-16.039
-0.90699
48.204
3.2041
-99.719
-117.99
-50.927
4.6159
36.569
48.155
22.469
-37.474
-20.744
44.17
47.187
36.839
51.482
-47.067
-119.7
-56.86
-30.306
29.119
60.42
30.196
7.9739
0.057457
16.722
66.369
87.61
86.716
40.855
-31.568
-32.104
-36.205
-20.198
-19.538
-8.7503
21.301
-38.409
-24.364
-26.542
-25.023
1.9113
-35.783
-14.826
23.157
34.471
-31.571
-40.345
-25.146
19.205
-24.479
-30.125
6.9416
16.769
-3.5627
