18.507
14.007
6.0317
2.0217
-15.097
-25.54
-54.534
-1.5945
33.695
-15.422
-12.418
33.742
55.054
38.448
-53.361
7.5852
43.572
29.703
52.484
42.178
-34.074
-52.694
-77.632
-33.773
2.7541
-21.29
-21.654
-2.3476
-58.153
-73.213
-66.811
-33.758
26.558
22.082
1.0271
21.193
65.26
65.671
69.17
56.671
-2.4746
7.625
39.428
27.199
30.154
-3.0396
-11.88
-2.1553
-82.247
-37.328
-102.38
-67.171
26.625
52.158
36.649
7.5192
-13.374
3.787
53.259
37.327
54.601
20.894
39.501
-2.9848
-3.2675
-51.905
-75.887
-99.837
-78.27
-10.634
-11.8
-25.07
-14.957
-8.9042
-15.309
4.884
25.929
44.815
24.05
70.885
86.201
30.263
11.089
-4.9411
13.542
-9.759
11.741
43.065
30.164
-37.677
-29.507
-6.8042
15.809
-63.513
-29.403
45.818
87.689
64.455
-56.298
-148.16
-61.053
-49.341
-34.613
-64.934
-38.758
-22.533
55.307
76.989
27.946
47.139
-0.92921
52.285
35.585
81.607
13.416
-53.496
-65.19
-47.797
12.523
79.341
24.965
-58.518
-27.864
19.773
10.726
48.254
17.919
3.6296
-27.67
-72.032
-46.592
3.2335
92.686
9.67
-26.078
-30.191
-38.531
-48.433
29.678
34.027
27.826
-25.735
-4.5421
-11.063
15.629
47.577
47.685
30.379
22.668
-39.512
-56.315
-28.225
-56.26
-80.691
-15.607
10.774
NaN
NaN
NaN
NaN
NaN
NaN
65.696
20.502
-103.86
-20.914
-25.962
26.562
29.099
22.547
43.253
51.145
-49.112
-111.72
-41.384
-38.294
-29.339
36.932
-10.15
34.413
10.63
-12.72
-31.972
-24.654
54.261
58.945
58.874
22.606
-9.5248
-30.944
-46.848
-57.664
7.7758
51.1
27.525
-13.944
-56.315
-60.505
12.475
18.364
28.034
66.351
62.401
76.893
-7.3096
-21.446
20.937
11.122
-5.5472
-11.396
23.344
-52.483
-120.92
-138.6
-113.49
-64.123
-20.076
10.235
35.471
66.536
94.955
66.455
28.566
1.9719
8.4164
8.3799
84.051
91.798
69.048
58.939
-39.355
-48.55
16.598
24.441
-115.02
-98.361
-34.933
18.909
-27.968
-32.785
-18.145
-1.8475
-10.634
25.88
17.581
50.031
-24.031
-87.634
-47.997
-8.2994
-4.7043
-4.4869
62.993
29.881
62.771
31.445
-8.8745
