-46.886
-35.496
-37.121
-5.7793
34.808
-0.77206
-6.3893
55.987
24.098
17.992
5.196
-19.983
24.642
78.782
6.3407
42.068
10.779
-17.764
-51.666
17.116
-34.273
29.103
12.493
-23.597
2.8982
28.637
62.679
43.445
-20.929
19.605
-15.541
-39.732
-43.651
-33.049
-37.434
-28.165
-26.385
-8.2383
-3.1918
17.421
3.1147
41.311
30.643
-13.036
-41.337
1.1673
NaN
NaN
NaN
NaN
NaN
20.604
26.576
61.296
2.4758
0.60861
3.1532
-6.5547
8.4406
-1.5129
24.558
33.507
16.47
6.8751
94.642
29.102
15.75
10.08
-1.463
-25.479
-33.256
-21.882
-62.644
-53.936
-54.234
32.328
3.6404
-30.072
-18.174
56.561
31.952
-31.487
13.655
-17.943
-23.487
-6.7087
28.673
-10.992
14.133
2.0888
-20.982
16.554
10.471
-3.674
-27.965
-6.9784
10.318
-19.024
-9.8803
-15.418
-53.061
-23.075
56.207
32.395
75.692
67.582
35.4
-2.9759
-7.0504
-14.93
62.248
10.504
3.1941
-2.4022
19.927
-30.548
-19.401
-32.549
-63.164
-43.362
-48.624
-17.237
47.813
-10.503
-12.117
-19.104
-6.3525
-27.343
26.082
17.309
9.9837
-27.395
-61.479
7.4815
-11.018
5.3122
29.814
46.568
39.654
23.187
13.047
NaN
NaN
NaN
NaN
22.711
39.576
46.111
23.428
39.07
-2.9712
-87.365
-39.591
-46.867
-36.149
-118.72
-22.467
15.155
-1.4109
1.914
55.863
38.72
2.658
10.584
-12.481
13.898
-8.24
-47.881
-25.835
25.819
13.144
-14.941
-22.286
3.0093
1.6767
4.1757
-18.898
-10.638
-15.844
-4.4891
8.9273
35.934
43.969
29.448
62.966
20.87
-12.582
17.631
21.434
-0.51287
10.148
19.867
-17.551
-4.2852
19.665
26.348
15.615
-7.0838
-26.826
-70.402
-75.467
-39.114
-39.473
-19.061
-22.866
-16.993
-54.873
-30.591
0.63806
2.0141
44.12
73.701
56.849
27.168
24.886
-19.24
-30.827
-13.661
-2.7886
-5.8762
-34.057
20.208
23.141
23.226
26.103
25.383
59.645
72.037
-8.0329
15.836
0.43889
-5.6036
16.153
-7.1908
4.8436
-55.646
-65.111
-42.458
-19.815
1.498
-3.6521
-12.218
-18.145
NaN
NaN
NaN
NaN
NaN
NaN
NaN
