15.175
6.8492
-18.822
-36.314
-7.9054
6.7765
-25.102
-44.243
-18.304
17.549
40.412
32.159
-12.287
-25.917
-18.165
5.3675
0.62683
22.721
24.102
8.8122
31.78
14.874
1.9622
-11.374
-17.659
-18.002
-4.28
11.315
16.425
-11.079
-14.316
-1.2499
2.3739
6.3908
-26.808
18.216
42.701
26.123
-7.9806
-17.778
-6.3548
4.6101
-11.393
-24.944
4.6438
12.192
-6.6789
-30.325
-17.615
-26.357
-15.52
-17.231
-1.9071
2.3586
20.879
18.802
16.862
21.38
19.209
7.6262
39.951
1.6434
15.072
4.6646
-19.318
4.0567
2.0312
-5.4273
-26.483
-23.451
-18.034
-7.1421
13.854
1.9061
1.9383
-16.436
9.5178
12.292
3.0319
-36.354
0.99372
-10.828
-10.516
-5.5839
-4.5071
15.936
18.222
-8.0126
13.571
40.275
6.1799
11.271
6.7135
18.743
19.097
15.744
0.26108
-16.399
-28.255
-19.511
-29.931
-27.824
-7.777
1.0442
-12.841
-14.581
-11.995
11.928
22.36
-2.3614
-8.0561
-3.1867
9.4918
12.47
25.945
29.799
23.38
-27.056
-10.338
-18.473
-18.683
-8.5511
11.579
38.479
16.828
32.951
18.269
-19.354
-17.611
-11.786
-28.971
-19.519
-3.8757
3.1932
-11.864
-9.6934
7.5197
-15.094
0.029323
16.275
3.9497
-11.14
37.22
NaN
NaN
NaN
NaN
12.882
-8.4223
-24.94
-22.429
-5.7915
-34.459
-28.399
-16.007
-29.956
-49.858
-3.9787
0.18242
-15.693
12.682
20.71
56.063
77.384
67.136
14.531
14.909
-3.9454
5.8086
12.916
-14.621
-21.846
-3.128
-9.6743
-11.067
-28.284
5.9696
18.3
7.2731
-45.557
-32.873
-23.127
-9.4501
-24.716
-0.78026
-15.09
26.213
27.591
17.534
9.2168
-16.796
-11.459
-28.245
-6.5145
0.62709
-9.7702
-14.902
11.287
19.714
28.174
28.848
14.834
25.401
11.839
23.548
-2.1488
4.9211
2.49
13.005
25.578
-7.8918
11.928
0.2887
-55.578
-36.51
-24.659
2.092
-14.034
-8.2903
3.9212
-7.4737
-17.108
12.673
1.2097
-4.2617
-5.557
-22.275
-56.936
-17.246
12.533
42.048
22.602
24.379
9.8341
-6.4866
5.5296
0.018239
15.071
23.056
9.7652
31.088
29.167
-3.5969
2.9354
-25.617
-19.945
-4.7107
-2.7231
-15.422
-34.007
16.572
52.316
-20.088
0.17742
-5.8961
