-24.764
32.19
16.065
23.426
20.864
44.205
73.692
60.962
26.665
44.74
26.001
24.081
3.6963
9.1528
-23.037
-1.9565
77.47
63.257
5.2192
38.176
-27.606
19.326
24.343
-59.047
-50.642
-2.3127
-27.881
-65.166
-20.803
16.701
-7.1208
-20.786
1.6032
-54.085
4.6191
-1.8761
-8.5377
-25.106
-35.954
15.048
-52.547
18.884
-25.109
-14.728
-51.074
-46.583
-36.082
-33.129
-13.776
14.664
40.97
53.509
43.812
47.399
56.891
48.308
-1.3957
18.437
57.478
7.7388
51.319
-10.029
22.43
50.492
-25.528
23.082
34.658
-18.141
21.86
-35.224
5.2284
18.841
-14.415
29.533
8.6582
-17.443
-19.257
-37.413
-71.088
-26.565
-34.349
-63.395
-46.857
-31.321
-19.588
-38.24
-40.912
-49.482
-24.347
-39.718
-39.272
-19.954
-2.8918
70.518
59.829
73.178
84.855
83.943
94.036
36.154
-9.1944
19.696
2.8998
-44.083
22.046
-11.206
21.867
-4.844
3.3299
6.339
3.1173
-3.7799
19.652
21.752
59.65
-6.874
-57.645
-50.932
-17.047
-18.471
-65.454
NaN
NaN
NaN
NaN
NaN
-25.039
-43.99
-25.658
-39.924
-3.7111
20.266
35.554
-18.517
-10.538
-2.5687
33.198
29.041
41.245
25.206
32.772
26.793
-5.369
25.571
9.8502
-20.955
19.851
0.29483
-15.7
45.888
11.982
-1.78
27.639
-1.8026
9.7973
NaN
NaN
NaN
NaN
NaN
NaN
NaN
NaN
-22.338
-25.182
-27.548
-1.5892
1.7001
-27.225
-22.962
-19.701
9.8259
-13.512
21.733
81.675
64.086
30.353
63.833
59.643
29.908
-0.35064
13.055
-8.7577
-9.7946
20.068
25.474
-10.478
5.8095
-12.378
-51.537
-24.986
-26.973
11.562
2.9629
20.222
-24.693
-64.402
21.636
-72.859
-4.7199
-60.273
-40.244
16.373
-2.4636
-36.769
-16.734
-6.2498
50.558
-27.887
15.879
-46.106
-45.268
12.355
3.5513
35.688
64.973
34.89
57.527
85.177
10.105
56.66
41.677
32.123
20.943
29.211
39.996
40.938
-11.087
6.2405
29.658
-33.258
-39.819
-57.384
-51.183
-33.049
-28.421
14.363
-24.56
-84.314
-86.621
-41.859
4.543
-28.301
-47.29
-34.913
-42.294
-9.141
12.003
-23.786
16.497
