-28.708
-9.4383
-21.652
9.1517
26.209
14.551
-12.699
-4.1592
2.3544
36.005
14.997
28.637
-5.2712
9.4496
9.1873
-15.151
24.151
28.633
-9.2474
1.3022
-0.48984
0.82495
-30.337
-56.26
-17.23
0.93655
-5.4697
7.5687
28.771
-1.9251
-16.799
14.709
1.0224
12.56
9.2606
-10.625
-37.619
12.457
-4.3608
-19.08
-12.535
32.38
-5.7178
21.101
4.5885
-1.7602
-24.55
6.0115
-27.069
19.255
19.397
-2.2656
-32.702
-20.222
8.0186
24.627
6.1383
1.5577
7.5243
21.818
23.037
41.334
15.351
-17.758
-0.46119
-6.6169
-17.122
-24.127
22.353
-5.1894
9.0377
-33.263
-19.943
8.3596
0.17496
-31.291
-25.175
32.944
NaN
NaN
NaN
NaN
NaN
NaN
NaN
NaN
NaN
-7.452
-20.88
-0.86255
-2.0652
40.806
20.656
-3.9087
28.931
-3.2964
-5.6642
-9.3124
8.0974
-40.66
-31.066
3.3674
-1.1943
8.0474
-18.057
11.714
-9.8403
6.3627
-0.37129
27.444
-11.281
-9.8744
-8.9114
-28.861
-13.679
16.023
48.778
32.617
3.1665
20.394
23.132
2.9995
20.801
-14.914
-4.6592
-27.62
-34.316
7.3869
-5.133
-1.0292
-22.55
-32.787
-12.087
-4.0802
-4.4259
-1.5666
4.1925
13.805
-6.0594
-20.019
-26.353
20.807
27.058
3.0589
14.118
22.676
9.9519
9.4084
-13.465
-26.374
16.852
11.049
-6.8347
18.967
46.256
3.3253
-3.8466
8.4106
-17.822
-13.351
24.81
-10.286
6.7804
8.6603
-16.661
0.69878
31.698
-27.433
-9.8229
-22.486
-23.601
-11.479
-21.859
-42.834
-16.17
-8.8742
-28.052
-5.7698
-8.2697
1.8323
27.463
38.684
60.057
6.8697
12.349
-1.2705
13.705
-27.307
1.2972
38.355
13.101
22.227
32.096
-6.4597
-5.7113
-5.7791
-25.841
22.41
-8.7622
0.51634
-20.264
-34.076
-31.753
-17.528
5.5394
1.2643
-4.0146
16.9
25.876
0.54857
-10.236
2.3337
12.247
20.899
-17.56
NaN
NaN
NaN
NaN
-3.3499
-39.636
-4.1611
6.659
-11.66
40.717
12.087
-5.7152
1.3779
0.076398
18.92
-1.1742
-1.5457
-1.0853
14.02
35.231
8.9604
-20.579
-5.3397
13.364
18.196
61.638
3.2939
-17.516
-21.181
-20.589
-41.309
7.0036
-30.803
14.698
20.771
NaN
NaN
NaN
NaN
NaN
NaN
NaN
NaN
NaN
NaN
NaN
NaN
