-3.6567
50.902
42.581
0.62788
-14.958
1.732
-1.4069
16.735
10.636
20.825
-4.2649
6.7401
10.115
18.921
9.7419
-31.543
-34.463
-14.065
-4.9021
-2.9577
2.3843
9.2092
6.3778
-1.6266
2.3655
-13.802
12.571
9.4435
0.66709
-1.5999
-9.5668
-15.738
-2.7352
-0.50558
-8.9882
-5.1685
-13.033
-4.0715
-0.7121
11.045
17.871
-7.0512
-6.1366
13.329
16.218
7.94
-17.675
-11.44
18.784
31.285
17.536
-5.5762
-23.786
-24.335
2.8909
10.314
11.854
13.987
-10.249
-17.667
-28.813
-22.113
-13.33
15.05
39.718
27.455
16.603
-10.607
-15.149
-24.54
9.5417
1.3942
-1.2951
2.5329
-17.542
6.3877
8.8907
4.9643
3.7639
2.3656
5.9615
9.7175
1.5184
-9.9672
-1.1216
-5.2655
-9.8244
-7.1785
-2.0539
10.97
5.0627
0.060881
-11.017
-20.167
-18.532
-19.542
-9.2917
-0.49004
4.2316
NaN
NaN
NaN
NaN
26.773
26.72
-6.0807
11.726
19.881
13.143
0.83036
7.5492
-22.424
-5.1054
-22.614
-32.606
-16.419
14.119
10.193
2.7773
-10.8
-3.9942
-8.4313
11.133
-4.4234
18.233
4.9896
-20.595
-5.026
-2.5834
4.2782
-11.039
-14.325
5.3986
-6.2339
18.336
-6.6272
1.4319
4.6681
-13.272
-6.5088
-10.348
-14.769
18.329
22.226
30.143
-1.1966
43.7
21.524
37.84
5.7062
-18.821
-27.866
-21.235
-15.807
-32.56
-25.418
-28.531
-15.942
13.907
17.406
0.7016
6.9755
8.3267
0.55673
24.204
15.259
8.7447
8.0194
-3.4802
-0.53256
-24.407
-9.9401
-0.73724
3.674
-3.1557
6.8062
16.142
-9.3624
-11.9
-2.8197
5.9644
-1.5693
-2.5397
6.8374
-13.289
-29.158
-27.268
0.16442
16.134
28.89
34.276
29.342
22.031
2.6578
-4.4714
-24.407
-27.662
-47.945
-17.139
5.2496
6.9825
7.7789
6.351
-8.7044
0.40818
9.7096
17.834
42.645
37.768
47.556
21.856
-4.1845
-31.616
-50.589
-28.643
-28.664
-21.125
-15.872
-22.92
-5.4203
1.1446
5.2867
14.696
-4.9261
5.4743
6.2698
NaN
NaN
NaN
NaN
23.241
30.58
3.7543
-14.611
-45.217
-25.691
-17.228
-1.5365
18.865
2.3844
18.115
9.4909
15.986
8.7028
0.41065
16.448
19.87
29.138
-1.0888
-36.188
-12.134
-16.564
10.502
26.136
6.478
-11.966
-34.437
-7.1148
-8.8544
-4.0724
-27.015
-7.4202
-1.3721
-15.504
-7.8841
4.9357
-0.95
-11.098
-14.501
