-12.138
5.1565
25.119
5.1367
-2.2649
5.346
-38.474
-22.311
-23.74
-3.6081
7.4176
-1.9387
-14.824
-14.148
-8.2997
-26.728
-29.375
-20.22
-20.044
-10.646
-1.8557
7.1925
5.9664
0.66515
-9.7618
0.23652
3.2565
-3.7056
22.59
31.162
38.146
0.43679
8.9945
11.215
27.446
19.82
15.18
20.976
17.525
18.654
11.696
5.6234
0.23648
-16.746
-8.6534
5.7879
4.0607
-9.3462
-28.757
-16.579
-9.9517
-15.261
-34.429
-30.842
-32.361
-28.391
-19.808
-10.878
-20.719
-13.769
6.6311
13.061
26.109
31.851
28.196
6.2932
6.0113
14.733
5.8022
3.1646
2.1404
1.5686
-1.0183
9.5345
-10.518
-10.447
14.826
14.151
8.5573
2.9533
4.9561
3.1987
7.277
12.597
6.8631
14.81
-1.8374
-5.185
22.821
0.95124
0.17434
-0.28181
-7.7779
-44.985
-37.503
-31.399
-9.0293
-1.2191
4.7519
-18.966
-3.1342
13.083
34.874
26.083
-5.8932
-27.82
-16.581
-9.6502
-13.542
-8.049
16.779
23.847
3.9099
-8.0046
-3.2815
5.9083
-7.5022
-12.268
-6.4492
-0.95062
11.369
24.777
11.969
-14.323
-6.9894
10.594
13.313
13.387
20.283
25.26
36.661
35.454
3.2786
-6.6589
-12.923
1.7877
2.8396
-10.154
-38.716
-51.004
-23.74
-9.922
0.066486
5.8972
5.9111
-10.228
-23.186
-17.205
-1.1095
-10.285
-6.9937
-10.672
4.8232
3.938
-2.7098
3.3067
3.9959
18.563
18.423
13.602
17.815
19.981
6.2542
1.0987
-0.74299
2.5517
-1.7283
-5.2521
-6.6947
-9.5751
-11.024
-9.7408
1.9244
-3.7451
12.037
17.71
25.914
25.054
18.519
1.8217
9.7345
6.6989
-22.228
-24.884
-31.817
-6.125
14.895
15.436
5.5542
9.252
-9.5255
-15.745
-35.805
-29.67
-9.3807
-16.973
-10.041
-11.002
-2.8555
9.1405
4.7788
-10.227
-2.4891
18.334
2.9699
-3.843
2.6122
8.5953
14.262
17.558
4.2862
0.036784
1.5171
12.259
5.193
17.522
22.346
16.524
12.673
11.778
-1.6
7.8883
-1.724
1.3372
-1.4767
-3.929
-7.2128
-8.285
-5.938
-1.5586
-16.244
-5.0107
-23.188
-16.92
-23.959
-5.9217
-10.65
-1.3315
-2.7147
-19.818
-6.2039
1.8551
11.317
8.5332
-9.5122
-16.061
6.3394
8.7373
7.8258
-0.20968
13.731
12.359
15.374
15.592
9.2355
3.0009
-3.3785
-1.8994
0.017476
-9.1089
-19.9
-4.8171
-2.5685
13.945
15.193
28.049
23.769
23.572
7.6218
