-19.459
44.28
72.485
61.082
12.29
7.4653
1.4376
-12.618
-4.979
9.1502
2.0549
-1.587
0.038639
-16.732
-23.581
-24.766
-48.367
-17.652
-7.7617
3.9446
9.1286
35.161
0.48744
-31.188
-21.801
2.6469
29.491
16.988
-15.209
-27.335
-4.8173
4.56
-0.43574
9.1687
16.946
20.87
2.9958
1.4814
0.5129
3.7065
-12.005
-25.697
-17.418
-13.639
3.0263
15.355
29.453
27.351
21.578
-5.4594
-2.8402
14.03
-3.4773
-2.5774
25.653
-2.2393
-14.15
-9.6413
19.242
29.903
20.46
8.4429
-8.5642
-13.863
2.55
8.8537
-15.384
-35.009
-21.769
-15.554
-33.906
-57.693
-36.803
-22.606
1.1427
-7.5498
-9.279
16.988
16.465
1.3935
-5.2875
14.928
25.491
35.294
41.054
25.089
-2.8692
0.047843
3.5802
10.84
-9.1201
11.914
13.42
10.645
1.7187
-4.9803
-6.4669
7.324
7.3512
9.8436
5.1058
5.6498
19.855
-10.574
-5.0643
-0.76226
2.7548
-24.822
-21.371
-42.439
-5.7967
17.326
29.051
8.411
-6.4145
-41.407
-35.26
-23.81
2.2016
-3.4273
-27.667
-30.608
-2.0847
-3.4079
-24.702
-29.86
-0.69801
19.795
36.336
37.211
42.305
42.638
18.13
21.1
-0.94051
2.7456
10.024
2.5602
11.371
1.2165
-7.3576
-3.9969
21.01
-2.5989
-5.4179
18.205
27.013
25.272
0.3005
2.4318
-24.024
-23.955
-14.469
-8.0076
3.1274
-40.082
-26.133
-13.214
-7.4069
-15.663
-43.466
-41.807
-42.41
-39.191
-14.056
3.3943
10.531
43.27
60.696
77.868
70.846
23.88
-42.138
-28.463
-23.536
-11.674
7.0522
7.2356
0.15846
6.5204
0.76856
3.5831
27.114
15.446
2.8434
-4.0951
9.6723
18.554
-3.2141
5.4116
5.2777
15.024
-1.6805
-16.271
-40.653
-16.762
7.2738
1.0093
9.2218
12.757
13.02
-18.382
-17.993
-21.317
-23.864
-23.036
-26.434
-10.598
-12.402
-24.291
26.926
49.705
33.035
7.4613
-24.468
-10.536
25.453
15.637
-20.192
-41.324
-33.907
-8.6922
6.9122
21.192
30.487
34.024
31.626
16.138
25.937
12.517
10.505
-8.217
-6.7961
8.0576
7.3407
2.6816
-34.121
-12.049
-12.777
-18.657
13.444
1.3477
-21.297
0.21567
-5.0625
-18.047
-31.075
-18.548
-22.826
-5.2108
3.3117
4.6258
18.724
25.586
29.352
43.995
28.773
16.791
-1.7603
-12.213
-21.026
-17.398
-33.782
-33.711
-5.2505
17.721
15.723
10.408
-1.3566
-2.1571
16.382
5.3479
-5.3312
-0.69037
-11.013
-7.2402
-6.6782
-3.1413
-1.6483
5.9587
-0.53126
-7.1092
-10.635
-7.2451
-0.19991
5.6292
-24.077
-26.042
