-16.459
21.456
-24.993
-1.2549
-1.4703
17.787
0.14633
-21.074
-35.702
-19.08
12.719
11.871
15.475
-4.6493
4.1384
-1.7365
11.829
10.182
1.311
-0.026141
2.7218
-0.22535
-15.098
-17.995
8.1536
2.475
-14.598
1.3766
6.1604
6.6434
-9.1494
-1.9163
11.031
19.983
17.136
1.0656
-0.16389
18.063
11.042
-15.729
-26.276
-9.3865
-13.148
8.1059
6.5982
1.5639
11.384
9.0205
-0.95597
0.66775
-1.0753
-3.9202
-14.732
-21.564
-22.589
-12.789
-9.3528
-3.8299
7.6647
15.773
10.581
-0.34372
0.24684
-7.8343
-3.0787
13.056
-1.2337
11.277
8.8163
14.995
11.881
19.697
-4.5215
-13.16
-9.6772
7.0475
5.7693
-0.12558
8.8996
12.159
7.8302
12.565
5.2943
-14.539
-2.6224
-7.8759
-24.958
-22.341
-21.851
-19.947
-17.506
-17.986
-1.2527
15.067
23.116
-0.11733
-10.434
2.8301
15.874
7.0392
6.1479
11.461
18.01
14.899
-1.8288
-5.3593
-0.83913
9.6045
10.191
-11.676
-18.266
-13.653
-13.526
-7.6426
4.5193
11.801
13.168
21.048
24.562
-0.82985
-18.209
-8.4057
6.0949
-1.9733
-13.468
-2.5012
6.5758
5.8549
-6.1562
-0.27134
-9.8675
-4.8584
-6.2745
-0.89487
-0.81235
4.5203
-7.4958
-9.317
-17.391
-28.351
-3.8452
11.921
16.66
20.924
14.314
5.1117
5.6433
9.9418
9.0715
-4.4186
-7.9555
-12.474
0.82675
-4.7526
-0.98548
0.40905
3.0179
10.444
7.6164
20.133
15.163
-5.3076
5.2416
-11.121
-0.97526
5.8918
-13.542
-17.308
-16.5
-23.18
-10.106
4.3504
3.6095
-0.21121
5.7143
5.2793
18.219
-0.65139
-4.6596
-11.175
-5.0398
10.738
13.316
6.7167
-2.5443
2.6197
-10.9
-10.158
-8.8295
-2.9383
-5.8223
-8.4503
8.4316
7.1674
6.3007
19.682
7.9922
0.082954
1.0981
8.7621
1.6353
1.436
4.1078
4.1658
-3.9242
-7.9713
-2.794
10.358
-4.8719
5.3225
5.4352
-21.339
-12.069
-4.7474
-25.322
3.5647
15.643
15.377
3.8663
-5.9495
-13.415
-20.136
-4.3511
3.1118
-12.825
-1.4903
0.45243
7.4908
2.1447
5.9583
13.685
13.857
16.453
18.215
-0.89211
-11.996
-5.7746
7.8421
5.96
5.693
-1.1155
1.29
-6.4305
-14.005
-13.159
-9.1942
-6.2984
-13.428
-3.2719
9.0718
7.059
12.789
10.762
15.433
6.2018
