-53.648
-13.714
-23.529
-60.827
-34.924
-35.197
-1.5557
-12.475
-13.842
15.926
28.195
12.393
19.299
10.354
5.9512
-16.369
-12.142
-10.665
-10.494
-10.971
16.085
29.937
41.869
41.073
46.043
50.375
16.885
-4.9078
-42.199
-35.03
-39.765
-17.195
-45.287
-31.341
-28.136
-12.16
1.7703
-1.7158
-0.98251
-7.2625
7.2995
9.4129
17.124
7.0861
18.709
-15.26
7.1916
18.074
5.9466
2.6117
0.52911
-7.8266
11.366
-1.7189
17.78
19.262
28.849
13.824
24.522
28.191
10.77
-2.5314
1.8221
-10.477
-15.783
-19.589
-9.2853
-10.536
-33.763
-37.562
-17.825
-7.4895
-25.797
-41.939
-27.971
-17.568
9.3077
-3.3211
6.6052
11.052
18.527
25.479
19.189
12.631
6.8968
9.5873
6.6162
10.794
1.8346
0.60624
3.0502
12.355
-6.3648
32.095
26.968
25.455
43.995
39.349
7.4879
-9.3064
0.45225
-21.474
-32.566
-54.258
-45.782
4.7249
0.024098
-19.52
-20.118
-21.205
-19.832
-46.794
-32.292
2.5695
29.601
31.568
31.868
11.915
16.662
-3.9254
-10.87
0.55254
-17.96
-10.488
18.782
8.5309
8.2369
1.0348
-3.6541
-5.4473
1.4342
3.4064
17.967
20.431
28.909
4.9118
12.966
11.066
25.102
11.286
-2.7501
-14.478
2.4621
-1.5999
-3.7895
3.0668
-12.602
-26.207
-25.046
-36.69
-23.645
13.977
19.209
11.313
-40.936
-17.783
-13.173
-30.437
-15.443
4.0315
4.6375
-0.87803
16.154
3.2268
15.335
12.325
12.085
15.831
16.905
24.628
4.6808
18.037
35.123
2.7581
11.686
-12.9
-13.674
13.178
-2.6361
1.4546
-21.783
-23.86
-22.866
9.5853
-29.077
-28.681
-31.641
-5.008
12.424
18.64
29.931
34.679
21.198
31.795
-4.2449
-8.6966
8.4196
12.81
-14.41
-53.43
-30.107
5.371
4.0189
-10.87
0.83379
4.6409
8.8089
-14.037
-3.017
-13.311
-13.793
-19.694
4.3491
-8.6478
7.7715
0.85382
9.4206
25.722
17.041
9.1874
5.0368
38.708
12.131
-18.248
19.256
1.7793
-9.9067
-9.3088
-3.6877
9.4775
12.99
1.2303
-13.079
9.0022
8.6339
0.83189
24.832
0.043706
-34.224
-22.305
-4.7966
-9.6549
5.4572
-21.986
-36.48
-29.609
-10.764
-9.0775
2.0377
-10.776
1.4621
1.2934
-10.751
21.652
19.56
16.759
17.612
8.6327
35.158
6.0141
11.27
6.0045
12.44
21.903
16.633
8.3604
30.804
22.121
1.7898
