-25.528
-2.9567
15.454
-10.517
-1.4248
-4.2006
-40.29
-24.492
-18.049
-1.9965
1.3798
-1.4263
-6.242
-5.4955
-0.95316
-20.892
-24.325
-23.425
-21.189
-18.618
-6.3895
0.89984
4.808
7.2465
-3.4203
8.7528
6.6754
-1.7002
14.475
26.019
34.343
16.601
10.647
3.7124
6.8146
9.3783
5.1981
8.8336
12.842
15.509
6.0554
10.451
10.077
-8.3837
-0.31549
-3.8581
-3.2286
6.8121
-10.466
-14.993
-9.4747
-12.106
-22.117
-18.017
-18.995
-22.3
-22.202
-9.539
-15.194
-10.647
-2.3401
-0.52666
9.1526
23.129
21.801
4.5137
4.7467
13.641
-0.89265
-9.1561
-6.0683
-3.4157
3.6467
20.246
4.434
-6.0403
14.611
10.209
7.6048
2.2142
7.0537
3.3703
9.6927
9.3552
2.3806
1.4869
-9.7595
-2.6906
16.715
4.9142
8.4893
7.6419
0.15588
-32.215
-36.947
-27.027
-5.5975
5.0155
-4.6458
-10.85
2.5105
11.746
32.119
17.376
0.21687
-17.495
-11.063
-14.795
-15.817
-9.9317
7.2595
8.1518
-3.2723
-7.6906
4.7848
7.8332
-3.7772
-12.717
-10.016
-9.107
-0.76428
15.084
8.0092
-15.083
-1.7937
11.275
16.353
13.136
17.026
22.024
29.606
29.588
13.752
-2.7043
-0.80259
4.2005
16.48
3.0418
-21.975
-40.091
-24.531
-12.157
-2.905
3.8656
-5.0576
-18.545
-22.455
-10.9
5.8259
-8.522
-16.156
-19.06
4.2075
1.4927
-3.9228
0.16345
1.588
9.4265
15.334
8.9223
9.0244
13.717
11.702
3.1275
4.8494
-0.77085
2.3988
-2.0647
-3.8839
-0.30159
-3.966
-8.7632
5.7179
0.79553
8.7768
11.76
15.41
18.083
2.2424
-7.3318
12.4
3.7216
-10.644
-9.9329
-24.703
6.5117
6.5981
10.223
9.9902
11.956
1.4011
-11.947
-27.508
-20.718
-10.946
-10.156
-9.3873
-15.242
-10.708
10.61
2.823
-10.74
-6.1168
9.0793
-2.7365
-14.19
-8.4848
3.518
9.519
9.7919
3.2909
2.5421
6.1808
4.2176
8.0342
9.7411
19.471
21.045
9.3535
14.373
1.494
17.424
8.4098
3.6316
8.1916
-3.9618
-2.1322
-1.6904
0.41923
-2.0854
-11.054
-4.5395
-22.982
-13.036
-14.342
-4.3438
-3.5623
1.4056
-3.6708
-20.128
-18.322
-9.5893
5.177
3.935
-9.0416
-18.266
-9.084
-2.2833
3.3954
-9.4404
4.4562
9.8817
2.8599
14.946
13.625
8.4745
6.1962
2.8766
5.2537
3.6984
-3.78
0.84237
4.3656
14.041
18.942
24.886
32.112
28.802
19.874
