NaN
NaN
NaN
NaN
NaN
-71.297
-7.5923
118.16
45.714
5.9261
-13.722
-12.25
-27.776
22.946
51.779
25.231
31.281
39.097
62.318
40.75
-5.1221
8.9202
36.948
70.588
17.507
-64.296
-139.78
-91.716
-60.82
-76.158
-54.754
32.632
53.002
51.281
42.329
18.673
9.7145
0.25771
-37.914
-117.34
-84.879
24.566
70.591
72.597
3.4084
18.263
-53.057
-43.198
66.663
-15.275
NaN
NaN
NaN
NaN
NaN
NaN
-47.36
-57.98
31.148
58.77
61.335
-14.367
-0.58357
-78.989
-53.899
-50.537
NaN
NaN
NaN
NaN
47.255
-26.312
-105.41
-90.232
-24.244
-12.337
11.492
-7.416
-8.5352
31.705
NaN
NaN
NaN
NaN
NaN
55.397
44.874
2.688
34.873
44.531
73.428
47.476
0.65096
-84.109
-91.51
-22.434
-58.954
-13.444
64.518
108.41
-23.147
-35.602
23.396
-32.828
-62.37
-10.43
45.151
-42.608
-40.206
27.378
11.263
50.753
-48.903
-1.165
-2.171
-10.248
58.135
100.1
-42.82
-3.674
47.757
-13.622
-1.9129
-20.635
22.258
20.29
67.969
76.059
NaN
NaN
NaN
NaN
NaN
NaN
NaN
-45.842
-5.9919
-9.9444
-11.445
33.913
-4.8218
-46.228
-63.948
10.474
12.762
73.912
103.86
69.179
78.723
44.358
-37.845
-52.486
-16.217
-17.691
15.648
-9.2442
5.555
15.93
44.142
6.682
16.393
-57.912
-76.111
-16.448
72.87
2.2181
-18.306
-39.268
-24.212
80.447
11.691
-43.021
-8.2915
5.2252
16.374
-18.077
42.756
-88.698
-153.59
-95.646
29.848
3.7716
35.004
23.534
40.77
38.718
12.252
88.723
73.191
29.464
-83.168
-58.301
-32.85
23.249
42.181
11.878
18.119
87.743
76.444
5.0472
13.082
-22.87
8.837
-33.859
-45.621
-32.479
30.913
11.525
42.044
-43.382
-77.899
-117.3
-109.87
-90.162
-26.963
33.199
101.95
60.524
NaN
NaN
NaN
NaN
NaN
NaN
29.551
-31.645
25.097
-50.107
-29.308
57.492
70.461
85.988
3.368
-56.306
55.372
-0.43387
-88.403
-84.643
-68.574
15.753
16.084
-24.995
54.914
43.196
60.69
46.376
-3.5717
19.424
1.8826
-21.165
0.47262
9.2133
10.176
-1.2895
-68.13
-17.809
-1.0155
59.711
66.645
-50.001
-158.89
-185.92
-9.5453
33.405
14.626
1.8198
-14.301
40.257
54.64
83.313
-26.889
NaN
NaN
NaN
NaN
NaN
15.825
-69.101
-71.729
-47.712
-76.504
-93.104
32.431
58.436
67.437
52.606
37.224
-60.078
-66.912
24.624
11.553
43.521
25.562
17.972
33.592
9.3377
-9.869
20.049
-35.525
-55.819
-13.457
9.1653
-1.0523
-17.744
-38.571
-83.888
-97.029
