-74.958
86.836
37.593
3.7358
-49.454
35.357
-11.327
-107.41
-119.81
NaN
NaN
NaN
NaN
NaN
24.922
-93.268
-23.552
-128.79
-42.746
50.644
39.762
-34.743
25.069
118.3
20.052
11.317
101.66
55.116
91.487
40.759
-57.474
49.481
56.835
62.978
26.381
-26.528
-40.738
-2.5025
-44.676
-62.014
-16.327
-50.884
55.58
-7.3566
32.12
19.014
-103.36
15.323
48.65
-66.207
-109.89
-70.272
-68.309
2.1564
-67.515
-19.221
-81.891
-80.95
113.71
NaN
NaN
NaN
NaN
90.668
141.2
59.378
99.616
-68.852
-70.852
38.149
-24.287
-153.86
-53.208
-14.488
-92.334
-81.355
10.957
-36.815
-10.479
83.118
6.4442
44.236
78.539
11.148
-34.372
76.186
-33.638
-53.215
5.6098
-35.08
17.269
80.505
-34.465
71.566
113.99
-49.185
-20.507
NaN
NaN
NaN
NaN
NaN
-46.604
-17.852
-6.3689
-16.005
22.42
21.261
69.808
-13.138
10.306
-30.285
-7.5133
-60.422
-80.02
-21.512
31.409
98.374
145.5
48.17
-63.792
19.195
-66.105
-19.484
76.963
103.06
-69.434
-118.68
-121.56
18.773
47.156
15.408
37.599
35.224
61.916
28.797
-88.34
5.7379
1.0861
72.068
-10.685
-0.38985
-22.027
-46.222
-1.3516
-102.27
-16.539
-57.793
35.344
6.8512
-3.3612
-8.0118
22.902
100.64
82.481
-22.508
61.975
68.244
-85.873
-63.58
-21.215
6.4649
-10.193
42.809
NaN
NaN
NaN
NaN
NaN
-103.21
-74.082
-46.291
78.991
27.289
16.567
29.964
55.494
66.128
-55.121
77.924
-9.9031
-38.7
-67.273
-33.959
-75.962
-27.233
65.416
186.09
137.63
-123.25
-91.129
-76.606
45.339
-63.823
-40.253
21.463
27.425
75.144
128.38
-5.821
-28.429
126.34
-52.048
-1.6787
-73.988
7.234
-111.6
-76.957
-84.922
-40.211
-55.423
108.29
39.944
-23.157
32.472
57.406
38.001
-20.727
18.774
-37.174
-60.576
95.46
85.706
35.167
29.65
20.954
64.595
-10.421
-107.71
-67.439
NaN
NaN
NaN
NaN
NaN
NaN
4.8326
-63.616
-22.791
-22.788
-66.614
-7.8076
41.291
55.141
-15.262
35.81
94.697
91.027
8.5036
25.687
-28.638
58.088
-17.185
-25.064
-39.365
-42.745
-59.137
-49.411
35.55
-17.029
-49.804
-4.3407
53.169
103.85
36.482
40.392
8.6592
-95.863
-58.473
15.863
-63.833
-28.927
-24.562
28.318
5.9148
21.325
-3.6716
18.635
-47.642
7.2514
4.0244
-20.664
-93.668
-75.245
-42.455
18.765
3.2906
81.315
38.831
119.98
24.814
74.199
-70.348
157.03
173.59
82.736
98.76
NaN
NaN
NaN
NaN
NaN
NaN
-34.283
-58.047
28.658
-27.03
-73.694
-159.46
-135.6
-113.18
15.772
-27.218
32.01
91.817
145.55
68.236
42.563
-53.364
-38.823
18.664
15.02
19.263
-50.648
-61.458
-5.9725
88.058
79.951
-10.195
-7.8547
86.163
-31.604
58.157
1.6256
108.34
87.927
-22.894
6.0817
2.7431
-74.891
-1.6165
-41.485
