-112.06
-48.519
-77.442
-3.5016
9.3361
57.428
15.415
93.028
52.601
-18.423
67.029
90.62
52.967
82.047
55.851
48.174
-11.414
21.471
33.003
88.784
-0.89442
-19.075
-31.209
-35.865
-134.45
-45.954
-164.56
-36.241
-79.817
-3.5016
-29.485
-25.009
28.601
26.598
45.1
0.20425
-9.1881
-68.277
NaN
NaN
NaN
NaN
-71.345
-20.818
3.015
-19.122
-20.13
62.14
19.801
108.3
139.77
82.825
62.767
25.047
30.605
-39.283
-19.264
-34.143
NaN
NaN
NaN
NaN
-65.023
-58.627
-15.316
27.155
-29.661
-95.659
-111.34
-2.7689
-82.759
-22.684
14.305
81.096
28.048
-24.955
81.55
8.1667
-24.092
45.297
2.0879
52.108
56.256
99.254
-39.598
-93.523
-2.8945
-13.626
23.793
-80.096
-61.072
-16.456
26.956
-66.142
-26.355
49.027
-7.2415
74.531
31.618
1.1016
NaN
NaN
NaN
NaN
NaN
-87.946
-93.011
-52.884
-123.98
-28.018
67.191
61.048
112.19
43.029
143.68
105.58
119.96
50.01
-39.112
-118.5
-89.988
-69.294
15.879
-121.38
-67.212
-22.904
43.87
11.243
-51.831
11.795
26.109
11.258
-28.067
-63.389
-18.404
17.517
18.525
7.675
49.089
5.1251
10.053
-13.094
-30.619
-7.9134
-31.768
15.797
15.992
6.1423
-16.291
33.96
-16.42
21.494
3.3198
48.02
75.456
104.22
68.78
4.5314
-27.299
NaN
NaN
NaN
NaN
-82.578
-89.066
8.9913
-26.556
0.46849
9.9427
-32.19
28.861
52.091
14.442
-35.357
33.515
-7.5303
6.1634
-17.58
22.065
-128.66
-62.43
-106.88
-11.134
-35.938
83.181
91.343
113.59
27.551
23.354
-7.7415
-46.676
NaN
NaN
NaN
NaN
NaN
NaN
-8.9705
10.188
8.7896
20.743
-21.565
-25.373
25.266
53.555
46.677
33.351
5.0311
33.306
87.409
75.886
47.651
20.783
9.9421
15.878
-41.476
-82.1
-116.29
-144.95
-80.214
-61.973
-50.889
-6.7551
-46.645
25.745
-59.637
-39.761
-3.7822
73.784
145.39
94.547
31.522
65.261
-3.8681
-58.375
-36.758
2.7953
-1.5887
26.157
5.6608
25.523
51.754
-30.555
-31.71
-69.482
-52.818
-48.057
107.23
-36.585
-40.222
59.756
64.556
42.976
27.798
86.322
73.034
-35.312
-75.512
-19.738
-17.189
-15.577
54.86
13.687
33.321
-0.55247
1.177
26.852
17.021
-43.252
-9.335
-86.981
-121.38
-153.96
NaN
NaN
NaN
NaN
NaN
NaN
-5.5052
30.425
77.581
41.587
1.3338
57.038
6.6642
-3.419
47.527
-0.59961
52.93
106.42
59.489
-26.814
-32.677
30.082
-34.25
-46.366
12.838
-36.351
-27.098
66.044
55.607
73.223
NaN
NaN
NaN
NaN
NaN
-63.177
18.671
12.967
99.656
-7.1559
-30.959
-131.84
-58.849
-53.069
-50.512
-74.174
69.957
46.096
42.388
7.9249
-2.7879
15.965
