NaN
NaN
NaN
NaN
NaN
-39.966
-90.623
-48.956
-66.785
-97.347
-5.5142
55.928
52.176
52.602
68.174
50.029
147.48
80.112
46.267
-83.764
-87.379
-67.272
-96.865
-54.626
2.7256
21.705
8.3197
61.297
0.43959
66.803
-9.3571
59.958
-17.895
19.522
78.3
9.0691
-0.26967
-15.773
27.457
-80.93
-0.86687
-22.505
4.8799
11.878
-78.799
-64.993
-101.35
29.316
-1.1752
-20.804
NaN
NaN
NaN
NaN
NaN
NaN
50.359
59.886
55.075
50.404
24.501
-14.867
-6.9822
-12.396
-92.208
9.123
NaN
NaN
NaN
NaN
16.16
47.148
-71.17
-17.317
117.03
23.928
15.111
-15.622
-31.703
-56.027
NaN
NaN
NaN
NaN
NaN
32.175
-47.096
-0.093482
-13.929
20.255
68.979
-8.6881
12.131
2.2377
-45.442
-57.212
-40.558
-4.8351
40.63
147.51
26.467
-28.509
-116.8
11.668
55.1
71.726
6.124
-32.619
-63.59
56.333
66.037
-49.261
-5.6593
75.606
79.018
-12.631
-46.501
-7.4945
45.393
-35.595
-114.76
-16.285
-54.751
-71.987
-0.53673
-10.403
-53.185
-14.039
NaN
NaN
NaN
NaN
NaN
NaN
NaN
-15.38
6.9503
2.1722
48.852
96.919
-2.2949
6.9493
-11.663
25.245
18.321
-3.2215
-14.993
-52.354
-19.037
-9.3145
-94.085
-25.885
-3.3537
42.305
-0.53122
-25.023
-35.638
-35.638
38.488
67.386
70.313
43.176
-15.938
-9.2134
56.131
21.572
-31.122
-11.271
-50.407
-68.85
-19.488
7.6533
-25.143
3.0808
39.885
-5.9443
-32.063
-40.796
-5.8564
-1.8718
31.594
23.908
45.91
-48.347
11.921
8.9953
6.6083
-56.775
-24.853
96.042
97.781
46.213
-18.319
3.2342
24.136
28.143
-10.743
14.998
22.879
-12.172
-78.927
-123.73
-51.905
-59.806
4.1607
-13.045
74.426
27.657
25.055
-22.152
-13.555
34.09
-1.1131
-90.836
-48.449
-6.43
59.07
30.345
NaN
NaN
NaN
NaN
NaN
NaN
-24.88
-31.582
1.4564
-35.772
-2.6006
38.17
32.953
51.474
36.737
-48.427
21.538
-16.573
-90.861
-80.303
-104.75
16.258
82.172
41.567
-9.3929
-56.59
-56.181
20.519
-3.8564
50.065
23.363
-11.936
-52.588
-22.849
2.8692
-17.622
-70.525
72.009
13.835
11.937
37.93
15.692
9.5265
-15.193
28.887
38.813
91.395
52.087
-22.278
-38.035
32.359
23.538
78.335
NaN
NaN
NaN
NaN
NaN
-21.714
-60.914
-26.939
-57.732
38.706
36.122
59.685
-49.871
-55.33
-110.89
11.371
74.103
16.188
3.2214
39.467
33.417
63.204
18.156
30.666
4.2422
-77.475
-22.138
98.428
-9.1143
43.407
29.7
45.865
73.337
-6.7749
10.96
-49.256
