-129.02
-0.19124
-24.539
-39.495
-39.443
103.27
47.52
-61.431
-95.095
NaN
NaN
NaN
NaN
NaN
37.636
-16.355
37.029
13.263
109.45
-10.077
-47.117
-62.129
68.408
86.947
100.98
66.305
80.726
30.355
-71.131
-8.6909
-33.239
48.124
-27.389
-15.887
-41.566
-2.2092
-40.635
-29.284
10.345
-90.088
-78.687
14.964
-7.0539
-65.971
55.315
18.034
-33.308
39.579
44.501
-64.973
-5.3933
122.59
56.874
26.426
-20.769
113.37
17.937
17.25
-63.754
NaN
NaN
NaN
NaN
-14.267
-30.916
-72.955
81.654
-45.676
66.311
71.763
110.02
56.077
98.915
37.78
9.5252
1.8152
89.747
109.23
6.2961
-26.092
-19.296
-14.148
-53.088
-94.838
-96.598
-65.159
-18.643
11.359
-9.253
-20.373
12.597
23.196
-41.932
29.499
84.085
61.294
2.8459
NaN
NaN
NaN
NaN
NaN
-26.527
-132.82
11.992
17.394
-62.817
-7.3526
-2.474
18.768
67.144
74.605
51.424
64.67
60.032
33.711
-105.49
-28.908
-27.69
-108.31
-80.688
-26.258
4.203
59.643
49.086
64.414
25.963
59.043
-5.0655
35.985
4.5332
33.85
32.116
45.845
-27.793
11.843
-104.01
-80.596
-80.935
-9.6376
10.811
-31.619
-35.238
-3.9479
56.314
17.891
86.128
35.322
6.6238
-28.066
47.74
-14.046
-33.092
15.943
-61.721
-67.295
20.873
10.105
9.6855
23.879
-34.34
-58.25
-7.8107
-49.375
NaN
NaN
NaN
NaN
NaN
-46.261
63.507
72.337
112.73
19.966
-38.404
11.877
-35.088
13.868
-36.321
51.944
69.063
49.784
10.922
-4.095
43.042
-12.719
-94.894
-138
-12.258
-2.4943
55.746
36.481
36.974
-23.971
31.294
15.047
-52.017
-66.786
-160.27
-81.962
28.723
62.138
-2.2978
31.915
-10.719
-65.312
-15.416
51.481
45.149
31.959
-32.087
52.378
4.2557
63.523
27.677
24.719
-26.364
28.07
16.963
0.88471
-58.531
2.5913
-29.949
-21.294
-8.0964
-21.048
61.08
53.348
-8.7596
28.014
NaN
NaN
NaN
NaN
NaN
NaN
-3.778
-82.571
36.574
-46.104
-17.596
-18.278
-73.359
-21.305
32.34
104.62
111.11
-44.545
-49.132
-63.956
-91.672
-22.61
0.1757
21.709
64.45
10.663
52.032
0.40374
-31.333
-28.502
13.389
-6.6051
-27.648
-67.635
-1.6061
28.67
46.296
42.364
13.946
-7.9571
9.5344
22.489
39.504
-3.1192
-24.522
24.859
-6.7381
-2.6808
-48.777
12.56
67.998
2.76
-8.5983
34.772
60.014
48.863
18.625
-32.462
-18.432
41.805
10.498
-54.73
-21.06
-115.38
-79.637
-59.346
-87.059
NaN
NaN
NaN
NaN
NaN
NaN
-76.271
44.565
35.296
109.4
96.715
54.623
108.82
26.529
38.595
60.563
-8.5741
-24.604
-23.637
-62.837
18.533
33.16
52.078
28.865
31.489
-16.684
-25.908
-28.196
-61.139
-0.96215
-4.9049
19.998
-21.248
-33.165
-55.938
-39.112
-7.2069
40.546
71.863
36.431
15.345
-67.027
94.862
40.473
22.944
