-36.451
-2.8351
34.478
59.521
31.722
29.583
4.0812
-11.838
-46.942
-74.04
-12.46
-28.573
-4.6613
-7.9578
-22.058
-2.8444
57.093
-6.2528
-22.614
-29.538
-27.015
-28.913
-10.524
-4.8702
50.718
32.404
-11.473
-2.8095
24.842
0.040297
-15.867
-25.015
-13.937
4.5459
-19.509
12.122
29.757
9.1002
14.473
28.59
13.218
24.639
2.9903
-30.03
-21.919
-1.6412
0.80996
21.445
46.14
16.599
6.1864
-12.96
0.65242
-1.3974
29.033
-53.432
-21.246
14.631
-13.402
8.1731
16.212
6.8829
-3.5663
-11.459
-12.208
3.0338
10.487
-10.804
-13.735
-5.8074
-20.257
12.895
-32.144
-18.54
-28.52
-30.264
-28.029
-1.119
4.4231
-6.2737
-3.7514
1.8087
6.6947
26.093
6.9505
18.882
35.152
3.3909
-32.744
31.843
69.137
36.933
6.9855
-15.699
-0.64155
-15.341
33.84
8.1195
-18.702
64.269
65.33
8.5011
-20.632
-50.368
-14.575
10.649
-4.4451
-17.236
-28.296
4.4619
-28.222
-70.598
-45.841
-54.534
7.5911
6.9022
18.799
-4.7237
-27.155
-15.507
21.236
-24.865
-46.841
6.286
71.123
29.645
-9.2568
21.809
15.504
22.963
-23.896
13.979
42.029
-4.2525
-4.7278
17.338
48.688
19.178
18.349
24.236
-16.277
-23.716
-32.165
-19.082
24.107
29.459
14.315
26.037
-39.434
NaN
NaN
NaN
NaN
-36.452
-0.86698
4.6364
-23.072
-4.3376
-8.678
-18.725
5.2705
-26.937
43.697
-24.383
26.972
-9.5531
-35.19
-3.8585
29.033
58.607
67.111
24.819
17.827
33.729
-1.5401
13.056
-49.795
-39.295
-28.669
-34.994
-26.594
-15.637
-3.176
25.473
10.612
24.702
-11.957
-23.993
4.679
-36.266
-1.0822
4.068
-26.717
20.712
89.779
15.341
41.643
-21.598
-34.524
-13.243
31.012
28.592
18.916
37.057
11.424
-34.586
-36.888
-17.684
-48.168
-14.448
-37.063
-31.922
9.7722
24.576
NaN
NaN
NaN
NaN
NaN
30.476
-21.004
-7.5785
-7.4144
-17.021
-28.078
-32.751
2.3132
-18.204
-44.527
-0.74106
-16.419
-36.699
-16.782
-1.7493
17.299
-1.3389
14.301
46.554
5.6329
3.1133
44.209
38.321
23.53
43.109
14.488
8.1536
-29.079
-25.505
