-162.84
58.842
86.762
2.8485
-28.572
11.072
-56.851
-83.398
-15.326
-68.773
12.119
-4.4239
-30.348
-40.307
-47.574
1.8298
5.5343
1.8924
-32.938
-24.918
-135.26
-90.036
89.044
174.08
140.68
181.12
153.99
74.577
-22.858
-104.29
-14.461
-28.792
-90.44
-32.061
-17.837
-5.1373
20.78
61.452
NaN
NaN
NaN
NaN
-82.029
-37.455
54.388
51.999
-6.5221
-24.405
-41.121
-19.067
-33.804
27.117
6.6094
33.386
11.201
24.365
15.492
-53.843
NaN
NaN
NaN
NaN
21.863
2.1818
-31.577
-111.2
-13.913
87.885
140.43
90.18
101.6
68.261
33.328
8.6518
-132.54
-108.75
41.574
43.21
16.825
81.887
-8.6876
-46.685
-46.869
12.528
-15.657
22.045
-17.026
-5.7582
8.6444
-44.685
-63.068
-0.4587
36.317
46.032
11.608
24.289
6.0353
20.934
55.568
-8.6585
NaN
NaN
NaN
NaN
NaN
30.31
-68.7
-16.309
-76.135
-36.894
-6.3092
-0.7114
-23.797
1.1245
100.85
124.85
71.791
77.867
69.959
-19.321
-35.358
56.517
19.815
-63.685
34.508
21.187
-36.841
39.97
24.168
-8.7631
-20.82
49.302
73.91
-38.276
-110.68
-115.29
-4.1292
-44.711
-57.944
-65.982
-74.981
-9.5406
-11.74
30.376
22.351
22.095
-30.44
37.163
37.551
68.606
-23.243
31.543
31.434
18.266
37.729
11.061
-19.315
-107.8
-31.252
NaN
NaN
NaN
NaN
-37.732
-44.301
38.974
33.566
-5.6384
-89.967
36.701
-43.63
-102.82
-24.374
40.357
38.414
-127.84
-128.71
-55.122
-12.157
57.192
148.27
153.48
205.71
76.707
-29.875
-123.4
-92.101
-36.571
-41.14
-3.0142
4.0132
NaN
NaN
NaN
NaN
NaN
NaN
7.1302
-47.277
-17.97
47.545
39.984
26.81
34.33
46.135
18.714
13.278
3.8918
-43.057
-47.259
-5.0915
-0.73889
9.3386
-107.03
-58.831
-9.2044
-5.1452
122.81
156.97
90.389
46.43
-59.797
-64.364
-44.389
0.39595
-43.571
-35.605
-49.874
-26.572
-42.265
-90.031
-89.189
113.26
167.67
189.23
98.677
-92.412
-43.674
-87.5
23.884
72.087
-23.37
-65.38
-10.229
12.193
-34.234
-41.111
-20.935
-85.95
-65.235
-42.293
7.8628
-2.5819
13.044
113.49
39.985
41.787
-8.3806
-3.0453
52.527
20.379
78.474
-7.7672
-55.148
-53.609
-24.05
46.263
54.995
-36.325
-48.665
-42.563
78.715
85.076
NaN
NaN
NaN
NaN
NaN
NaN
-105.25
-80.604
-19.25
44.048
110.87
118.76
21.26
-28.071
-29.243
-17.92
-29.182
-55.881
-22.635
-76.333
21.437
-68.062
-47.795
25.045
61.383
100.01
64.76
-2.235
-36.218
-41.567
NaN
NaN
NaN
NaN
NaN
-65.539
79.18
103.34
48.258
27.319
-20.643
23.462
2.4052
-34.226
21.039
21.335
32.812
23.049
12.291
-15.489
9.9255
28.761
