-223.94
-16.783
-18.69
-8.2911
-39.792
3.3364
-1.2836
53.774
-9.0352
4.7148
-20.748
-11.992
-23.325
10.792
19.007
88.815
23.083
30.693
-38.875
68.246
43.648
70.942
82.807
28.952
6.6949
-3.481
-84.784
-47.004
39.622
-55.03
-49.979
3.1788
29.944
37.013
12.623
55.362
-26.438
-43.684
-72.847
-20.052
-0.2653
45.276
-50.324
37.311
-28.601
5.4062
14.316
-2.988
-12.094
7.6957
36.379
-42.831
-15.79
-42.947
24.496
-17.428
-14.335
-14.978
-34.272
40.43
12.187
28.321
-42.354
12.765
15.012
-52.455
-72.761
-5.6217
-7.6302
86.286
-43.354
81.235
-51.464
40.273
3.9524
93.792
55.934
21.177
18.456
4.9092
34.083
2.9301
43.719
25.442
18.6
15.315
-35.822
-38.62
35.651
-33.923
-35.766
-48.743
-69.413
-33.204
-12.137
0.22142
-60.801
-24.728
-29.729
-93.111
-18.77
-7.5337
48.953
19.378
-35.151
-6.568
81.458
9.2092
4.7227
51.628
30.705
1.7789
49.436
56.298
11.856
-49.135
58.307
-22.702
-51.227
-14.659
24.199
-13.365
6.2824
-1.4553
-28.895
37.656
-46.732
56.82
31.833
4.4134
-28.481
85.364
-21.439
-17.946
-18.965
-22.823
-27.386
21.187
-20.783
2.4293
-7.0039
27.495
13.248
8.7693
9.2196
28.455
-38.967
-26.02
9.4341
NaN
NaN
NaN
NaN
-53.701
-69.215
-18.705
-2.7012
46.926
40.401
14.195
-78.674
47.554
25.948
62.985
38.762
62.732
10.187
5.5402
-32.192
-34.9
-15.153
-22.106
-33.892
-18.598
59.749
-14.472
8.5165
52.386
10.705
29.214
46.325
5.3745
15.529
9.7714
-43.941
-12.505
-1.133
26.823
36.411
-33.665
44.479
-33.706
-31.457
-34.69
-24.368
-45.183
-68.074
34.49
-1.2555
-26.554
-40.636
-16.937
-30.543
-26.38
-40.778
68.793
61.679
-30.698
57.51
-42.724
76.726
64.535
87.945
47.904
NaN
NaN
NaN
NaN
NaN
-141.35
-74.412
11.94
-9.64
52.478
28.873
28.735
16.179
1.7523
-7.1141
87.734
85.274
-20.419
26.923
66.349
63.389
10.964
5.6413
-4.3577
9.5541
-25.191
-28.742
-6.3903
-5.7403
-56.076
-29.631
-15.325
-33.925
46.413
