NaN
NaN
NaN
NaN
NaN
-45.947
-13.18
37.739
78.601
54.257
76.179
49.999
60.414
99.23
73.752
5.7219
2.2768
-13.843
-9.1359
-63.354
-117.26
-103.23
-98.664
8.7822
47.138
58.15
-29.189
-24.315
2.6714
31.316
-2.9535
39.29
3.3188
52.746
-12.548
-50.304
-55.059
-0.87431
-23.166
-24.124
-39.821
45.37
78.326
90.019
11.252
18.495
-75.468
-81.206
-13.608
-28.2
NaN
NaN
NaN
NaN
NaN
NaN
-55.704
-64.856
-34.839
17.622
-37.876
-38.322
111.36
19.357
0.070596
-65.341
NaN
NaN
NaN
NaN
45.695
-11.697
-135.5
-85.481
18.581
28.233
68.521
58.514
36.772
65.641
NaN
NaN
NaN
NaN
NaN
17.712
6.2614
1.3442
-12.308
36.443
-6.6711
-1.6546
-15.384
-61.75
-108.82
-52.538
-38.31
-1.3893
80.082
104.08
8.4438
46.913
42.549
34.528
0.27419
-18.471
-1.065
-0.81075
23.356
75.179
71.663
51.073
-89.222
-104.14
-92.745
-126.37
-5.8244
63.158
-66.307
10.642
26.71
-30.206
-22.099
-2.1204
58.16
63.766
77.196
68.556
NaN
NaN
NaN
NaN
NaN
NaN
NaN
-3.647
30.348
-12.409
-13.868
38.351
-8.1317
-13.62
-112.43
-56.607
-90.963
-66.014
-34.806
-12.746
-13.992
4.6891
-8.0506
12.926
-0.16547
-1.3463
21.936
52.267
86.389
58.417
75.296
10.386
75.537
6.695
9.0605
60.254
82.598
78.083
22.36
-32.297
-84.331
-18.055
-62.115
-102.78
-92.579
-66.849
-11.991
-62.75
18.54
-72.854
-127.81
-37.748
18.961
35.88
26.504
84.154
82.868
68.116
18.514
-0.48415
-13.936
4.6586
-15.168
-27.84
-22.276
41.77
28.025
31.053
0.10879
15.786
35.164
33.933
82.727
16.266
48.564
-21.368
-40.235
-34.988
38.901
48.733
26.663
-46.658
-71.054
-49.309
-67.583
-86.818
-86.411
-67.491
-9.7303
-44.247
NaN
NaN
NaN
NaN
NaN
NaN
46.952
64.455
52.977
-9.0563
-8.3295
44.899
80.459
90.065
42.718
-2.3743
20.846
8.7017
-89.354
-85.983
-118.51
-33.229
0.38374
-60.759
-11.927
-11.437
26.538
23.889
23.379
67.552
16.581
30.208
45.69
14.935
30.405
-0.13987
-70.553
-3.0305
1.7704
26.471
48.995
3.1167
-71.025
-154.07
-130.04
-28.188
27.768
64.769
45.752
18.462
29.43
88.825
42.652
NaN
NaN
NaN
NaN
NaN
-23.63
-17.303
9.4603
46.913
34.413
1.6402
72.147
65.626
70.899
46.169
9.8758
-54.208
-67.227
-49.412
-17.528
-26.097
1.6616
-11.39
62.726
60.969
4.8578
-13.881
-22.589
-70.252
14.186
-7.8662
-27.128
-22.395
-23.561
-46.295
-36.802
