-141.21
100.32
-19.183
-8.7574
-78.245
49.92
93.698
44.107
-16.371
NaN
NaN
NaN
NaN
NaN
-43.492
-66.701
-14.694
-35.222
27.66
-52.823
-45.811
-35.785
32.165
20.303
66.422
127.63
161.32
73.999
-45.787
-47.79
9.7272
100.63
16.939
-82.3
-63.908
-37.357
-44.752
-51.94
18.737
-19.133
50.675
19.559
3.0834
-46.593
29.635
26.771
41.696
135.7
45.422
13.949
-88.108
7.4842
13.213
-2.8967
-58.132
-31.832
-101.92
-102.36
-41.214
NaN
NaN
NaN
NaN
-73.582
-63.504
-13.653
126.91
58.026
133.94
69.39
83.147
43.316
-4.2485
21.721
85.921
164.69
109.78
92.22
-5.2052
33.098
-23.035
-86.92
-98.999
17.218
-48.734
-14.916
-36.59
-25.785
-11.221
-39.632
-54.248
-41.862
-28.417
-32.667
-35.881
21.581
59.186
NaN
NaN
NaN
NaN
NaN
-36.576
-89.659
-31.839
-55.098
-58.935
11.046
0.35156
0.029433
57.94
8.8976
2.6975
-3.1722
47.417
42.396
-32.939
-32.622
-4.7639
29.46
20.772
-50.786
45.15
6.9223
140.35
97.407
108.79
10.762
-51.607
-32.864
3.2637
18.289
-44.86
-43.004
-20.297
-19.171
-109.95
-9.4899
29.719
53.248
11.577
10.709
-26.919
-4.0158
71.5
-128.35
-52.544
-25.755
-75.601
-17.653
8.5874
10.546
-8.0291
-62.21
-50.92
10.085
71.1
59.933
91.534
71.857
29.764
76.653
57.656
97.118
NaN
NaN
NaN
NaN
NaN
-80.351
20.279
18.444
71.029
55.385
10.345
-22.026
31.513
62.241
2.2472
20.491
1.5133
71.628
25.074
-50.958
-58.814
-19.01
45.219
-11.297
-10.554
-53.043
10.876
0.76703
91.062
-27.085
56.504
-59.72
-20.273
8.017
43.431
58.951
27.417
22.026
-161.39
-59.596
-88.982
-105.35
-80.99
-65.518
-49.976
-35.598
-29.82
47.806
3.1096
85.583
15.047
-25.396
23.7
100.42
101.69
111.84
161.75
143.35
72.22
-1.9724
-29.054
-36.166
-11.739
10.572
42.369
-11.626
NaN
NaN
NaN
NaN
NaN
NaN
-3.6321
-34.185
-29.33
-13.622
20.588
6.4208
24.441
-18.008
19.722
51.851
58.5
5.0982
23.383
0.62197
-47.989
-18.125
-99.259
-69.31
28.248
75.612
56.25
12.729
-50.439
-51.282
9.1049
91.487
91.156
81.9
-69.502
14.184
-70.373
-41.902
-23.49
19.429
-47.405
-77.485
24.602
37.684
30.895
54.084
80.226
65.796
7.9253
-39.83
-44.31
-1.7473
-51.176
-3.4242
43.796
50.124
-13.093
-86.611
-49.256
-5.4812
47.452
9.7937
-46.68
107.79
79.51
76.447
41.44
NaN
NaN
NaN
NaN
NaN
NaN
-71.771
-66.839
-49.332
-70.372
-110.92
-92.77
-20.552
-26.269
67.875
-2.8775
61.383
55.95
75.618
11.512
114.87
128.41
96.172
30.203
-19.565
27.269
120.56
10.94
-49.707
-55.585
21.667
1.3268
-60.762
-27.704
-108.01
-10.659
-9.8184
-12.554
-20.506
22.912
18.849
14.017
16.492
-49.358
-56.939
