-147.98
-30.816
55.176
132.38
31.758
60.726
100.25
56.295
-47.751
-135.68
-23.021
9.8819
-12.682
-102.51
-45.965
-46.456
-1.6371
-43.953
3.8248
-28.42
-4.3629
-47.615
-7.3657
15.425
48.96
42.374
19.305
31.471
-38.912
-17.265
-1.2693
22.966
1.7587
-67.282
-10.061
51.465
14.942
-20.802
-27.886
-25.242
-5.0258
62.846
42.107
-3.5246
-13.098
42.906
7.2546
81.096
103.73
29.614
-47.841
-82.967
-38.672
6.2751
48.952
-15.936
12.582
-54.59
-51.378
8.1427
65.54
58.46
11.482
62.856
-9.419
-29.721
10.404
-32.573
-14.178
-15.182
-31.648
-86.34
-81.415
-62.753
-63.48
-1.2504
-23.007
-37.227
-14.844
40.133
32.338
32.173
32.475
30.475
22.107
55.091
76.664
-22.181
-69.97
-50.688
45.545
80.011
-29.388
-49.368
-58.499
43.688
99.427
59.501
-36.689
78.127
86.062
13.802
-56.161
-30.682
25.254
68.502
40.589
23.502
42.561
23.341
-68.973
-84.911
-75.264
-65.127
-21.056
-2.5587
7.7494
-64.878
-116.76
-62.898
-34.815
-95.326
-103.19
-15.068
67.004
88.052
70.277
80.459
91.368
67.801
-48.761
-34.325
23.381
-59.169
8.9416
34.286
30.576
10.609
28.613
51.398
60.732
-35.867
-75.318
12.09
90.36
51.107
-8.8846
-14.679
-44.531
NaN
NaN
NaN
NaN
4.5794
11.379
-11.554
-79.669
-98.72
-87.087
-74.035
18.366
96.621
7.1204
1.7891
4.958
-29.621
-45.549
27.927
60.474
30.618
50.073
24.231
-26.501
-48.624
-6.921
-13.39
-95.127
-74.234
-97.365
-24.528
14.99
-0.38364
82.197
74.554
14.738
48.471
63.805
58.971
36.964
-36.062
-2.5052
-60.405
-65.192
38.164
127.03
68.889
33.953
-15.648
-85.35
-22.929
52.999
58.077
28.715
34.361
-87.637
-102.12
-80.033
-62.365
32.408
-53.113
-78.671
-35.085
83.314
69.426
NaN
NaN
NaN
NaN
NaN
16.205
-67.429
19.969
-1.9406
-29.792
-21.049
-35.701
34.244
56.757
-23.848
-4.8816
-0.43828
-32.192
-47.827
-6.3318
-25.282
-82.489
-58.584
-21.51
8.527
13.618
62.166
97.941
121.27
73.577
34.456
34.426
-50.976
-18.365
