NaN
NaN
NaN
NaN
NaN
-2.605
-11.263
55.056
-35.592
-92.899
-47.551
32.181
-18.762
42.663
39.867
41.202
29.264
20.137
-29.554
-40.063
-17.615
11.741
-9.978
-9.4186
-23.842
50.909
-13.477
-72.849
-55.583
-8.0302
-16.884
0.98783
10.77
68.104
55.609
-0.98447
32.573
-10.419
-10.198
-71.011
-9.7625
65.555
108.71
77.065
27.869
4.2265
-34.014
-55.463
3.6986
-62.172
NaN
NaN
NaN
NaN
NaN
NaN
27.565
20.456
52.633
64.989
-9.0252
-93.673
-47.042
-94.557
-100.04
-29.769
NaN
NaN
NaN
NaN
-0.70584
-41.409
-25.463
75.415
64.706
27.581
31.031
34.776
-22.134
2.657
NaN
NaN
NaN
NaN
NaN
-11.943
26.374
0.11086
-34.435
26.662
-11.655
9.6382
-32.815
-40.736
-62.468
-46.161
-35.996
-3.4545
117.35
67.164
-14.309
-17.968
-8.2902
11.666
65.747
49.628
-32.202
-110.81
-67.32
7.2616
64.287
73.81
59.002
-34.087
-33.896
-3.4431
109.74
41.552
-107.88
-25.746
43.601
10.463
-19.928
-51.213
66.867
38.04
-51.843
-95.803
NaN
NaN
NaN
NaN
NaN
NaN
NaN
-50.407
-11.501
23.612
45.963
68.937
24.576
75.408
13.755
140.19
35.29
-1.1537
-33.277
-27.777
-14.781
-60.028
-48.669
-20.09
7.3237
13.965
-16.264
-44.418
19.704
-70.726
-58.382
-26.85
-36.242
50.561
108.02
58.402
-5.8151
-18.683
-7.5748
3.5458
-18.749
16.013
-18.062
-133.06
-0.59011
84.166
98.517
44.558
-2.774
-99.006
-9.6288
11.668
30.766
-3.872
30.33
49.354
58.668
-69.472
-49.753
-25.074
65.517
130.1
9.8058
-34.922
-65.067
-44.458
-37.045
-28.993
-35.088
-0.35579
6.492
-25.682
9.466
-67.663
-5.4761
32.229
70.312
0.87403
40.294
-23.916
-52.312
-59.154
-28.083
-72.474
-4.3567
8.7806
37.065
94.868
179.96
100.5
NaN
NaN
NaN
NaN
NaN
NaN
-16.641
-73.284
-37.842
-56.589
-94.115
44.939
76.859
24.714
54.028
-40.462
-58.229
24.27
-76.948
-58.451
-12.984
33.733
40.808
1.4988
15.777
-12.579
-47.099
-42.75
-27.787
50.777
15.097
34.824
38.862
32.681
60.379
36.914
-51.388
-58.104
-3.1429
18.121
3.2615
-8.483
-47.441
21.073
45.873
1.8665
-15.089
67.811
16.153
-10.265
38.156
0.023977
39.076
NaN
NaN
NaN
NaN
NaN
-60.115
-32.245
-39.425
-31.986
73.009
82.479
61.728
44.711
-20.17
-77.913
-14.283
-51.454
-20.104
-12.853
44.756
57.692
6.7947
21.26
48.536
-18.071
-65.115
59.838
87.556
-72.04
42.224
26.709
-70.008
-24.016
-56.963
0.8853
-18.967
