-23.226
9.2572
-5.7802
7.3094
-8.9845
21.063
30.357
-24.752
5.7512
70.627
-15.845
-68.391
-73.281
101.32
-9.0539
-18.717
-17.672
50.924
-4.9001
-14.869
9.6992
5.9901
30.871
11.49
2.1245
-12.072
-24.515
-6.8646
-36.631
-9.9928
-29.941
14.017
-0.41122
8.8512
3.3908
51.599
21.172
-19.629
-36.486
39.354
0.55451
0.11286
-7.6618
-4.6137
-15.499
-25.428
-24.464
-40.971
-10.176
46.32
63.832
46.154
1.5802
4.8001
8.5524
-23.568
-26.278
-16.523
-4.5046
32.611
10.674
19.377
-53.71
-17.19
-21.717
17.812
34.688
-8.506
-9.7356
-23.84
-5.7922
-10.853
4.8268
7.7851
-17.747
15.591
18.35
-25.874
42.866
27.351
-16.457
-15.432
0.39129
-21.04
14.442
40.205
33.928
0.62445
-38.782
0.060568
15.198
1.0362
-8.6836
23.278
-53.002
19.539
-38.893
-65.452
-8.7654
34.621
9.8667
-14.607
-0.5509
12.973
6.2269
-29.575
10.727
22.784
37.596
8.1017
35.345
-19.744
7.6637
58.766
0.78893
-18.063
-2.6617
2.3261
-27.845
-50.58
0.20479
-2.6193
-37.498
-21.307
-1.7163
-5.2124
-30.477
-18.312
24.591
47.009
58.362
6.485
37.34
48.256
13.146
-53.204
15.244
-0.39618
-50.713
-8.5009
-38.098
-30.88
25.172
42.053
-17.01
-34.81
-15.013
8.4217
-16.228
27.218
-24.39
-16.265
21.29
-8.4335
44.428
63.76
11.455
-16.703
7.9936
-23.286
1.731
-37.229
13.855
2.8615
-14.625
15.384
-6.2946
-7.4032
10.197
21.999
20.094
-70.23
19.994
14.386
13.114
-21.68
23.301
1.521
0.81142
-47.745
-7.1696
1.6365
-12.193
-5.2452
7.4273
5.2386
2.9314
-12.178
-10.221
-9.0509
3.2982
35.23
13.284
-10.062
-10.457
24.198
8.8814
34.367
-40.663
8.3716
35.209
10.491
-10.823
-0.70763
-21.797
-4.1835
4.4964
-5.3067
9.1538
27.092
-55.208
-11.352
25.462
17.939
-3.941
11.654
-19.263
-37.808
-20.411
9.3711
-13.369
-36.854
22.656
24.963
20.034
-125.05
82.853
-44.084
-2.7635
28.245
40.07
30.705
37.022
15.39
30.7
48.918
-26.486
-5.4017
-17.213
-16.913
-27.485
-21.864
7.9986
4.1965
-8.4425
11.868
-23.562
-29.22
-34.368
-21.554
9.13
25.992
31.64
-10.785
11.237
