-3.6962
-64.683
-8.3543
132.17
38.877
-12.236
-179.52
157.57
79.537
38.509
70.349
-1.3124
9.6469
-14.261
20.076
34.154
-15.685
12.664
3.4237
6.1983
-10.373
5.4787
-30.633
37.511
72.701
-10.215
-12.994
-48.424
-58.231
23.733
-11.051
19.472
-18.694
-25.606
-74.47
-27.029
-62.561
-18.332
-46.259
-64.314
56.57
27.978
-2.1011
84.159
-3.6158
33.674
3.8374
-12.902
36.293
15.723
27.39
8.3045
33.064
-12.704
-15.287
34.581
-9.2822
-38.966
20.78
-7.9271
-42.374
-14.736
-38.83
-11.974
-7.9865
9.7171
80.253
44.002
20.758
40.509
27.175
3.4377
35.298
-20.272
-3.3207
-22.139
-39.72
-22.329
-36.938
-5.6761
-33.156
-21.697
-20.001
12.516
-36.721
12.688
-38.855
-4.339
-9.7117
19.386
-14.685
40.956
-27.632
8.0589
6.6811
-115.98
65.715
37.674
35.914
-50.571
1.9328
35.276
31.936
77.94
124.55
9.4076
27.642
-64.52
-6.6612
19.191
-52.991
-37.869
-0.05013
-22.222
7.3358
17.427
23.331
7.084
-8.2182
-11.862
-52.332
10.044
-10.444
4.9141
-7.7921
-7.7332
-34.728
0.5385
-44.988
-4.7932
-20.626
10.163
-16.269
15.06
-0.68617
36.623
-123.22
-3.9624
76.702
59.06
22.168
17.123
-9.1327
-25.939
-30.685
-7.2571
-1.1987
36.801
13.507
43.894
46.135
72.806
41.344
28.104
-23.392
2.933
-38.642
-13.298
-32.848
1.9966
-34.788
-12.956
-8.1746
-22.253
-8.618
5.4545
-81.672
9.7047
-10.459
-22.255
2.3889
35.859
-54.199
15.687
-3.7397
-10.16
-17.616
-43.152
58.161
-16.441
NaN
NaN
NaN
NaN
NaN
46.143
5.9949
-61.238
-33.257
-6.0348
-12.776
-25.766
-17.944
-31.15
-75.291
12.358
37.007
-30.092
31.942
51.419
-30.283
29.159
64.054
-6.6939
11.525
39.004
76.232
89.004
-0.83242
-65.176
-47.957
-49.582
-21.442
-31.231
-20.088
-53.058
-28.579
-41.006
-11.883
-11.762
61.522
33.012
86.567
-54.89
-21.002
-12.646
43.983
-5.3696
10.154
32.115
-7.3581
-55.127
-25.978
-50.139
-35.127
-23.309
7.549
-1.3548
-25.602
7.0947
-16.026
41.843
73.537
48.171
76.494
43.354
67.597
49.493
52.927
54.478
40.577
-23.748
-23.917
-134.36
-27.34
-56.732
-26.527
-13.978
-7.19
-72.037
-36.903
-42.874
11.627
-39.807
41.673
-42.141
-5.3788
-52.944
