-8.9907
-37.918
-46.88
55.72
94.302
-2.9668
22.349
41.706
40.549
-7.2572
-4.3749
0.28761
-8.572
-18.097
-0.95162
-6.653
7.8479
-16.571
-9.5199
-33.681
25.604
2.6118
30.953
4.1033
-38.236
7.0642
-9.6869
-7.2332
67.408
-24.314
-34.886
-27.709
16.902
14.263
-33.011
-8.7041
-27.161
-18.782
8.038
-34.068
22.613
47
32.582
-24.856
17.28
-2.0006
-18.006
7.3021
10.268
28.989
27.473
-14.543
-2.1121
-52.407
-8.3485
23.643
40.189
-15.323
36.596
-34.788
-35.971
15.685
15.745
-10.72
-18.715
-37.089
-8.5709
28.617
2.1787
25.326
50.164
-9.5286
26.984
-23.795
21.935
-29.378
-15.839
14.865
-25.507
1.4633
-3.6808
-0.63395
40.324
-51.934
9.8664
24.305
-10.091
-1.8097
-44.586
31.083
-23.67
19.815
-24.918
-9.395
-21.134
-16.216
-1.3057
10.521
14.699
15.279
-25.421
-20.603
14.196
32.778
-0.23984
-12.793
12.604
23.742
-26.078
40.487
76.967
-1.7005
6.2184
21.154
-11.821
6.6246
9.4599
-37.515
-9.9322
-7.4362
13.708
12.328
2.5756
-10.006
-29.347
-8.0936
-40.165
-5.9733
27.372
12.061
-84.751
-55.408
-17.135
-22.416
-21.576
-25.791
26.925
9.9893
45.533
134.49
44.562
-23.181
-18.969
-36.698
6.7217
-51.145
35.225
21.418
12.018
54.844
-24.739
11.233
3.9198
32.782
-37.985
-7.6399
-32.771
7.7709
4.9064
12.535
-5.4628
-12.235
28.994
10.158
22.035
-32.185
23.969
-2.581
-12.104
12.424
-22.676
38.043
-11.902
-47.751
-42.339
-42.157
-29.254
19.214
-22.468
-53.689
-18.025
-17.871
4.122
9.205
-18.205
9.5971
18.719
140.11
68.514
57.991
-29.703
3.3728
4.787
-33.145
-23.944
22.495
-10.066
16.731
-49.764
34.239
90.187
18.66
-26.612
5.1552
19.912
-5.5541
-85.847
-27.053
-16.783
19.876
-25.239
5.7996
2.3895
-36.282
-5.2293
-59.735
-69.915
43.078
3.3188
0.16432
0.59193
-40.721
51.07
4.1528
19.411
14.038
-20.05
29.718
29.341
-21.338
22.712
-3.3543
-15.333
54.081
74.641
59.061
24.749
-28.299
1.8987
-24.581
-32.154
-32.776
-30.64
-43.27
20.815
-53.025
-20.683
-30.701
3.8735
26.923
13.148
31.86
62.54
41.638
20.989
-15.554
5.1568
-8.8369
-22.224
-39.792
4.4181
-46.24
-8.5164
-30.644
1.9784
13.397
-39.099
-13.19
16.327
5.7723
