14.367
5.241
9.2364
-29.394
-49.51
-14.504
-20.53
-43.756
-11.383
-10.912
-2.5658
-4.1741
6.2632
33.608
21.785
1.4572
-28.792
-18.626
-18.912
3.9108
7.4698
4.1993
0.97262
-31.148
-10.312
-9.4397
-17.95
-19.26
-2.276
11.222
19.014
2.4832
11.372
32.894
21.607
14.717
19.572
21.257
17.344
29.503
-0.59638
6.8508
8.2827
23.063
28.224
19.779
-27.974
-59.541
-39.033
-41.474
-30.523
10.703
46.884
57.316
22.111
-52.476
-10.377
-29.766
-38.76
-19.9
-0.58259
11.485
-1.7619
-19.915
-29.519
3.9036
-9.6228
-28.257
-9.7597
-4.2025
14.61
26.282
2.2974
21.188
-13.091
8.7053
20.357
19.289
34.61
22.435
31.048
22.013
12.754
34.479
7.8257
21.114
13.07
-34.472
-25.807
-28.409
-48.319
-24.207
12.972
-18.944
-29.08
47.199
17.127
-12.997
-24.226
-9.8653
-0.77604
10.292
12.766
11.367
-12.694
-9.6239
-12.242
-35
-28.697
-2.946
-17.18
-5.5663
4.7939
20.178
-2.1856
13.626
14.364
21.854
8.2527
10.652
-8.7696
17.599
9.6197
22.462
16.17
2.9875
16.987
-14.29
-11.036
-5.6107
25.194
12.346
-57.024
-20.116
11.505
-5.8672
15.352
-0.24623
16.707
-33.28
-2.1309
25.736
13.124
3.98
7.6219
10.642
30.669
-5.3543
5.892
-11.667
-8.5981
-41.978
-29.398
-38.174
-30.53
-23.52
-11.517
-16.043
-14.338
-11.608
-29.661
36.399
2.5007
18.859
19.962
45.07
30.284
25.171
22.931
31.838
3.2485
-5.4378
10.832
21.349
25.066
11.329
37.923
-0.548
23.625
-21.138
-60.436
-38.214
-60.765
-41.587
3.4663
-19.85
-8.9118
-7.7866
-28.36
-54.7
-0.50038
52.157
70.602
47.383
58.006
40.178
1.0493
-14.792
7.694
-29.504
-40.685
-22.418
3.3839
-35.61
-36.535
-16.08
-10.181
3.3999
-1.8828
-10.044
-7.6132
-6.2709
-4.9231
4.2829
4.223
17.099
35.098
18.613
10.024
20.573
33.736
26.271
26.592
2.3666
12.884
12.788
20.537
34.049
-30.759
-8.9638
-27.79
-17.147
-21.981
-26.926
-7.542
-13.749
-1.4291
-29.663
-19.089
-23.912
-6.6524
9.3936
3.4744
15.486
-4.0177
-13.584
2.7849
-5.5137
-2.9793
-16.885
-8.5627
-8.7162
15.991
20.564
-1.1357
-12.18
-5.886
3.3452
7.8554
38.921
11.649
19.078
10.643
34.958
20.495
-1.718
8.4544
20.229
7.1829
12.565
