0.15565
22.703
-19.9
-45.374
-21.534
-11.049
-26.9
-21.729
-40.508
-43.059
-13.109
39.61
40.094
46.273
37.3
13.541
-10.626
16.429
25.297
25.919
16.941
12.817
-25.841
-22.081
-7.8953
1.4342
-21.5
-12.234
12.415
0.91423
7.6066
29.927
12.21
13.281
0.9306
-14.289
5.1096
25.957
-6.31
-21.637
-37.492
-36.576
-24.97
-6.0159
-28.14
-9.7808
21.794
1.0827
-16.358
-37.736
-10.092
24.591
27.051
27.824
13.709
24.186
10.337
14.341
3.3455
-16.986
-32.585
0.45646
-0.20824
0.8234
12.729
34.731
31.16
12.057
13.611
9.5584
-9.4516
-1.4679
-6.1827
-10.629
-22.074
-19.897
-24.888
-25.807
1.1786
15.774
8.2931
10.532
3.9482
16.975
-18.839
-15.284
11.209
0.82526
-28.799
-34.792
2.6879
1.2676
-14.847
26.676
70.976
29.895
-21.148
-5.8411
8.0895
-23.453
-25.534
-23.25
-26.666
-36.903
-2.4419
9.0182
26.635
40.839
43.474
-10.176
-2.2501
20.363
2.2463
-4.8141
15.014
16.783
2.2764
9.5323
-2.4674
-15.662
12.315
-25.049
-27.65
-12.957
-5.9076
-6.9643
-9.7802
20.281
0.57688
0.46451
19.044
9.3224
27.816
21.483
-26.61
-26.298
-25.202
4.6025
12.09
-32.379
-28.306
-8.5407
-11.012
-14.977
-19.551
14.606
4.0431
3.0041
7.0668
4.6479
21.006
24.58
16.041
2.1358
19.308
35.337
39.291
12.166
-36.861
-16.894
28.647
13.289
-22.033
-24.292
-10.085
-3.6982
-23.513
-26.498
0.2555
11.18
7.3822
37.619
23.081
-9.6351
-16.647
0.85558
20.493
-8.1527
-11.894
-24.521
-12.509
-21.924
-12.567
-16.994
-20.558
-21.618
-10.676
-44.652
-43.062
15.525
54.174
46.269
33.366
36.971
66.058
60.389
9.9546
-1.6568
8.0538
-21.341
-39.128
-33.433
-0.94638
-3.4989
22.031
6.5836
-36.564
-33.373
-12.169
-20.511
-8.7758
-1.2669
16.343
21.561
4.431
5.1665
3.597
5.3856
1.7386
12.807
3.2251
-22.196
-0.69586
-1.2455
8.9022
3.8849
11.132
19.451
-2.3461
-22.849
-20.852
-25.01
-32.955
-7.3596
-35.059
-30.612
16.576
53.673
57.457
24.641
-3.907
12.302
-3.1961
-16.704
-5.0008
10.274
5.8942
13.132
4.963
-0.18838
3.9563
-10.318
-19.642
-9.4213
0.97815
-4.6031
4.4906
-4.2183
-3.281
9.9385
5.9184
-3.8226
8.2645
21.362
11.325
1.0418
6.5043
-22.445
9.8314
-1.1741
