-3.5577
9.905
23.903
24.596
-20.586
-6.8965
8.899
-11.604
2.1843
-5.1543
8.9504
-2.7708
-10.844
-20.787
-20.388
-21.98
-11.872
-6.607
-2.023
-5.7576
-20.251
-3.5256
-15.676
-20.619
3.814
5.1386
-21.535
-0.091258
26.951
31.591
31.737
34.714
17.464
-1.7302
-1.3898
17.786
9.0358
13.039
11.539
25.423
11.685
18.458
21.186
7.809
11.869
-1.29
23.575
13.048
-56.126
-57.678
-62.046
-21.745
1.2661
-12.732
6.4534
-10.046
9.0307
34.723
-3.4742
-18.545
-22.657
-11.88
-35.241
-13.703
-21.315
-24.517
-0.039512
-7.3597
-0.9411
9.868
-6.7197
-0.98695
34.806
22.793
34.835
25.275
18.237
3.058
21.684
16.448
12.846
-6.7368
11.974
11.711
20.711
7.1799
6.2109
-0.6839
7.5995
4.7413
32.61
9.2924
-32.788
-41.785
-48.078
-4.8012
-5.3698
19.769
58.492
57.129
-23.353
-87.528
-48.175
-50.983
-42.106
-24.146
-8.1349
-23.933
-35.851
10.859
31.281
16.163
-2.4225
0.90195
6.2123
32.804
25.552
22.067
17.907
11.578
21.164
2.0523
2.9522
-2.1271
-0.25863
9.6961
10.278
1.6851
2.1467
29.541
8.4695
12.248
2.3395
12.581
-2.0484
10.544
8.9176
10.48
47.378
10.479
-22.381
-32.29
-42.62
-35.354
-52.524
-53.097
-45.314
-22.195
0.77208
19.056
-17.441
-11.598
-6.8168
-23.465
2.5607
53.005
81.388
58.465
11.964
-23.472
-17.832
-15.046
5.1577
-2.9014
-35.612
-23.965
-24.961
-10.641
NaN
NaN
NaN
NaN
16.207
20.106
16.499
22.8
4.2753
10.347
28.211
6.4644
14.27
12.383
28.709
25.135
-13.938
-24.78
-43.393
-37.789
-44.526
-32.946
-34.956
9.3751
3.8505
-1.2271
-5.8732
13.478
-15.476
-12.829
-6.9039
-14.898
-4.8739
2.0417
30.95
19.949
-3.3928
-25.237
-17.211
-7.0177
16.352
-6.6602
-11.036
-1.5855
12.513
-12.131
36.968
20.296
25.822
12.846
17.575
-1.203
3.826
18.093
12.269
6.4064
22.691
21.258
3.4275
15.211
-10.724
15.863
1.1952
-8.4443
8.6348
15.323
-22.982
-65.789
-81.266
-22.91
31.237
33.576
-36.72
-73.584
-20.713
5.6866
-5.1867
-24.133
-21.755
4.2695
29.388
22.128
3.1662
13.21
44.068
22.018
-15.21
-18.325
-12.833
-28.904
12.365
47.301
31.63
26.191
32.57
16.615
8.9869
10.666
3.8798
-6.3439
-7.3294
13.195
-10.306
-37.711
-31.216
-4.8771
-5.1441
-0.57858
