-1.6368
10.515
37.578
14.466
11.152
-5.3082
-20.571
-20.09
-3.6699
-11.808
-6.1494
-12.264
-6.4756
0.96951
2.8878
-8.7335
-12.366
-5.7789
12.84
-10.96
-16.888
0.41344
10.832
11.001
15.916
-0.21579
-22.751
-7.34
-0.087484
10.822
25.556
23.673
11.098
11.32
-8.5601
-4.0189
-19.306
-5.2943
-11.244
5.5934
5.7074
12.916
7.7367
1.029
-6.0213
7.4644
18.235
32.948
-14.097
-19.938
-35.801
-43.081
-27.313
4.6597
24.492
35.517
46.249
8.0587
-35.163
-35.468
-42.147
-25.76
-1.3563
-4.8342
2.4056
11.547
23.023
-6.6243
6.2123
36.201
52.134
30.655
5.3773
-10.431
-6.5766
-6.1338
-14.829
-1.4284
21.873
4.0548
-12.673
-26.775
-26.493
-3.4779
-9.861
-19.349
-21.781
-16.306
10.723
8.2042
19.564
5.0948
-2.665
6.1554
15.051
15.209
13.105
9.6904
48.555
28.484
7.8681
-0.62704
-17.37
-34.246
-28.756
-19.81
-22.023
-10.03
-3.8008
-5.1848
-22.086
7.8509
-25.451
14.446
22.007
-0.75344
-23.656
-1.8978
0.57317
0.685
16.345
16.705
26.369
11.574
3.8563
4.6244
2.1622
-16.997
-2.6283
5.1361
-2.0775
13.44
9.1326
10.618
0.9359
34.093
9.198
4.4557
8.5299
17.131
-10.729
-18.883
-32.806
-21.963
-20.477
-10.084
-9.1943
-15.529
-35.073
2.2422
-0.33131
5.1354
-30.465
-52.352
-38.82
7.1176
14.828
18.285
23.541
33.09
46.831
61.037
45.652
-17.429
6.4993
37.83
19.355
33.071
NaN
NaN
NaN
NaN
-10.03
-7.6585
-24.713
-24.1
-18.094
-14.052
-2.0689
-29.135
-33.965
-14.061
-2.0665
3.0173
14.069
24.5
24.08
10.959
11.9
-18.857
-0.41969
12.531
13.839
5.1242
24.343
21.601
0.12703
-9.337
-0.63943
-17.447
-30.636
-33.264
-22.881
-17.018
-12.043
-18.716
8.528
49.284
81.128
65.597
49.125
-9.1191
-28.215
-43.591
-21.978
-18.88
-15.146
-6.1328
4.5838
-8.256
-8.6887
-6.702
-12.673
-11.642
-15.708
11.552
10.818
-3.6128
-4.0399
1.6583
9.4591
11.831
16.779
17.242
5.5029
-9.4481
3.6267
0.23785
-0.11922
17.985
23.138
8.1313
-35.859
-36.71
8.8763
20.166
17.981
-21.972
-16.721
-29.678
-5.4466
-2.0498
4.1499
2.3335
6.9029
-10.48
-5.4701
14.99
16.562
7.9803
1.2979
23.281
30.793
-3.7267
-21.546
-5.0674
-7.5234
-15.823
-21.862
-5.227
-9.8179
-13.104
-0.027861
-7.9937
28.593
32.841
