11.367
10.789
-27.021
-1.6816
-1.8462
0.077441
9.8711
20.54
0.83218
-8.5699
16.946
17.141
27.286
16.02
-2.6979
-8.6729
-2.9908
-14.687
-25.514
23.921
12.569
19.999
8.3503
-4.0207
3.6945
-4.9152
12.174
3.5858
-9.6677
-47.246
-39.469
-42.301
-13.659
9.9246
18.249
9.9948
5.6027
1.247
-2.6584
-5.7853
4.9661
8.8024
24.64
28.11
16.137
-10.022
-4.006
-7.5497
-10.273
4.1379
9.0368
21.878
16.354
-9.1184
-30.2
-35.824
-17.57
11.072
50.765
56.586
40.757
15.263
-30.925
-9.75
-12.458
-28.162
-30.126
-1.8192
-21.636
-48.958
-56.042
-9.7214
-3.9477
8.8322
9.3859
16.624
20.855
6.9161
-3.4499
6.702
9.664
32.603
31.363
11.722
9.6639
28.128
28.53
16.17
-18.03
-11.256
5.9201
-30.64
-22.391
-15.821
-17.715
1.9139
-16.371
-21.501
-33.867
-17.351
-3.5741
14.505
16.364
37.386
23.322
22.69
25.172
20.074
-10.343
-13.654
-19.754
-8.8713
-2.0683
2.0774
-31.793
-2.697
-15.955
2.6772
8.0381
17.266
-1.0273
-14.766
10.486
-9.0621
0.044309
5.6846
16.124
20.294
12.03
0.17102
1.295
0.32156
-15.05
6.7371
-10.076
-31.924
-44.71
-39.226
-10.712
9.5611
13.658
17.572
36.187
26.499
31.069
9.5872
1.1678
-10.979
-0.24509
-5.4114
4.0621
-5.0792
27.064
38.213
31.67
7.2446
3.7118
-33.721
-20.369
-9.819
-0.85105
-33.309
-27.704
-11.989
-13.796
-56.899
-23.16
-35.201
NaN
NaN
NaN
NaN
14.21
22.058
22.833
21.763
28.995
20.075
0.27447
11.678
24.73
17.549
10.57
13.783
10.926
-11.299
-6.3295
6.0305
-14.469
-21.548
-11.187
-4.2495
7.8123
-10.108
-13.202
-23.219
9.9578
3.8056
4.5333
2.6056
-17.959
-20.264
13.05
16.521
3.7436
-11.064
-7.419
-62.69
-48.717
-22.669
-7.2046
16.051
27.03
45.479
34.594
12.37
-4.6402
-3.7159
18.435
35.01
23.016
28.432
-1.0653
2.7479
0.9166
-13.083
1.186
-1.4804
12.337
-19.06
-39.497
-27.563
-11.639
6.8764
-9.9949
9.422
-12.399
-19.261
8.9229
-1.8973
-24.166
0.10973
34.859
31.694
-8.1596
-20.084
-0.6034
1.8448
2.3657
-2.0879
16.704
15.301
-28.032
-19.458
4.2452
5.0361
15.263
26.423
-1.9604
-4.6931
-10.341
-14.334
-12.094
0.24723
32.573
18.613
-0.813
17.24
5.6636
1.0564
5.7866
-10.805
-9.432
6.8065
-37.379
-55.702
