4.7098
-9.0962
19.023
16.47
-12.638
-6.0078
-11.852
4.4108
13.452
-6.1883
-26.739
-34.088
-39.764
4.1013
-9.7135
5.2733
9.7403
7.5103
33.434
20.128
16.804
9.6405
-7.6177
2.4983
3.395
10.023
29.199
-0.1019
-25.707
-26.535
-24.345
3.8499
-27.443
-7.3565
1.4635
-19.653
-14.459
7.271
22.782
23.878
13.565
-4.498
-12.636
30.213
31.272
21.305
27.749
-23.504
-44.35
-33.452
-12.736
-19.704
-3.7062
28.795
44.683
52.062
-2.6406
9.1821
18.024
-29.432
-49.695
-49.625
-20.227
18.12
10.079
-28.917
-34.785
2.3644
41.197
18.659
21.723
-10.406
-1.3281
-3.4883
3.1679
20.673
-7.2101
-4.7811
23.586
-5.7418
-33.798
-0.64925
18.844
-7.3052
18.601
5.6633
-17.702
0.48746
-29.321
2.2365
10.845
-3.2247
-2.9541
34.924
52.083
28.357
34.858
-6.2336
-36.057
-55.482
-20.471
-16.774
10.796
18.238
23.255
-0.75021
-46.044
-33.56
-12.495
-33.046
1.7679
0.76527
-15.239
-36.044
16.02
28.937
8.01
-2.6293
20.845
32.72
34.857
17.356
19.324
30.634
30.506
25.902
34.914
17.016
-7.817
-47.504
-53.738
-67.585
-62.825
-47
2.2544
17.986
12.833
1.2038
1.6397
7.5942
8.7986
17.312
15.32
23.402
34.313
20.491
-0.43186
-12.25
-6.3436
-5.9571
-4.9912
-12.144
-19.55
-35.128
-15.837
10.071
11.121
-2.5356
15.869
12.807
-1.6568
-13.498
-13.126
-2.1701
3.2057
9.9988
19.087
-10.792
14.858
37.965
22.045
-26.083
2.9953
-49.437
3.1884
14.655
14.985
22.52
3.2269
-23.448
-1.8211
26.795
31.423
-24.739
-32.761
-20.623
-2.5051
-15.68
-7.5199
-9.8804
-26.747
-5.0714
16.469
26.07
5.0923
-4.7937
-24.623
-19.836
-1.8066
-8.5612
20.017
36.745
23.885
40.78
24.427
-7.3958
-10.182
-18.178
-1.5649
5.5796
7.7568
4.0934
-2.9116
-5.8278
-30.762
-40.125
-3.9594
-11.261
-12.833
26.847
19.443
10.099
21.779
45.889
20.608
-45.25
-43.119
-4.116
21.702
10.58
2.0006
-24.116
-7.7486
-19.636
-19.69
-35.317
-6.1632
22.458
21.33
20.815
26.266
17.604
-17.055
-36.127
16.718
21.916
5.7334
-1.3446
4.7449
1.999
3.0489
-17.656
-26.529
11.173
31.768
