23.284
7.9633
16.293
21.587
-9.8638
-6.1545
2.2112
34.007
34.494
31.652
27.809
-0.7893
-12.672
-22.724
-20.429
5.2787
-3.6653
-10.519
5.9508
9.3928
-2.1965
-6.015
-6.4469
7.2683
-17.009
-18.795
15.163
0.55227
-11.474
-1.3469
3.5714
13.797
1.7875
3.7349
-2.3843
3.5572
15.619
-2.3138
29.348
13.241
-24.948
-12.669
-34.06
-12.651
3.0511
14.893
21.833
-9.4519
0.73148
11.615
19.181
8.8257
15.532
29.834
-12.836
-19.829
-40.164
-30.006
-17.603
-27.42
-5.4729
8.3186
19.334
22.281
-18.458
-19.751
-2.7445
21.089
34.252
8.9973
3.4578
10.153
9.1693
-12.042
-15.585
-34.218
-22.84
1.5415
21.551
32.032
27.927
17.155
10.904
-32.723
-9.6821
15.104
24.938
21.609
18.552
-11.519
-2.8633
-33.807
-26.861
-20.051
12.121
15.758
16.42
-14.574
-31.38
-31.422
-26.531
-12.778
-1.1513
-12.794
-10.464
13.616
27.496
15.523
-3.9235
-1.2112
17.511
18.706
6.1218
2.9142
5.4938
5.569
-1.9385
-17.423
-1.6304
-5.5261
33.108
28.441
-0.019641
9.9155
5.9014
34.614
49.114
29.71
-20.379
-36.293
-43.658
-36.896
-40.836
-37.395
-16.234
-4.8297
-4.6321
15.742
8.3777
-15.362
-2.8369
1.2194
10.461
8.0553
-15.618
-34.227
-21.392
27.302
48.63
44.646
25.855
5.3585
-15.201
-12.215
-3.6508
33.013
17.632
-24.059
-33.382
-18.89
8.5361
-3.6732
-4.1963
22.352
32.282
31.837
26.799
-3.331
12.432
6.4603
-25.548
-24.293
5.8634
-44.97
-30.992
-14.584
-5.5939
-15.261
-16.032
-10.581
-13.009
5.053
-12.823
6.092
2.959
0.66895
30.959
29.986
15.243
17.446
28.613
12.116
4.2761
-0.9819
4.0853
-20.587
-36.801
-58.418
-11.437
11.389
25.226
5.9934
16.411
20.301
15.283
-15.065
0.66209
24.66
36.648
4.3438
19.559
28.282
0.07176
-28.187
-31.438
-45.911
-41.204
-14.509
-15.098
2.7845
5.1796
15.209
7.0059
-8.875
-3.1299
-4.8942
-30.743
-42.754
-34.665
15.22
19.375
38.255
38.267
27.853
32.936
12.665
22.319
16.096
-13.142
-24.661
-12.003
-2.9624
4.9701
15.556
29.832
14.424
1.21
13.116
9.8051
-29.888
-37.138
-27.056
-56.19
-51.915
-30.383
