-13.09
4.3779
15.772
-22.113
-28.393
19.351
15.591
4.935
-4.254
16.963
23.988
6.8032
2.3923
26.95
-11.597
-2.41
7.7846
-20.134
-5.9261
21.519
-23.777
-15.826
10.102
4.4766
0.35588
-1.2507
-26.024
-11.829
-2.9183
9.4379
-2.3738
5.442
5.151
-14.536
11.377
10.803
9.736
-6.0421
-3.5066
12.476
5.1641
7.1482
-8.2977
-16.549
-2.956
-7.1309
-17.755
-9.7492
5.6715
9.9089
26.461
8.872
17.887
-2.0367
-20.176
-38.058
22.403
-15.566
2.1092
15.84
25.061
12.294
-13.216
6.6086
1.8004
2.1202
8.6791
-6.8146
-14.137
-25.123
-7.3031
-9.8676
-10.147
-3.9329
28.669
11.591
-20.07
3.5417
-8.3506
22.685
-10.723
6.376
-3.7314
5.0752
15.864
15.781
5.8949
-4.8161
9.7154
0.29308
-22.866
-9.2837
-13.534
-12.691
13.048
36.447
-15.625
-36.83
1.1963
2.341
-19.932
4.8681
17.766
4.5638
-26.503
-6.8171
31.543
4.5546
16.531
10.331
17.108
-17.082
-0.61618
23.268
-7.4705
-25.217
19.456
-7.8589
-7.7216
-2.1016
13
7.3925
-23.447
-1.1303
-15.126
-29.362
4.5443
-24.037
14.937
27.694
28.117
6.4978
5.1783
6.69
14.17
-5.5017
-32.293
-3.6778
-7.0251
-2.3059
-48.775
16.751
25.082
22.269
-19.5
-17.178
-8.3288
6.4827
22.232
8.5874
-3.2549
-18.553
6.6037
7.2361
21.043
12.37
1.9149
-3.0104
10.774
-2.7863
-8.7316
-13.225
15.033
4.3134
-6.6828
-15.077
9.0653
6.022
-19.685
-11.075
-0.65916
-23.953
-1.4815
15.126
26.45
-7.1146
-2.074
3.6463
-9.3285
-27.718
11.548
-7.6516
-19.395
-1.9075
23.057
-11.949
12.179
36.152
-6.6317
-17.091
31.104
11.39
-7.0926
-17.577
7.0308
-1.3718
12.603
21.474
-12.298
16.47
19.425
-27.598
-9.8228
-2.3563
-22.871
-3.6354
-10.777
4.3352
7.7642
-4.0389
-16.6
14.806
-7.3074
1.4362
7.4413
15.185
-1.8326
-10.261
-8.5065
-22.311
-14.877
3.6649
-2.6057
-5.0436
-3.3745
-3.9305
33.764
-6.6798
10.815
3.5678
14.233
5.9705
33.012
-2.0835
20.77
28.055
-5.6075
-12.157
-9.789
-8.7651
-17.343
-20.246
-13.078
29.665
-12.624
8.8093
-28.635
-12.465
-11.043
-10.388
2.7273
12.515
6.2016
4.9067
-5.2472
