12.696
7.3217
-32.308
-29.684
-33.225
-21.418
-20.559
-10.042
-16.689
-10.597
12.678
-0.41154
-1.5222
4.1837
-16.293
-19.787
-9.0558
12.307
2.5105
-7.0142
5.0282
10.887
0.70529
-22.516
-9.0957
17.324
15.764
4.579
13.005
31.82
19.659
-10.458
-0.96833
-3.1717
18.541
41.165
13.079
10.136
-4.2707
-20.48
-18.133
-25.021
-23.891
-18.273
-1.8283
-4.6309
13.588
19.35
19.944
16.391
-21.562
-24.077
2.2597
19.496
-8.0588
-1.9832
4.0044
-4.5141
-23.757
-14.547
-11.606
2.419
3.0132
8.2204
7.6896
-18.106
-7.8826
12.015
-13.021
9.7029
2.3191
-20.405
14.739
20.726
2.4923
-3.4473
6.07
-8.2855
-12.839
5.1083
6.1427
18.85
17.533
8.8727
5.2964
11.808
27.355
14.202
10.209
-6.1385
-14.474
-11.441
-12.251
-11.127
-0.32662
1.0844
-8.5696
-26.441
-11.552
-15.008
8.9199
-6.8299
-21.055
-15.449
-7.4953
-12.8
-5.9733
27.768
48.181
30.822
-13.846
-21.853
-11.48
-14.931
-6.3086
-2.8257
17.438
9.5958
2.0439
8.0461
5.0282
6.7382
11.697
-8.3381
-2.7835
13.524
12.245
12.828
6.0621
-6.5707
-23.72
-15.857
-3.4815
17.194
11.528
5.6121
12.398
17.907
-37.995
-17.382
18.43
6.8913
16.006
3.1239
-2.9274
-12.711
-11.317
-5.7718
7.116
-14.409
-30.603
-21.12
-20.703
-23.084
-14.185
-18.016
-2.068
14.496
23.842
31.158
13.822
0.66239
27.205
10.916
-6.0544
12.335
4.5144
11.107
11.791
12.125
10.223
1.1929
18.056
-2.5245
-15.745
2.9023
-9.07
-10.867
-9.8741
-26.014
NaN
NaN
NaN
NaN
NaN
-10.289
-5.7552
28.42
-4.4085
-0.54204
13.516
-7.8455
-2.1173
-18.54
-7.4072
14.077
16.385
5.2882
-2.923
15.115
0.76058
-0.78583
-5.7403
-4.3783
3.9653
-15.617
-21.014
-15.03
6.9035
6.75
3.3403
0.84829
-10.426
1.4206
13.181
11.19
4.4777
4.9201
-4.0609
9.4526
0.2087
3.1175
23.595
24.271
9.8057
-1.3888
-5.2668
-0.79173
-14.507
-7.5422
-3.2771
-6.1662
4.9348
16.023
0.38863
-24.432
-3.8512
3.042
7.3219
10.954
-6.975
-17.141
-29.498
-27.007
-20.773
-26.61
-10.616
6.3242
2.2715
-5.8942
-14.817
10.192
25.028
12.446
17.808
9.956
6.2558
9.2113
16.465
12.571
10.777
25.58
11.757
10.49
27.248
20.649
9.7434
-8.8534
