5.8097
-7.1527
18.139
23.92
-4.6161
-7.8294
-13.964
5.2383
15.384
0.56823
-10.161
-26.552
-30.749
1.6718
-11.087
2.5884
7.6319
-2.2477
25.36
18.641
17.28
11.453
-6.4464
0.48644
2.3362
3.8584
24.235
-3.7355
-21.556
-11.624
-19.317
0.29602
-29.363
-6.4957
-7.6704
-19.018
-7.2943
15.038
27.047
27.788
13.725
-8.5794
-15.248
16.55
19.616
8.6639
21.698
-20.371
-34.042
-22.271
-11.229
-7.0726
-0.82442
28.047
38.434
42.495
-10.472
1.9358
13.619
-21.884
-39.065
-41.143
-14.083
25.954
8.2039
-31.97
-28.198
6.6538
38.975
13.508
18.459
-7.6957
-1.5511
-3.1605
-0.11947
12.099
-10.766
-8.1035
24.679
-6.2433
-27.777
-1.0744
11.097
-14.502
11.795
14.358
-3.987
1.44
-21.951
2.6528
2.0187
-3.5308
7.1592
27.765
41.146
23.095
20.64
-10.275
-26.044
-43.217
-17.139
-12.676
14.903
18.298
13.704
-4.5535
-38.561
-19.812
-7.541
-31.058
-2.3123
2.2522
-14.769
-32.111
4.9569
26.613
14.202
9.058
26.961
25.083
21.519
9.8826
15.225
24.028
18.257
25.271
28.01
13.655
-5.3988
-42.281
-44.316
-56.976
-48.848
-41.302
-3.2766
14.284
9.6719
-3.3616
5.0606
6.3107
6.0251
15.525
14.481
26.089
34.621
18.445
-5.7626
-10.502
-3.4126
2.6411
-6.5811
-16.974
-17.42
-22.77
-7.0784
14.752
10.136
-6.6235
5.6749
2.3036
-7.3976
-16.268
-14.634
5.5938
9.5195
11.092
19.715
-11.435
16.711
32.379
17.802
-24.915
-1.6788
-43.4
5.828
12.727
7.4755
15.323
9.6568
-20.799
-4.5844
17.481
25.482
-16.44
-27.429
-18.504
-1.5133
-11.565
-8.9745
-13.827
-23.549
0.2519
19.337
22.665
15.014
5.8317
-14.964
-18.426
-9.5104
-5.7867
20.741
29.968
12.667
33.443
16.344
-6.4952
-11.227
-13.686
-6.8413
3.1175
9.3835
1.9391
-0.21252
-9.1853
-20.528
-30.694
-9.4467
-13.189
-11.581
17.412
8.7119
9.5398
23.221
38.567
15.313
-35.822
-24.634
-8.1755
7.3776
9.9841
10.198
-18.901
-7.0963
-8.9445
-2.5345
-18.056
2.7929
23.095
9.4473
3.8891
16.537
12.064
-15.758
-27.649
18.63
13.337
4.5606
0.96622
-0.51777
-4.0267
-3.5485
-23.833
-25.889
4.1294
24.406
