0.92889
29.386
2.6575
-50.447
-14.864
-1.7943
-8.6673
-7.3045
-27.116
-6.8344
2.3063
17.239
-4.4861
2.3511
9.8229
25.027
9.9641
4.9495
5.6035
-34.133
-7.8354
-21.305
-32.973
-18.066
-1.5955
31.947
24.764
11.36
-6.9361
-1.2328
16.977
-11.76
-6.6449
-7.4374
29.889
36.579
23.904
13.816
9.2223
-5.3586
-1.0215
7.6996
-9.5155
-20.354
-16.862
-50.996
-24.383
-10.729
-32.215
-25.753
-38.02
-21.111
29.65
65.757
97.485
70.077
52.039
26.129
-45.034
-62.984
-12.409
-4.8575
-42.617
-19.31
12.153
-12.751
-13.434
18.097
4.9865
12.643
8.5791
-19.601
-11.098
6.6034
-19.753
-14.597
-3.0144
-14.014
-4.6786
-1.2518
-0.27909
-18.944
4.4526
8.6775
24.306
3.093
36.703
24.463
29.132
7.486
17.137
1.1298
-5.2187
-21.77
2.5966
14.979
-8.5395
-8.6729
-14.358
7.2688
16.848
3.3298
-17.999
-16.368
4.0882
-5.9081
-14.772
5.2622
11.487
-17.38
-23.144
-18.411
-9.8864
-26.784
-37.171
-10.268
11.583
-3.7231
10.169
16.869
10.999
-4.3473
28.212
13.765
22.866
16.424
30.162
26.799
13.09
4.503
-2.1463
-9.5005
7.0915
19.942
15.877
-27.728
-28.67
-17.446
-47.514
-31.808
-7.2673
-17.474
25.105
36.785
23.392
-2.3168
15.428
10.185
9.2274
-27.972
-22.29
-22.239
-6.3851
-10.246
-21.618
-15.344
46.145
64.235
1.2048
-30.957
-4.0799
-12.333
-9.7735
-0.16898
-33.364
-2.3333
-2.971
-0.17053
10.363
-0.14744
11.576
10.586
24.341
9.0872
-10.292
17.624
11.036
4.5348
25.411
19.892
NaN
NaN
NaN
NaN
NaN
-13.941
-22.295
14.984
9.6489
-16.791
-8.3341
6.298
-2.9355
-1.658
3.5006
-13.697
4.3042
16.05
9.1376
4.2999
1.8852
-16.507
-19.093
-31.504
9.4075
-0.79189
-34.375
-20.905
2.3984
16.539
-2.6715
-0.9368
0.85589
18.901
24.58
14.096
13.001
24.559
21.451
36.257
-0.0056312
-6.0009
14.703
19.168
-8.6367
-1.9918
-19.89
-20.085
-20.465
-24.818
-19.466
-12.641
-5.5107
11.915
13.873
-4.909
6.2514
1.34
10.556
8.0211
7.9552
-0.19187
-17.447
-20.703
-8.0872
-15.082
-27.669
-18.924
-11.476
-3.3135
-14.68
24.538
31.046
18.899
8.7027
16.304
7.9844
17.831
20.095
0.43699
-10.84
19.622
11.405
0.46604
-12.502
10.5
2.8894
-11.936
