13.417
-10.331
-18.857
-12.422
-3.4623
12.455
9.6799
32.155
-3.2529
1.1175
25.467
17.628
-21.622
-3.4985
7.116
-6.6402
-36.826
-21.563
-9.97
4.2038
2.7171
-9.5464
-25.692
-21.554
-10.16
19.822
22.485
-4.0873
-27.782
-9.7728
8.9691
-1.2663
-16.258
-4.6069
25.151
17.347
22.365
26.881
11.414
7.072
20.582
4.9526
-15.669
2.4529
7.3126
-3.0337
20.813
1.2368
-47.258
-47.276
-29.575
-31.82
-13.078
25.837
43.088
38.016
42.27
23.643
-6.0705
1.5804
8.4913
0.4859
-11.851
-3.226
-5.6907
-28.953
-29.127
16.226
-10.451
22.645
-0.60367
-22.476
-12.788
-8.6988
-19.216
-35.924
-7.3731
14.22
-9.8216
-19.287
-14.534
2.3319
10.652
12.837
28.867
4.5694
2.9586
21.022
26.329
16.389
-0.45763
-3.4159
-5.7189
3.4099
27.736
26.855
30.302
-8.6429
1.5554
22.227
38.149
13.927
-17.847
-21.539
-4.1552
-14.37
-22.638
-20.626
-40.115
-47.826
-19.715
-15.226
-8.802
-37.124
-32.771
-13.603
1.7532
13.189
10.192
15.263
13.669
-0.575
12.498
6.5747
22.161
26.839
35.221
12.679
9.4805
13.474
0.91089
17.328
17.792
26.647
36.96
-4.3713
-22.701
-18.945
-26.359
-39.166
-24.026
-4.5331
27.349
15.174
-8.6357
3.0627
2.9436
7.4373
1.011
-39.674
-14.751
-20.889
-5.5879
-1.1825
0.15339
-20.772
4.5232
0.61138
-10.665
-12.884
-8.4147
9.5431
28.411
15.002
-7.2381
13.521
4.7706
23.03
14.553
-10.906
-19.794
7.8052
32.179
16.738
-14.231
-3.2339
2.5364
-24.772
11.919
4.7413
NaN
NaN
NaN
NaN
NaN
-38.35
-11.365
47.443
18.463
-2.9149
27.277
31.537
17.029
-17.448
-27.882
-24.868
-0.95879
8.5387
-1.2416
-11.439
-11.566
-14.088
-24.622
-27.816
-18.306
-12.899
-25.198
-13.472
-10.284
13.203
9.6279
14.223
26.298
42.691
38.968
18.825
16.272
5.0501
20.468
-2.6203
-14.64
-21.762
2.1151
-8.7494
-9.4581
-15.107
-7.059
20.778
9.2408
-22.895
-0.96891
9.0442
5.4893
8.4252
-7.0322
-14.067
2.3401
2.064
-1.0291
29.619
34.341
17.847
-9.31
-20.635
2.2513
-25.533
-34.257
-19.781
-45.575
-20.894
-45.272
-1.3188
10.349
13.07
10.937
24.466
21.377
36.151
26.097
10.046
-4.8505
13.254
-11.499
-16.419
-0.9105
16.865
-1.7733
5.6143
