-74.066
-28.378
6.6524
-47.767
0.58067
-19.841
3.2209
41.554
-36.386
-23.258
-69.911
-20.13
62.967
4.4637
-23.673
44.911
9.6747
11.697
62.068
-16.343
53.998
34.428
-64.338
-33.583
30.11
19.937
14.998
64.302
-5.4154
6.627
5.513
-68.605
-11.456
7.5636
3.5451
-4.3864
1.3076
-11.4
-53.965
48.827
-23.826
-8.0037
-28.326
7.8798
28.578
-71.177
-121.91
-19.056
-11.966
-5.6565
34.905
-20.015
59.859
58.806
53.357
34.109
24.976
7.1818
3.294
25.906
-4.957
-0.011426
-11.971
9.9978
27.372
64.611
-24.454
7.4837
-47.009
-35.618
7.326
-6.7663
-9.0107
48.49
45.05
-20.846
7.4178
-38.754
-41.594
-90.181
-35.184
-45.835
-76.976
-19.651
-19.903
-20.213
44.154
33.632
19.841
26.347
72.943
57.3
8.9977
82.978
73.769
25.607
56.437
15.88
-118.57
-49.403
-27.575
-35.035
-17.933
-18.076
-37.248
-24.584
7.0692
79.841
8.4825
-30.546
10.967
-24.616
20.866
-37.673
-49.956
-44.273
0.7755
28.515
73.944
59.803
78.866
71.803
-8.1761
31.643
-22.617
-81.145
-25.637
-22.785
-70.088
-41.258
-40.093
-15.135
-22.83
-0.079084
-14.661
-21.496
32.472
22.96
26.402
72.759
51.457
33.603
18.875
-25.759
22.655
30.195
19.291
-19.762
-67.196
-45.295
-43.222
-39.787
32.347
8.8989
-3.1798
-7.7606
-10.353
41.226
63.728
56.859
58.653
-10.628
-62.901
-96.181
8.5923
-1.4954
-20.95
-4.9164
-10.973
7.1442
41.963
4.1634
18.749
13.053
-52.267
46.696
43.796
7.3295
-23.505
-36.189
-0.34109
-59.041
-37.34
-45.259
-65.041
24.085
-2.2689
-19.31
7.3582
-12.122
36.212
45.387
52.238
25.893
54.243
60.95
46.789
18.245
33.669
6.1029
20.345
21.217
-17.393
-75.546
-88.8
-27.605
-13.759
-21.221
-23.06
-8.9497
8.4388
37.505
35.5
12.761
-3.374
-63.31
-36.844
-30.189
-48
-32.723
-41.93
-19.452
-14.177
29.749
8.5545
-2.9669
59.185
87.299
12.586
52.363
51.561
58.096
41.155
17.406
-30.474
-34.034
-23.47
-10.089
-27.737
-20.394
-8.0422
44.453
17.919
38.461
-16.291
-18.72
6.0388
NaN
NaN
NaN
NaN
NaN
NaN
-81.202
-41.413
-23.078
-13.561
35.802
34.115
13.983
23.406
3.4435
3.5182
-20.885
-15.049
-3.7664
57.248
49.037
39.438
30.064
16.126
-25.192
33.802
64.366
62.665
31.51
-16.59
-22.974
-35.349
-77.708
-63.321
-25.873
-24.137
-32.773
-35.932
23.333
21.697
-19.356
-19.359
-12.618
-3.0839
12.243
13.125
33.943
5.1289
23.557
62.915
70.623
60.649
15.598
-43.734
-29.547
