35.964
16.645
-0.079933
11.926
26.665
42.614
49.587
10.478
-0.31043
25.716
16.633
-5.4396
-45.657
-36.268
8.8709
14.747
-17.209
-14.474
10.694
22.686
9.6617
16.01
32.81
-4.0281
-27.488
-21.375
-38.203
-32.955
-16.157
-49.378
-56.817
-27.805
17.681
33.524
49.207
42.747
27.41
-11.48
-35.981
-5.5505
-10.89
-2.5309
-10.992
-26.454
10.314
47.479
50.834
51.955
28.986
30.191
20.825
-11.57
3.6076
-7.4673
-20.695
-44.845
-52.886
-27.475
18.722
9.9201
-30.605
-9.4314
-5.3083
-6.4386
-30.694
-14.276
0.772
22.528
38.257
36.746
-3.3013
-16.295
10.239
7.9712
15.799
8.6765
-2.4017
15.42
15.179
-21.246
-52.366
-48.979
-8.6318
-7.7266
13.472
39.192
46.113
30.514
10.062
-18.839
-6.6466
-3.5362
13.284
3.6763
-2.7056
-31.422
-52.45
-52.114
5.275
0.35932
9.2106
9.8008
2.4524
20.762
32.773
26.409
21.206
12.24
6.9973
3.9719
-10.549
-2.3977
-19.161
-44.895
-43.716
0.57597
20.041
16.845
21.681
27.552
7.1453
-2.9722
19.304
10.48
8.4045
26.436
-18.826
-37.007
-43.262
-39.965
-19.47
-20.324
-7.4048
-12.109
14.604
10.66
31.986
24.101
42.573
23.308
8.4623
12.053
13.461
-9.3111
-38.954
-36.12
-23.788
-18.358
-19.465
-13.862
-4.5826
-35.453
-22.453
19.467
16.916
34.673
40.522
60.721
57.343
42.217
20.896
-19.507
28.347
23.138
-3.3781
-52.221
-71.215
-45.513
13.508
-19.712
-11.454
-4.15
2.7454
2.2543
6.9229
-19.534
-18.413
-5.9152
-22.72
-20.329
-13.416
-7.5984
24.11
-7.3121
-24.944
-5.229
-2.3321
0.71384
12.483
49.729
53.131
36.219
33.395
25.869
-3.8735
5.6501
-15.985
-18.117
-28.466
-11.701
11.838
29.784
11.054
-10.954
-14.423
-1.3649
8.9916
17.89
10.686
31.638
26.1
26.141
-4.945
-75.501
-56.275
-51.774
-41.454
-33.673
-0.93603
5.6113
-32.496
-51.035
-32.366
-18.924
-14.104
NaN
NaN
NaN
NaN
66.958
41.577
4.084
2.0571
-11.374
11.544
2.5584
-15.045
-28.651
-4.4468
-17.951
-4.3952
9.9464
30.781
25.846
23.206
13.717
8.6785
4.1146
-1.4262
-38.137
-55.124
-34.427
-15.69
-19.246
-78.732
-48.144
-14.172
20.425
35.943
13.587
-6.5003
2.6411
46.972
61.91
51.306
32.07
-1.0711
16.45
5.5903
-2.3126
-49.472
-63.099
-68.05
-35.18
-18.912
9.5675
7.5351
30.962
33.716
34.258
37.255
34.001
5.1094
-6.6898
-18.26
1.2754
4.4616
-27.567
6.1714
1.6466
12.972
-7.6042
-12.347
10.574
10.164
14.219
19.503
1.5021
-38.745
-38.548
3.9879
19.365
18.687
20.414
1.8575
-45.951
-53.393
-32.647
6.9463
-4.4326
-6.8542
-3.2673
2.388
13.488
-29.444
-15.288
-15.762
