-24.56
9.5998
-11.299
34.158
9.1583
-45.553
-21.876
8.5932
12.057
7.5854
-5.7877
21.585
-4.4237
-16.192
3.1566
14.558
40.836
13.712
0.99361
42.503
32.14
-2.2886
-26.034
14.47
0.84124
14.236
12.223
-28.99
-31.177
-14.687
-34.922
-15.341
23.997
13.103
-28.244
-19.385
-17.586
33.459
16.544
27.837
10.524
18.187
49.656
17.521
-28.262
-13.213
-12.423
-15.07
-17.898
-49.559
-58.877
-63.221
-42.2
-1.9995
9.0536
63.763
39.28
11.588
21.478
8.8474
12.615
5.5419
30.868
-20.394
-27.873
-4.2105
7.2769
16.358
45.474
43.753
-16.681
-18.141
7.0689
9.5986
5.5998
22.029
17.108
61.909
23.509
-41.504
-15.413
-24.255
-17.673
-4.9849
-41.097
-72.104
-28.882
-4.1937
-9.4094
-14.854
-21.939
-35.742
-22.501
24.352
11.382
-46.483
27.748
34.845
29.801
-2.9882
16.779
6.0084
57.077
39.226
14.543
7.1141
25.874
31.886
13.823
7.0698
-30.019
-13.538
-12.838
18.033
10.383
-4.6171
6.1917
-47.586
-83.967
-88.648
-25.47
16.622
24.952
60.098
54.627
18.181
30.164
5.4174
-10.703
-18.94
21.157
2.6011
-58.644
-64.444
-80.533
-33.935
13.636
18.399
38.968
60.729
46.276
31.651
-7.3126
20.224
9.711
-12.54
-5.1266
10.091
-9.9293
-7.0451
-7.2083
41.867
32.08
-18.322
-29.273
-25.779
-18.441
-9.8221
-39.612
-64.949
-16.227
3.1035
42.48
13.38
-5.9688
7.4892
18.855
7.4735
11.649
13.498
12.467
13.799
12.75
20.152
-12.526
15.205
-5.4638
9.4932
6.5015
31.772
31.962
-6.4844
-15.644
-57.267
-68.333
10.572
22.563
16.183
-13.395
-38.755
-42.995
-35.895
-11.356
-22.888
-0.29897
16.448
16.842
44.258
70.653
42.696
20.577
-16.708
-20.013
31.217
-41.04
-19.975
-20.416
12.03
-22.64
-33.287
-33.486
12.387
56.925
41.973
34.24
11.315
-23.401
-17.923
-30.414
0.57582
3.7542
23.254
19.968
-19.008
-16.225
-8.1878
15.576
7.4427
-5.2653
-23.402
7.7795
14.019
56.178
33.924
-37.432
-5.7166
-23.029
-6.9867
-33.202
-38.037
