-43.452
2.3766
29.804
-9.8154
9.6952
-2.2064
13.839
15.287
-22.417
-25.899
-29.735
12.71
22.759
8.6733
-7.7237
3.5334
3.3171
17.065
36.189
-7.1033
18.072
-1.8572
-17.618
-13.19
9.3059
2.935
-8.3848
31.779
7.1554
19.158
-7.6638
1.9427
-42.223
-5.9325
-12.133
-23.573
-10.805
-1.2248
-13.752
16.442
4.8777
-0.60527
-9.3089
-8.616
-11.465
-2.6424
-15.977
0.48812
18.519
4.3122
4.1672
21.601
26.378
8.114
6.6282
-15.693
2.2201
-2.082
22.023
13.016
0.25825
-3.6906
-18.132
6.3612
19.272
-7.0515
-23.984
-6.9666
11.78
10.595
-24.058
7.1849
12.771
32.119
-4.5115
-13.501
0.020187
-23.434
15.557
-23.946
-31.973
-23.155
-10.779
-11.468
-19.558
3.55
15.012
-2.145
-10.161
-6.4309
16.263
33.482
21.534
17.645
7.0285
26.943
3.3944
26.847
-11.739
4.9388
7.6437
-0.42018
0.35265
1.2586
-0.24729
2.3134
-10.321
7.1538
-16.192
-29.963
-21.66
-36.242
3.4058
-26.493
-12.026
-17.795
-7.3421
26.557
9.6648
13.693
41.385
51.806
-6.7423
19.968
9.1289
-8.6512
-14.798
-23.196
-27.992
-12.954
18.643
-8.8587
6.0994
-17.713
-31.857
1.1357
-2.1861
28.242
0.29491
21.996
22.665
-4.4565
13.242
4.6899
1.1515
17.316
-16.127
-0.33789
-6.9544
6.5148
12.8
-8.3912
-11.934
-22.703
-4.0722
-16.539
-21.414
-8.0852
22.661
3.5276
4.1841
13.757
-16.46
-26.602
-3.5771
24.269
21.739
37.975
14.911
16.534
-29.147
-21.637
-3.6762
-15.513
4.6176
-0.85072
-1.8661
2.6182
4.8353
1.033
20.768
-8.4621
8.1742
-19.307
-31.347
2.7585
1.6434
-24.17
24.073
-26.182
19.219
-14.689
-16.728
10.484
14.613
44.664
50.045
20.591
-29.155
-18.953
-8.1714
4.3572
2.093
-18.286
-20.236
-2.5119
12.982
19.809
-15.326
-2.483
18.266
-7.3242
62.505
4.4548
-25.516
-19.184
-2.2381
-26.072
-27.104
-48.279
-35.004
-16.146
-15.31
18.509
5.5945
12.731
38.549
13.979
21.673
-7.2682
31.563
51.494
43.695
10.761
6.0316
-25.757
-27.089
-17.944
-2.3683
-36.836
-31.595
11.23
2.2194
41.668
-10.234
-0.52633
-33.545
NaN
NaN
NaN
NaN
NaN
NaN
-35.484
-12.38
0.61019
-16.522
5.818
3.5636
23.65
21.993
-18.699
-38.069
-2.3306
-10.794
12.363
19.609
-5.8881
5.3636
12.31
12.871
4.0469
35.408
2.1691
4.9396
-28.593
-9.9326
12.938
16.14
11.63
12.304
13.515
-16.437
-23.793
-25.722
-23.973
-13.802
12.192
31.086
5.5983
-12.958
-29.989
-28.941
44.404
16.702
-2.3813
-3.1466
20.619
10.825
-1.5671
-23.295
-6.7263
