-52.405
-29.016
7.7227
-13.151
26.148
-54.186
22.282
-7.3428
-9.4071
-8.8576
10.53
-2.7649
-3.4811
22.188
33.435
11.666
0.061935
-7.4948
14.013
21.025
24.018
12.174
-18.339
11.772
14.643
55.544
11.802
21.671
21.991
22.401
14.151
-8.5257
-41.129
17.143
-17.054
-4.1575
7.0711
-53.109
-55.185
-55.525
-15.106
-13.882
12.146
-19.641
-29.533
14.582
-11.721
21.453
7.6857
10.705
14.393
-33.515
-31.24
-5.6398
6.7765
4.3879
-18.509
-3.3099
-35.303
-23.794
48.634
58.68
30.83
23.745
12.349
-17.691
7.1485
42.953
33.412
1.1492
-11.525
25.391
0.84569
24.192
27.61
2.7587
12.777
-10.288
3.625
21.134
28.956
-21.179
-44.752
-26.174
-30.58
-27.943
8.1345
-21.574
-25.246
-24.774
-26.105
-13.05
-18.787
-21.49
-12.784
16.786
-3.9123
-36.813
-41.684
26.453
32.775
2.7081
-11.006
34.179
-1.3817
2.2674
7.0399
40.539
32.774
7.3278
-6.9581
45.256
52.545
-23.312
6.7164
2.4508
-10.543
-7.3361
17.638
7.4904
-10.817
-35.835
-14.459
29.33
-0.59141
10.39
4.0377
-10.235
-3.6371
16.59
64.012
39.883
-9.8921
-11.503
-31.888
-24.674
-10.947
-20.644
-49.454
-52.295
-16.279
-15.74
-10.238
4.1115
1.1968
-38.181
-4.7546
-16.725
-0.54364
21.624
-4.1232
8.1481
-6.7737
14.729
13.617
11.729
-16.029
13.821
-10.52
10.952
49.565
NaN
NaN
NaN
NaN
NaN
21.87
15.354
-47.297
-26.777
-15.999
-16.87
34.742
2.9061
-28.957
-17.636
-30.885
-8.5615
33.414
-8.4068
-8.0236
5.0482
25.104
-5.9383
42.473
-23.514
-20.669
-39.176
-33.295
-29.601
-18.307
-32.155
-13.022
0.77016
9.4391
15.013
-2.1956
-17.509
-11.432
-28.242
34.179
23.81
22.134
38.386
-6.0145
15.673
4.5404
16.014
22.086
16.641
1.2243
-24.966
-4.6355
-14.243
-11.51
-9.7255
26.381
32.91
37.832
46.944
41.799
-2.3989
-0.74025
-23.516
-15.384
-7.3653
8.4441
-12.59
-24.295
-45.95
-50.419
-8.5444
-3.3524
-33.216
0.53215
-13.669
19.26
-3.6904
-14.536
15.957
-15.397
-10.669
12.84
7.2662
-22.756
-1.3717
22.167
33.546
-0.90408
16.934
-16.559
22.122
-9.3257
5.0501
8.2348
-2.7114
-5.9773
46.46
7.6737
-6.1526
-8.4798
17.036
-53.86
-21.667
-17.794
-9.5108
8.8768
27.871
18.484
-3.8713
33.32
38.771
18.659
3.3454
9.7915
5.6684
-10.84
-9.7529
-19.06
-28.665
-12.948
-7.9952
23.39
-8.3113
2.3966
9.0658
4.9047
-2.0292
-12.01
-7.1673
-32.92
-38.823
22.988
35.881
