-51.028
10.654
16.153
9.9428
16.404
10.665
19.698
13.499
3.0896
-4.2789
-36.582
-51.225
-38.115
-19.322
11.183
15.006
-15.967
-37.692
-39.541
-19.559
-52.912
-56.82
-7.6713
27.759
28.389
37.59
48.812
15.51
15.054
4.9736
10.753
34.223
38.498
38.232
49.258
42.577
5.1272
-30.485
-15.575
11.146
6.8163
-23.314
-23.775
-38.833
-32.628
-35.004
-31.809
-13.043
-9.1088
-5.2086
-8.5678
-20.727
9.1937
9.0334
19.891
39.9
1.923
34.58
45.784
19.544
-2.8976
-0.24449
9.0643
7.0982
5.1523
-7.4457
2.4642
-2.7111
-25.179
-38.21
-4.9343
-4.6785
-40.35
-33.104
-54.046
-47.999
-36.818
-59.007
-27.744
16.33
70.466
88.649
84.965
59.565
10.778
1.2754
2.56
15.263
36.494
33.689
-2.3675
-8.9495
-30.863
-20.233
-22.611
-1.817
27.991
-17.187
2.1972
-26.318
-10.871
-11.01
-18.113
-17.731
-27.883
-0.41712
15.946
39.381
46.082
6.8482
-7.4824
-23.926
-20.019
-11.598
-26.54
-16.894
-3.4949
-9.3925
14.651
12.134
-0.10159
14.785
2.1024
1.0166
34.327
42.151
14.76
-26.565
-50.286
-57.007
-59.895
-42.224
-9.6567
3.1682
30.651
37.446
33.393
33.138
31.963
3.6331
-2.3122
18.593
15.763
31.925
31.118
24.765
9.0801
-7.3674
-15.804
-0.044292
-20.218
-20.763
-21.21
8.7367
14.566
11.983
-15.586
2.959
24.485
9.3388
25.926
NaN
NaN
NaN
NaN
NaN
-82.34
-103.8
-48.083
3.9538
45.519
32.249
46.306
50.995
31.6
12.411
19.003
-21.977
-24.878
8.6986
6.1477
39.21
31.915
32.449
44.252
17.25
16.765
18.079
18.679
-4.8
-22.289
-44.615
-10.798
-6.7953
7.2361
-10.884
-5.9266
-0.90461
-2.0789
6.9159
1.4811
21.434
18.88
21.519
9.4277
-20.066
-26.467
-41.596
-26.47
-18.311
-20.172
-60.483
-52.168
-16.966
-8.0112
6.6356
-11.453
-34.797
-2.0204
12.904
41.575
43.962
40.161
46.006
29.776
28.256
23.907
15.812
0.76364
-2.4128
-6.1296
-7.5643
7.7741
17.89
11.915
5.9506
-13.552
-29.063
-28.885
-26.24
8.3258
11.047
9.9669
-7.2805
-9.0405
-5.2409
6.8717
33.416
-3.0964
-24.6
-22.356
-1.7359
4.9611
39.988
-4.7298
16.983
-20.853
-35.193
-24.02
-15.108
-7.1917
-4.4565
-8.9608
-14.83
-23.428
-0.33919
10.737
-14.333
-21.89
14.448
44.917
39.143
24.665
24.698
36.868
28.803
-3.8223
-14.722
-22.157
-26.977
-23.287
-19.502
-46.918
-34.707
1.6348
27.672
28.023
26.137
37.69
29.624
24.414
-4.5189
-4.4327
11.382
