-17.862
24.65
0.037073
-10.101
-20.666
-12.52
7.8289
31.028
16.136
-11.073
-21.867
-27.474
-14.654
17.372
-7.7329
-7.0056
9.7107
21.986
13.407
13.777
-2.4569
-1.5281
-0.66769
10.053
28.37
16.656
-1.1168
-7.8004
-2.1895
-0.93952
-15.132
-10.101
8.3864
8.076
-23.168
-30.176
-5.9527
19.384
8.124
11.926
-6.8528
-5.6687
-8.724
0.21012
-2.5431
20.746
2.3098
0.81554
1.6055
-18.274
-3.9443
7.3258
7.5814
15.969
-6.9849
0.54044
-5.5077
-8.8948
6.7206
7.6852
13.806
-9.8968
4.7274
-3.6059
-10.228
-0.60425
-5.8862
-11.187
-15.675
-16.093
-11.345
10.876
16.926
-5.6278
12.827
9.3785
11.772
17.117
16.064
-16.452
5.1979
5.5038
7.7763
-5.6898
-16.908
-26.866
-14.753
6.6449
13.034
-9.709
-28.899
0.45779
9.0802
21.396
-5.2543
-10.612
12.198
22.833
24.322
-6.5998
-9.4138
7.0769
11.036
4.257
6.9291
-2.1714
11.146
18.289
0.62736
0.27593
-12.391
0.18613
-21.729
-18.518
-25.35
-13.941
8.361
-21.509
-21.164
-20.243
-6.0524
8.7869
-2.0594
8.1232
-11.242
3.2913
21.223
13.258
12.582
7.955
24.647
5.6595
-18.61
-7.1535
-6.096
5.1821
15.367
18.418
18.075
1.5927
-0.62327
3.0916
11.775
56.404
42.509
-9.9821
-19.517
-17.852
-18.218
-21.723
-22.831
-21.664
-24.786
-34.182
-24.726
-16.348
-16.249
9.01
19.285
8.8363
9.169
5.3536
14.591
6.3707
-2.9112
9.7131
-6.5675
-6.7751
3.7271
3.7498
-12.871
-0.2258
9.6637
8.8652
0.93648
14.561
7.6992
24.869
14.161
0.58191
-14.353
-7.7789
7.4083
-1.0645
8.0125
34.054
-2.3224
-4.8989
-8.7152
-14.789
-20.671
-7.562
-2.8228
-5.4313
3.7185
5.4707
3.8997
-3.385
-5.201
-16.687
-16.12
-24.778
-8.9398
17.349
14.638
2.7452
15.452
10.454
1.5987
-10.858
-14.245
0.48459
27.677
16.427
-17.874
-28.526
-15.383
-7.8325
-22.981
11.71
26.566
16.865
-15.455
-5.538
19.023
31
-4.6783
-11.869
15.276
24.25
32.935
20.148
20.064
-16.147
-24.072
5.0031
-11.457
-28.319
-31.766
-10.17
