11.019
14.674
9.9228
10.499
19.544
58.274
48.556
-5.6209
-5.1556
11.876
15.421
3.1532
-29.171
-18.56
17.955
3.9362
-27.267
-14.068
-0.77201
22.325
5.8978
7.3481
21.269
-31.445
-35.053
-11.446
-32.277
-31.035
-9.8907
-21.949
-25.479
-11.439
23.849
34.633
42.722
24.004
-4.5044
-25.383
-24.021
3.5868
-21.058
-4.9581
-4.6053
-9.1129
32.262
56.703
53.903
46.88
20.838
13.587
19.207
-12.289
0.81718
-26.122
-43.916
-42.166
-30.707
-19.6
6.925
11.491
-21.566
-6.5242
-6.3271
-3.4412
-13.801
-8.8637
-13.468
5.9187
20.662
29.992
-3.911
-17.566
9.1234
11.3
31.667
31.968
16.922
30.385
-9.474
-43.896
-53.864
-36.477
-5.5975
-10.776
19.415
31.639
34.485
8.7482
-1.5902
-14.826
18.513
18.834
13.928
-10.829
-4.7877
-21.014
-15.467
-32.667
5.7445
-11.537
12.039
2.1795
0.16374
11.055
18.39
16.685
-5.7233
-5.4641
5.8647
7.7764
-16.214
-14.659
-25.781
-45.148
-37.671
-3.1738
29.74
40.591
21.839
23.795
8.0172
7.7874
29.06
8.4469
16.603
28.933
-18.217
-37.295
-28.102
-28.281
7.1502
1.7176
-6.102
-13.976
7.7182
2.2906
20.43
-1.6413
4.7111
-2.9115
2.4267
11.386
1.6432
-19.05
-26.419
-15.051
-11.64
-14.256
-4.9541
-0.53414
7.2997
-26.64
-19.039
17.138
3.9225
15.98
20.062
48.065
46.341
42.029
17.816
-7.0523
26.52
15.849
-12.991
-39.206
-49.56
-19.788
14.352
-14.545
-10.986
4.3803
7.3103
19.67
14.14
-26.498
-28.617
-7.6844
-37.437
-29.841
-14.615
-1.0416
9.1369
-15.241
-30.887
-11.242
0.46094
0.36237
26.947
59.746
55.086
29.494
29.278
17.962
4.2916
3.3705
-25.58
-38.801
-30.88
-4.7777
12.32
48.59
37.081
4.9828
-11.144
0.42313
0.91032
8.2739
-19.345
1.2453
0.33699
-0.12653
-20.859
-49.488
-18.453
-27.764
-27.844
-11.047
10.843
2.418
-26.66
-22.602
-4.0467
-4.5907
-14.512
NaN
NaN
NaN
NaN
36.858
8.4114
-9.4696
0.50996
-14.647
7.3137
8.665
0.79017
-14.359
-0.44678
-23.062
12.917
22.399
29.845
11.655
4.1249
-10.116
-6.555
2.1104
2.117
-26.016
-39.482
-30.143
-7.7964
-6.3184
-52.757
-21.795
5.4041
25.507
29.04
-0.08823
-10.151
5.129
48.304
41.666
26.991
13.949
2.2915
7.3477
-22.397
-13.057
-30.403
-35.165
-43.788
-21.993
-18.094
-3.3767
-4.0191
24.011
13.522
24.931
36.675
32.748
10.251
7.41
-5.4985
-2.3385
3.0749
-11.435
14.714
-1.5218
15.509
-0.69613
-2.041
3.0016
-1.8954
8.1358
5.9564
-9.5211
-45.476
-25.889
-4.6284
19.301
20.205
17.609
14.774
-47.043
-54.623
-36.375
2.1834
-0.53199
0.27864
11.833
11.147
24.29
-19.242
-24.004
-18.665
