-15.539
-14.303
-10.945
0.9014
4.697
5.858
-18.182
-17.239
-15.903
5.4504
9.6404
-14.38
-8.4317
-5.7466
7.2204
12.692
3.2114
-13.833
-22.386
5.26
25.349
-8.9603
-42.056
-34.161
-22.034
-12.539
7.6761
23.935
27.027
39.671
46.245
24.669
-0.51288
-13.73
-6.5125
7.3187
-1.8903
-1.733
-3.3407
-39.533
-20.699
-7.0422
11.783
23.924
16.13
20.704
14.214
4.369
-7.5303
-7.862
-12.799
-11.481
-16.07
-13.579
-2.4979
-5.9574
-27.687
-17.786
-6.1349
7.672
-2.7524
-13.46
3.2871
5.1622
18.349
20.065
4.1228
6.92
5.4018
-0.10058
22.449
31.065
16.449
-2.505
-22.659
-6.5237
-5.196
-8.4808
6.2644
21.149
9.8617
-8.4122
-9.2869
25.523
24.861
-17.889
-28.12
-5.686
1.4896
-4.0838
-32.44
-37.315
-16.422
5.4727
20.735
9.7514
-18.897
-20.816
-8.7795
12.961
4.5514
-16.46
-16.406
-0.96282
2.231
1.0356
8.2487
34.776
29.031
44.425
46.677
42.036
19.527
-8.9213
-24.511
-34.57
-28.926
-15.178
-14.18
-3.8879
3.1225
18.022
22.553
-4.5008
-6.1254
-18.542
-11.429
-21.972
-28.323
-14.839
-11.692
-0.021373
-13.092
-3.9844
7.8744
21.87
11.009
4.8804
0.12311
12.726
-5.5602
-3.4715
1.0651
11.67
25.408
34.926
-6.9283
-0.73822
-13.675
13.136
17.734
5.0221
-29.324
2.4398
-31.38
10.953
-25.939
-8.984
-2.8541
18.001
13.163
15.673
13.099
7.7896
-3.7907
-6.146
-12.938
-22.582
-8.154
7.218
6.1656
11.345
19.091
31.603
0.57557
-24.218
-33.134
-27.852
-19.449
-32.705
-10.863
-21.952
8.0059
-0.28905
6.3448
21.594
30.78
20.301
16.247
11.002
31.505
31.791
6.9265
-6.1312
0.11071
-11.096
-49.523
-28.454
-1.2843
22.446
9.3234
16.473
13.556
18.493
16.943
12.486
-5.4543
-9.5151
-34.087
-23.644
-13.331
-9.5519
-50.168
-18.35
46.234
-3.6074
-33.597
-9.4018
4.9156
24.712
-18.011
-52.252
-4.0068
20.726
23.82
12.559
25.004
34.686
48.678
35.211
-18.448
-1.0451
2.8108
8.0015
6.9395
10.364
0.87924
0.58593
-29.867
-25.313
-10.603
-8.0788
-13.493
-9.7095
-19.203
2.5619
9.9015
NaN
NaN
NaN
NaN
NaN
NaN
21.094
21.4
-6.5331
3.1078
-11.797
-1.9911
-17.539
-10.885
-16.908
-10.972
-19.832
-7.2543
10.176
18.554
22.133
29.252
50.252
33.902
26.355
15.649
13.062
7.6704
17.199
-7.6139
-19.523
-47.841
-50.23
-33.365
-35.272
-27.775
-19.893
-0.44925
10.868
1.5067
0.088471
15.184
23.887
24.056
5.2368
1.9804
-6.8318
-14.082
-14.293
-21.286
-0.95202
17.233
38.723
68.439
27.655
