-32.512
16.892
21.8
13.45
-40.225
-57.156
-38.599
-43.263
-31.831
-32.427
-6.9801
31.015
54.254
45.588
33.253
-10.071
-7.8278
-0.81044
-21.732
-15.588
7.7704
-9.1558
-3.3352
-9.175
26.294
27.282
0.082367
9.2294
23.037
26.497
28.535
4.6772
-34.899
-57.452
-30.953
-33.5
-2.301
8.2472
10.074
23.422
5.6871
24.816
25.469
12.261
-14.282
-43.499
-13.843
11.826
-12.555
-32.824
-16.27
3.4839
28.199
15.615
4.1964
4.3582
4.9757
0.84335
-4.0776
7.2451
20.385
-6.6311
-6.6716
6.2446
13.711
5.9039
7.3396
-20.512
-22.59
4.9481
4.8414
10.357
16.127
-7.9148
-4.3731
-8.5142
-9.9025
-12.284
-22.817
-1.3473
41.529
18.357
-0.84785
-3.0548
-7.0666
-23.594
-28.504
-14.046
4.967
-6.1603
-9.2306
-10.531
-4.9754
1.6246
17.42
26.516
58.833
41.265
1.9905
3.8594
12.509
14.669
0.78742
-24.651
-7.3166
-19.652
-10.736
-41.897
-38.002
-8.0106
2.5266
6.3372
12.955
9.6833
10.368
2.0469
-19.293
-12.313
-19.503
1.45
9.6769
15.359
10.352
-12.851
-3.4441
9.0487
-4.8672
3.9998
7.8193
21.673
41.841
19.225
0.53498
16.99
14.775
6.7155
-15.367
-46.868
-52.531
-5.8795
-9.354
-19.496
-34.029
-4.2336
17.892
30.229
26.875
21.229
5.3014
-1.0874
11.948
21.001
20.798
-16.598
-14.896
12.652
-11.307
-25.019
-17.001
-9.927
-41.485
-39.897
-11.332
-4.3188
31.816
27.656
24.686
22.24
7.1438
15.444
-18.982
-16.142
-8.6525
9.6333
15.564
2.0114
20.268
35.073
27.897
12.036
24.238
-18.115
-43.902
-30.105
0.33308
-16.538
-0.80813
8.022
-21.183
-48.739
-23.332
-7.9682
-0.38429
15.229
27.155
20.229
-3.4861
-0.56653
40.488
36.475
-25.642
-33.516
-1.0911
-13.731
-3.7302
-1.5311
-6.6192
-11.754
-13.65
-7.4171
-3.4457
17.741
20.434
26.504
4.6642
19.475
30.934
21.387
-2.1752
-15.257
27.638
30.27
38.439
12.108
-52.336
NaN
NaN
NaN
NaN
-22.765
-15.616
0.50379
-0.16737
1.375
0.81189
-11.013
19.025
26.782
36.346
6.7728
16.412
1.0788
-2.874
-7.1373
12.668
-9.2524
-3.3663
-39.665
-10.67
24.176
48.805
15.504
-2.9601
14.193
33.998
38.189
15.52
-24.058
-13.493
-20.067
-15.605
-22.771
-19.557
-51.399
-34.397
-34.573
-14.084
4.5622
10.328
2.8831
-3.6167
31.127
36.569
42.814
39.03
24.104
-1.6214
-14.643
-30.111
-24.104
-22.409
-12.034
-3.4149
-1.8509
6.4709
12.568
28.773
43.073
33.143
-4.8203
4.1155
-4.8356
-15.262
-23.197
-29.847
-14.692
-16.388
-17.91
-20.745
0.77954
-0.22291
20.022
-5.2205
-32.597
1.4355
24.617
37.089
-12.788
-9.1983
0.17856
18.823
20.395
1.7336
31.89
35.52
24.641
-3.1847
