-4.3664
-7.3371
6.2089
5.1551
11.856
-6.7832
-15.599
-16.882
-5.2823
-0.8482
18.261
15.728
21.4
50.341
27.541
-5.2175
-10.384
-1.4559
-1.6881
17.359
7.3491
-3.9432
-14.009
1.4417
0.15009
-3.0185
0.66858
12.211
20.503
15.346
6.781
11.342
2.3346
25.492
7.8425
-23.742
-50.758
-53.572
-18.818
-8.2401
-4.6508
1.6671
4.1067
0.12263
3.6916
0.36034
-4.5764
-3.3506
18.176
19.887
-3.9043
-15.77
-0.32181
-5.1526
-10.606
-16.797
-23.901
-13.367
-12.89
-7.4005
9.3704
33.831
17.213
29.591
36.865
18.744
11.793
28.265
0.85755
-24.735
-29.163
-9.9994
-17.548
-28.137
-6.2418
16.201
48.64
33.897
20.863
-20.056
-19.735
-0.14442
1.4708
-18.018
-26.01
-12.532
14.543
5.2468
5.622
10.436
-0.20637
0.78248
0.22552
22.328
8.7589
24.344
2.6313
-0.74783
-32.185
-48.53
-22.989
-6.741
-20.014
-18.866
-35.395
-32.666
1.993
20.381
23.255
-13.123
-5.9907
14.493
29.438
11.47
-8.1034
6.0432
29.993
25.506
24.449
4.802
-16.479
-15.655
4.8847
28.982
30.899
14.1
-0.79471
-1.4637
1.303
7.85
23.045
23.021
-2.6923
7.6522
-19.237
-20.603
-16.561
-7.7566
-13.019
-26.078
-22.858
-29.087
-24.819
-5.4523
-3.1114
-4.4012
-12.679
-1.5102
18.625
17.264
-9.8658
-20.757
-32.047
-8.2191
13.065
14.179
-14.969
8.7559
4.0927
-8.4526
33.064
NaN
NaN
NaN
NaN
NaN
-29.971
-17.977
-3.3182
12.124
2.3308
11.513
7.8791
15.745
11.164
22.451
-0.44844
3.5085
7.4678
-0.46921
15.543
17.72
30.697
6.7574
11.794
-21.76
-19.107
-36.854
-51.002
-48.02
-17.13
-17.678
-8.737
-9.2076
-13.932
-21.324
-0.71069
5.3555
13.24
-11.566
-23.896
-3.0972
-6.7071
-1.525
-0.14147
1.6325
22.282
31.402
37.383
29.598
15.612
17.351
24.812
29.109
-5.1624
-7.7729
-0.40104
22.514
14.417
-19.587
3.9678
-0.58218
-1.4979
-24.726
-10.617
16.901
6.4653
-19.005
-7.7766
-16.344
-25.529
-11.737
-6.2201
29.142
16.854
-9.2313
-23.225
-14.153
-11.244
13.338
3.6443
16.638
9.0023
-14.119
-16.008
-23.06
9.3388
0.0057466
-13.292
2.9895
4.9769
6.4637
-30.205
-20.916
-36.784
-31.143
-15.086
24.694
42.06
48.49
63.86
33.005
-12.34
13.859
30.613
-17.136
-16.57
-1.2824
-1.0088
-13.861
11.579
23.533
2.22
-9.2918
-0.6042
-4.4992
-13.008
-5.7623
13.976
8.9655
-5.5667
-14.887
-12.767
-5.3295
-4.6833
4.4274
7.9315
24.501
-1.953
-22.204
-38.55
-40.796
-21.895
6.5066
