-25.506
44.849
-8.3472
0.35878
37.656
23.19
-26.758
32.216
8.2931
-10.287
17.862
5.6056
-10.54
-49.09
5.2901
-35.548
1.0874
-48.283
22.643
27.141
32.591
15.75
-45.915
16.84
-22.401
12.309
14.093
-3.3912
-23.97
2.8153
-3.7056
21.774
28.392
-5.2887
-4.0823
15.136
-21.879
-13.801
6.1566
-0.13931
34.693
26.231
-39.193
12.962
-9.1824
-23.627
-29.572
12.683
-10.583
-33.671
-30.024
21.795
-6.8424
24.043
32.301
12.657
24.567
-1.2922
3.7247
-22.499
38.293
-20.718
10.07
26.659
20.45
13.623
-79.355
14.79
8.2731
-12.538
22.459
-1.4499
-28.953
1.358
-26.54
8.3458
17.039
-16.728
-26.893
-29.83
-18.613
6.5094
-3.2721
21.062
14.01
30.099
-8.4618
13.989
-15.51
10.098
5.6469
-16.016
31.043
44.407
28.287
-5.9815
-15.553
-10.505
-25.105
-17.505
-16.572
12.638
-41.231
-10.357
10.528
52.432
-17.435
63.186
15.52
-14.152
-50.039
19.585
19.137
-42.962
-27.364
-10.157
-24.862
33.777
-13.412
-6.1313
12.527
34.99
22.905
-8.0903
-22.742
-28.623
0.52683
7.6745
-8.0932
-8.5256
13.938
9.6098
8.2333
-14.537
15.785
24.775
11.223
18.892
-31.693
4.2429
-8.0794
-4.6411
-4.7653
-13.945
16.966
-13.201
-5.9223
14.392
25.422
-12.031
-16.989
11.759
24.05
-10.696
-21.738
-18.406
-11.495
35.989
28.88
20.006
27.08
-10.697
0.38386
-2.4507
-74.117
-26.297
-12.299
-19.488
7.7959
-15.053
-45.076
-3.8706
-21.263
48.131
13.874
5.3677
3.316
28.933
32.315
16.372
-9.3646
42.52
38.241
28.99
-5.8799
-7.5086
2.5719
7.0002
-18.915
9.0891
-15.299
0.50655
-8.902
-46.33
-37.329
-17.733
-16.573
12.013
-21.692
1.8831
0.3373
-30.769
19.995
1.1658
11.644
7.7906
-10.522
-21.839
33.266
31.116
-25.446
-15.112
-0.65815
27.886
32.623
16.644
11.772
-7.7954
-15.78
6.9758
29.558
5.0711
32.484
-14.889
4.5354
-29.506
-23.422
25.53
-27.558
10.296
23.134
-1.9742
-8.4918
-41.795
-34.426
-20.819
-18.809
-0.3578
-17.595
0.60519
-11.747
18.597
18.076
35.381
55.335
13.531
26.129
22.524
-14.205
-38.159
-38.752
-24.519
-19.525
-4.6031
16.857
