-45.645
18.802
17.665
-12.061
10.004
36.898
30.055
32.392
20.572
23.311
4.4411
-7.9207
-19.219
-26.533
-1.6734
22.169
-5.9448
6.2804
7.5651
-16.145
-17.045
-12.061
-17.677
-13.078
-33.005
-23.414
-11.327
-16.291
-26.674
-11.31
14.78
-14.181
8.8619
1.8018
7.7224
46.344
34.203
31.013
-14.001
-7.8745
-6.106
5.771
-25.967
4.3595
-14.326
-7.1017
-43.953
-2.5661
27.349
37.801
11.617
31.145
61.529
25.543
20.235
22.056
25.912
-55.428
-34.018
-49.767
-64.057
-11.21
21.771
6.281
4.533
30.42
31.59
-4.451
-24.77
-48.848
-1.1339
-8.3592
10.578
-0.85447
-21.051
-14.647
3.2334
-14.104
-0.65956
3.2936
-15.217
-12.472
-3.4369
22.732
19.939
33.683
6.4491
-31.044
8.3503
36.111
22.435
38.404
13.311
-0.85225
-28.558
-8.5695
22.13
9.5415
2.4923
5.4527
0.93121
-52.343
-4.5975
17.744
-19.877
-28.524
14.37
21.824
12.351
3.0012
1.3474
20.443
-26.81
-29.693
-30.963
-30.699
-13.223
-30.64
-5.9655
2.5972
5.4352
17.156
28.289
8.7812
1.5092
-0.13276
33.338
4.5506
9.4736
8.0906
-17.961
-12.819
-10.983
31.689
15.683
-1.8474
14.283
3.5982
-11.212
6.5178
-20.833
NaN
NaN
NaN
NaN
13.885
-3.2286
6.2643
-3.9058
-9.782
10.957
29.961
34.335
7.8457
-40.233
-39.872
-43.005
-41.73
-11.251
-13.332
-25.713
-8.3555
-19.701
6.7334
-1.3566
4.6561
-3.8262
NaN
NaN
NaN
NaN
NaN
NaN
32.783
-20.598
-13.492
15.91
-6.2536
31.055
48.517
20.504
22.155
29.524
-10.66
-68.912
-46.595
-12.325
8.982
-4.8794
30.58
38.244
41.956
6.1006
-44.861
-53.603
-14.42
-27.444
-32.399
-23.733
-19.664
0.039199
-8.9766
7.5284
-3.6096
19.044
11.576
-0.14953
6.9086
2.949
-18.108
-2.4815
-2.5751
7.3901
12.141
-30.301
-17.649
6.285
19.882
60.043
44.865
37.527
38.448
9.894
37.77
28.765
-13.603
-63.852
-6.327
-15.724
-13.443
4.7178
-20.58
-13.293
-27.655
3.6845
19.792
28.309
-9.8632
-41.601
-60.523
-25.858
-18.918
-7.8248
-13.858
1.7259
-6.4368
-6.4208
8.8854
12.637
-9.3966
38.139
23.655
32.335
