-2.5768
11.865
15.322
7.9433
13.799
1.142
-7.0094
-1.4795
0.87351
-2.9641
-20.597
-24.285
-39.827
-30.134
-17.819
-33.674
-30.299
-16.595
-14.84
-12.307
12.59
25.741
9.3484
11.002
-4.0406
-17.579
0.20536
14.358
-10.109
2.9317
18.108
17.49
13.665
5.1362
8.3412
-9.1237
-11.774
19.182
11.06
12.77
16.518
10.105
16.286
6.1688
-7.7816
-10.099
-14.453
26.225
11.304
30.275
7.548
-8.6241
-29.264
-25.747
-35.676
-13.097
8.2758
-44.626
-22.545
21.466
26.602
30.995
5.8384
2.7571
5.0032
-15.344
-28.535
-43.301
-7.4313
10.425
4.8837
-0.15423
-6.1162
5.8883
5.0694
-14.384
1.1045
9.1782
32.544
32.514
24.261
11.784
NaN
NaN
NaN
NaN
-35.416
-10.193
-44.791
-13.102
9.6064
-1.3891
11.182
30.513
15.139
17.125
-34.275
-9.5055
21.697
2.6079
2.6536
-22.98
-3.8889
-2.5633
14.201
24.145
38.555
2.2979
-6.4432
-12.558
-25.783
-11.659
-4.0923
-2.3858
-8.6793
-14.857
-19.157
-4.2774
-6.3151
2.8811
-11.723
3.2853
-2.0093
17.846
31.044
12.254
-19.965
NaN
NaN
NaN
NaN
-3.4316
9.051
30.304
25.399
19.26
23.019
50.352
11.707
-15.517
-24.935
-11.682
-35.693
-6.0777
-14.173
-48.744
-13.999
2.7763
-10.285
-17.509
12.424
-1.4754
9.3681
5.4257
20.913
23.151
19.635
1.0173
20.069
30.807
6.4616
1.755
1.4815
-2.1204
-7.6111
7.2459
17.526
-9.0863
-50.132
-54.759
-36.947
-16.505
-0.14826
-14.956
-13.761
7.1789
12.004
35.062
1.4138
6.2821
16.694
4.5957
21.398
45.039
57.26
36.676
5.2279
1.0402
-48.369
-62.645
-19.147
-8.1214
-40.313
-37.121
-26.409
1.9225
26.755
5.997
0.9352
-1.3993
-1.5101
-1.6642
4.6957
38.517
10.256
24.401
7.6487
23.585
32.319
20.663
7.8258
-27.233
-11.168
-9.1184
-27.62
-3.3228
-16.769
14.292
15.481
8.962
18.95
14.915
-12.587
-9.0233
17.149
-23.794
-53.249
-10.42
-34.143
2.8768
-12.198
-10.54
-18.46
-18.932
-22.733
-14.41
1.4563
7.4722
29.241
5.9038
12.381
17.428
24.774
14.467
3.9041
8.2871
27.655
20.062
30.138
26.83
