-21.418
12.856
17.319
5.6579
26.854
20.427
-22.504
-16.337
-26.143
-42.383
-34.271
-22.257
7.7872
-4.2756
15.606
15.641
1.8845
18.425
32.294
25.05
3.9897
2.6059
-3.0155
-20.369
-18.92
-9.7853
17.343
9.0803
-1.6677
4.3999
0.43322
-1.2594
9.7203
-16.269
-21.341
-12.006
9.7969
-4.9475
9.5474
6.4126
3.2494
-15.801
-10.878
-1.7566
11.464
2.8129
14.711
10.947
-0.88046
-19.346
-13.454
4.9096
26.146
16.766
-3.3556
2.8869
4.3966
-16.928
-8.7138
2.5844
-2.3371
11.728
22.771
19.286
-7.2167
-20.156
-15.882
-10.096
3.6189
-4.7019
7.0561
17.242
2.3743
-26.88
-23.311
-15.695
-24.272
-22.699
1.7916
16.367
6.2423
2.569
17.149
37.996
13.396
-11.879
13.2
14.169
-6.522
12.412
1.5143
-16.339
-0.3707
-3.4701
-4.0888
3.9208
4.1197
0.83857
-14.664
-0.038955
7.4447
15.42
-3.4251
3.405
-3.9246
-2.5041
-6.1641
-18.936
-18.873
-4.6427
-0.29424
2.6501
19.371
-6.4889
6.0617
-1.6864
9.2739
0.59306
-0.062629
9.9263
4.3856
8.7117
-1.5324
-13.698
-0.79741
-6.3497
8.2114
1.9309
-14.556
-18.427
-21.033
-16.359
-0.22388
16.517
-10.198
10.225
6.2808
17.137
16.816
-6.1091
-11.703
1.4411
12.234
18.139
12.736
-6.0011
13.164
23.348
15.962
15.394
-4.8685
-15.709
-6.5906
-23.775
-18.396
1.6629
14.54
-20.247
-20.423
-5.519
10.103
-19.093
-10.772
6.0551
-1.1578
-2.9439
1.4701
NaN
NaN
NaN
NaN
-10.278
1.4491
-0.69276
-14.321
-16.539
1.5789
-3.5443
-4.5764
-9.3664
10.079
25.864
25.231
42.527
42.375
34.831
26.374
26.485
20.136
-14.915
-42.591
-33.016
-18.615
-6.5286
-15.034
-24.849
-20.296
-21.294
-24.872
-16.501
12.624
-8.6599
-7.9215
-1.1029
1.36
8.4736
3.4467
1.8376
0.1951
25.8
18.487
21.418
16.129
-0.77464
-3.2907
-16.492
-7.3637
3.8101
8.4963
-3.0479
3.2098
-1.0721
24.188
9.0905
-2.6062
-7.7238
-11.233
-21.22
-36.048
-9.2155
7.2472
-8.6677
9.1724
3.1669
2.8676
23.746
29.137
27.502
16.235
29.726
18.963
-14.996
-29.746
-18.358
-0.24849
0.40686
-28.365
-38.324
-24.016
1.3266
-11.186
-15.971
-22.79
-4.2102
13.724
26.003
13.244
-9.2642
-6.6971
16.103
15.126
5.5425
9.8073
20.42
16.119
-2.8491
4.5178
-0.016917
7.7112
15.353
7.7771
-21.087
-16.54
