-23.194
7.3538
30.097
58.941
13.789
-24.831
-31.931
-15.131
-15.209
-28.965
-20.335
-20.299
-11.545
-15.585
4.0992
-5.5144
3.6827
-3.0011
2.0222
8.2722
-19.232
-46.241
-16.423
-9.3325
1.3324
-0.52108
-3.5158
0.35853
33.813
27.138
6.6977
22.951
29.947
12.926
-0.72619
-2.2896
16.953
-2.5157
-6.4384
9.4406
32.907
18.187
1.7091
9.5363
-6.0542
-1.4203
12.089
7.7619
-20.701
-26.676
-16.96
-18.125
0.54316
-17.282
-2.6575
-10.617
1.2237
-4.4429
-32.429
-6.8972
8.4113
6.8945
-5.9166
-15.657
-6.9338
5.9538
15.459
4.8035
-9.738
-3.9487
2.7173
8.0997
5.7392
10.101
4.4081
8.5062
9.4983
-3.709
4.5428
-14.506
-9.9792
13.376
NaN
NaN
NaN
NaN
12.502
-7.1787
1.7523
20.081
10.769
-2.6854
-16.896
-36.852
-32.124
-16.724
-15.976
-21.591
-42.554
-9.5627
16.774
5.74
7.7944
3.3218
17.048
-0.059613
-23.615
8.6246
6.3777
-1.085
-9.2466
26.591
31.697
30.311
50.394
-3.1972
8.8353
11.761
-4.6456
-23.86
-16.713
-19.818
8.6244
-11.022
-12.22
-1.0195
-6.9219
NaN
NaN
NaN
NaN
-25.723
-6.1519
2.3774
19.117
4.8081
5.6071
8.1719
3.4559
35.803
33.595
5.2916
8.1495
-10.986
15.626
31.369
13.621
-13.74
-25.056
-39.171
-14.463
-24.685
-21.772
-10.442
5.5947
-3.6783
19.627
5.8052
16.447
12.89
31.325
11.046
7.0192
16.367
6.1168
-2.1962
-25.887
11.869
17.54
25.744
5.4328
-31.905
-23.743
-32.447
-10.993
16.349
-1.2421
-23.435
-25.088
-26.541
-5.0824
1.94
-2.0169
-0.73192
5.8812
-21.245
6.1748
2.4622
8.4655
31.229
1.4191
-13.65
-3.9289
29.111
-5.7291
3.3238
-0.4071
13.502
6.8977
10.689
28.856
20.845
13.795
8.1358
1.6821
6.2868
2.6271
-14.284
3.9161
-8.4822
5.5037
18.424
28.568
-1.2543
-24.239
-37.122
-30.895
-40.665
-21.331
-17.483
-10.198
-1.148
-5.4668
-2.5562
-5.6683
-5.3422
0.15909
-4.6671
4.0623
8.1434
19.134
12.622
-31.561
-15.638
-2.8939
16.62
7.6281
35.39
42.948
3.6268
0.30105
-12.488
9.6427
9.2979
19.748
13.749
5.1244
13.549
-12.803
3.4219
