10.451
11.472
1.7113
-10.806
-15.029
-13.881
-22.814
-10.52
-9.8384
3.9621
-7.0134
-2.9093
21.191
-2.3377
-10.02
-8.3005
-33.957
15.518
-3.6995
15.17
39.078
22.057
17.293
20.271
18.532
1.4224
0.12809
27.045
3.4688
-11.45
-13.936
-22.49
-26.692
6.6559
5.1594
-20.666
-3.6276
-14.528
0.14299
-39.857
5.0637
-11.49
5.2405
-1.2184
6.6781
4.3572
4.4897
6.7598
22.498
5.8377
-9.1247
-10.345
-21.27
-15.112
-5.9283
-4.6865
5.7888
29.226
39.938
14.674
16.498
6.6972
-8.3656
4.7896
-27.047
6.891
9.4399
4.0765
-1.464
-9.1401
1.1795
22.084
11.326
-23.389
-15.531
-15.322
0.37472
-14.75
-14.62
-18.448
-8.5047
12.741
-19.269
7.1435
17.216
7.1885
3.7739
21.891
8.3845
5.9337
-6.3366
-27.714
4.3275
-16.614
-6.0926
15.789
3.4598
4.0202
2.8774
-4.497
-12.639
32.686
14.279
7.2698
-36.659
20.354
3.3291
-12.337
-12.882
19.568
15.017
-10.044
-11.669
30.307
-4.4321
16.745
15.103
-6.7215
-29.299
-31.515
-9.7327
20.347
6.754
-26.623
-8.9909
-7.3887
14.382
0.7098
8.604
10.824
-0.80284
-5.6645
-0.37997
-23.361
-11.935
11.671
-20.909
3.9004
22.657
3.4085
3.9157
NaN
NaN
NaN
NaN
2.4503
-1.631
-8.1156
0.77528
30.934
5.6595
-2.08
-16.23
29.807
28.527
13.07
11.257
-14.645
-15.644
-6.1508
-15.213
-39.874
-6.5927
-32.754
5.7937
-13.687
5.7531
NaN
NaN
NaN
NaN
NaN
NaN
-9.0306
8.7468
9.4374
2.4397
-4.2315
10.108
-1.3136
-33.704
-16.171
-15.196
2.0742
29.536
19.896
18.811
-0.72401
30.031
2.3762
-28.805
-2.8337
6.7179
4.6612
16.803
-13.197
12.373
6.8423
-4.1757
-6.3258
-8.2863
-24.679
-0.50492
-13.921
4.1411
-6.7082
2.8393
10.665
2.3456
7.6283
-29.91
3.3887
-12.654
13.277
20.607
6.7039
-18.438
-1.0072
0.43926
-2.6141
-8.5711
-16.242
14.262
-29.042
-5.5394
1.3416
46.338
10.515
9.0325
8.1099
43.468
-29.735
-3.9635
3.9717
-23.509
-7.1409
-7.7164
7.3084
27.27
15.713
-20.953
5.1061
-3.6983
-16.94
15.982
-14.951
-8.6748
-14.459
-31.637
20.971
8.2129
20.478
15.262
