-23.995
10.323
10.269
-2.3502
-9.3951
-9.1941
4.2925
26.795
26.68
41.033
11.523
-3.6558
-3.0265
-10.716
1.9736
-3.9515
-2.7972
-13.521
3.2377
-1.5776
-3.4619
-10.576
-13.611
-12.624
3.7613
5.2266
-2.5044
-7.3803
14.392
6.3539
5.0632
7.5823
10.379
10.163
16.035
-1.2006
9.7527
2.363
-1.25
-22.503
-25.118
-12.018
-16.335
-15.584
1.4471
13.767
9.3094
3.7202
1.855
6.7816
-1.9856
-2.8787
8.423
3.9559
-19.412
-4.1594
-6.3625
3.0205
4.7197
12.631
10.567
1.5919
0.40779
-4.4572
-3.3691
10.453
8.3355
-9.9445
0.78631
7.9902
11.503
-0.25966
-8.3396
-26.732
6.0629
-5.3182
18.444
8.5941
6.4651
-11.674
-16.989
-12.656
-6.8046
-14.84
8.0107
6.0708
9.5896
5.208
11.213
17.735
16.356
16.456
-2.5948
-19.539
-33.024
-6.5009
-16.793
-1.6446
6.8527
-6.3959
-5.7974
-2.0525
5.2806
3.4899
-7.1608
-3.3869
2.9682
17.097
9.5402
8.5237
12.827
7.5687
-6.7942
4.8406
7.4034
-0.60106
4.0497
-11.771
-3.0635
3.8134
-12.691
2.1615
3.8442
7.9889
8.2267
1.839
-13.558
-8.5367
6.4795
-19.253
-18.528
-14.395
-17.86
-3.4087
2.7864
-5.2339
14.052
3.3764
9.9301
18.964
24.045
21.185
0.73883
7.1445
-2.0252
-15.739
-7.0411
-2.3588
2.6998
8.8321
12.595
-8.2316
-24.018
-12.982
1.327
-1.7596
-0.92417
-28.833
-21.088
-6.683
2.5501
13.381
20.956
14.128
14.748
10.424
1.5765
10.571
9.0103
17.156
13.136
9.8991
-2.7288
-18.924
-21.831
-5.466
-11.158
9.6951
-2.4024
0.39372
-21.277
-37.509
-6.1044
3.6431
-6.0649
17.58
19.998
17.846
-15.881
-23.491
-35.103
5.5542
8.0354
0.2146
5.1546
1.5332
10.847
21.773
6.0942
-5.6596
6.7713
13.66
7.4464
22.138
23.514
26.374
8.3604
-7.3167
-1.2633
-2.7445
5.0353
-4.8763
-8.9057
-20.162
-9.7903
-14.26
-23.028
-24.994
-26.1
-23.809
-23.993
-5.8327
-17.345
-5.1229
-2.7003
7.2483
9.6038
8.1124
17.042
36.775
26.289
23.119
14.543
12.219
14.101
26.264
10.996
-0.38136
-2.7334
2.3164
-1.3944
5.4805
11.139
0.29943
-26.849
-49.739
-47.216
-21.423
9.7145
0.84348
8.3324
12.674
8.4734
-12.366
-21.186
