0.18784
5.7766
-0.56244
8.7656
-5.7774
9.5625
14.151
14.005
7.9496
8.5102
2.4805
-15.43
-2.5761
-9.0209
1.9697
-20.644
-1.7976
-23.667
6.6864
23.647
0.41198
-5.8849
8.2532
17.349
17.572
-2.0501
-13.458
-10.032
6.9014
-1.6691
-13.309
0.9844
7.0779
2.6135
1.2894
-8.9739
12.813
0.64324
-19.461
-7.9457
-12.286
-1.8841
13.4
9.2119
5.1975
-5.5228
5.2087
13.086
-11.891
-22.379
-5.452
0.072369
2.7232
-3.0576
9.0162
7.1092
28.623
5.6254
-14.465
19.445
19.989
15.204
-13.319
-15.2
23.505
-3.1978
-16.729
-8.0415
-0.66501
-6.6307
-26.327
-22.412
-18.657
4.8311
17.266
13.388
15.967
-12.389
-13.714
-23.296
-5.5283
1.1571
NaN
NaN
NaN
NaN
15.714
6.2413
2.9047
9.5226
13.087
29.701
16.071
4.9097
-3.649
12.026
-7.4042
14.862
-8.9222
2.2133
-1.267
-4.0788
1.1176
4.0715
0.49436
-11.907
-25.043
2.1562
-5.0641
6.443
-25.915
-13.156
-5.9775
-20.356
8.6415
-6.5732
-6.1944
1.2191
3.915
-1.2383
9.5819
3.9081
11.982
-2.7621
6.0097
28.56
9.7162
NaN
NaN
NaN
NaN
-17.263
-9.3713
-7.4011
4.1557
-8.5549
-4.0092
-1.6635
-20.485
13.823
14.286
9.9269
10.215
0.19757
14.627
20.252
30.88
18.747
9.476
-8.7326
-6.4689
-16.277
1.3884
-12.775
-24.608
-20.726
3.113
-23.108
-30.234
-15.104
16.931
22.596
13.948
4.5861
-19.215
-11.959
-11.163
-3.9252
-13.588
16.225
9.1832
4.2741
12.531
-10.584
-4.4082
22.891
9.5848
3.2234
-10.212
0.33588
3.3166
11.322
7.3216
-1.8786
-4.0124
-29.916
11.479
7.5868
1.5157
24.605
15.554
-7.1651
4.0445
12
-1.375
-11.738
-8.6333
-2.8615
-3.2716
9.1038
20.007
-0.50045
5.594
2.5881
-20.748
-17.121
-8.871
-27.163
-9.2071
-22.889
-12.138
-18.31
1.73
6.7069
-0.95416
-1.7861
17.894
19.459
6.4517
7.4382
6.4442
10.132
-11.084
-5.7597
17.298
-1.5738
0.53515
10.792
21.33
26.179
29.776
19.636
-8.4308
-28.868
-24.69
-17.416
-6.605
7.4391
-8.0973
-21.649
-12.334
3.1702
16.806
1.3396
-3.6666
-13.239
-9.3493
5.1709
-5.0025
-7.6099
