9.1359
3.2062
-8.8542
-11.987
21.873
18.077
20.463
23.916
19.686
-1.0319
-13.901
-17.981
-18.61
-11.79
-27.59
-33.77
-26.958
-32.703
-23.824
1.8478
20.502
31.553
23.454
24.706
6.9864
-18.723
-2.0963
4.453
-21.646
-14.717
3.4422
-5.256
-13.805
-14.669
-4.2761
-12.394
-9.3782
16.943
-1.6704
-7.4271
3.4969
19.282
36.156
22.321
24.731
14.097
1.6223
25.169
6.6882
21.543
8.0447
8.259
-13.923
-14.508
-32.925
5.7411
27.208
-36.833
-34.75
15.787
21.277
21.862
-7.1536
-23.132
3.7662
-4.4409
-30.401
-46.03
-4.8767
2.239
-8.723
-15.369
-9.1732
1.7682
3.9175
-20.818
-3.3374
-7.202
6.2238
7.3611
10.441
-3.1535
NaN
NaN
NaN
NaN
-7.5218
9.3794
-23.043
-0.27833
18.57
16.416
19.295
25.933
18.353
23.638
-37.211
0.25488
25.816
21.709
15.503
-6.4486
-0.85178
-6.2054
-3.4765
-8.9551
11.974
-10.471
-13.926
-0.59337
-22.296
-17.573
-18.965
-33.867
-32.802
-16.14
-40.324
-24.917
-18.229
4.0585
0.96056
11.537
4.7884
22.124
19.123
12.713
-12.451
NaN
NaN
NaN
NaN
8.8657
4.8165
13.778
12.404
5.2345
6.4449
46.837
5.7095
6.7694
5.8061
5.5826
-15.465
18.034
-1.0378
-33.578
-2.0443
8.9326
-6.1992
-3.0833
29.951
-1.6397
-12.011
-15.533
-14.57
-19.895
-8.9707
-18.333
-9.6722
7.2169
-16.953
-13.974
-15.659
-10.709
-18.164
0.37818
1.8406
-20.753
-45.691
-14.939
-18.082
18.755
33.057
19.601
25.897
38.264
27.838
32.829
-3.382
3.8734
2.334
3.4341
10.887
27.565
35.571
29.782
22.163
20.983
-22.938
-48.146
-28.64
4.4953
-12.578
-7.3805
-18.119
-22.714
-4.7814
-19.257
-13.301
-15.199
-14.074
-15.211
-10.295
23.377
-5.6701
-0.055844
-12.693
-6.8208
14.016
1.0047
-3.111
-26.34
3.4321
16.891
14.825
20.34
20.506
47.964
29.937
18.626
25.69
18.864
-19.377
-18.765
5.6378
-35.882
-37.478
6.307
-25.665
4.6315
-7.3435
-3.6447
5.6772
-5.7782
-8.9291
-20.046
-8.0532
-6.2708
-1.4732
-24.373
-12.729
10.247
13.148
6.4274
-2.005
-1.2306
12.578
21.135
30.922
20.117
