-48.387
10.526
18.519
-11.113
17.906
41.432
35.941
45.829
30.882
17.671
-11.085
-24.512
-18.981
-29.428
-14.114
14.514
-4.7563
-0.71064
-0.23564
-22.475
-27.372
-16.921
-9.3785
2.7865
-22.616
-25.526
-11.675
-12.533
-22.518
-6.9587
14.939
-7.5204
10.933
-4.5964
6.6659
44.467
40.424
34.641
-13.718
-8.389
-6.1188
7.4646
-21.86
7.5357
-9.5391
-4.3207
-46.882
-7.9471
27.416
38.254
13.132
29.545
64.361
27.782
19.995
22.875
12.071
-67.461
-46.391
-54.475
-59.072
-5.6465
20.132
0.84205
2.1977
28.18
34.875
1.2213
-20.992
-53.337
-12.229
-9.4807
13.553
3.4885
-17.778
-10.151
11.945
-0.76033
9.0936
2.8458
-18.406
-13.858
-7.8649
18.529
24.769
38.817
14.409
-27.002
1.8348
34.454
27.141
32.91
16.77
5.6421
-31.363
-23.331
17.2
4.0451
-7.7232
-4.5377
-4.7621
-51.347
-2.1127
14.416
-21.074
-23.662
15.47
19.185
6.4037
10.781
18.088
25.407
-21.74
-19.417
-32.144
-31.977
-13.644
-32.988
-7.889
1.6887
0.24741
10.189
16.029
1.2138
-3.8347
1.5494
40.635
12.47
19.075
25.496
-11.946
-4.6562
-13.557
20.032
12.065
-1.027
22.076
12.485
-9.0782
5.7503
-17.253
NaN
NaN
NaN
NaN
-3.569
-20.57
-5.127
-11.881
-16.304
7.1545
24.403
34.25
6.9495
-37.77
-38.354
-44.847
-32.485
-4.4776
-8.8219
-14.596
1.1605
-12.35
12.191
6.6177
20.053
17.65
NaN
NaN
NaN
NaN
NaN
NaN
15.493
-26.585
-16.717
9.3563
-14.702
17.915
40.374
27.692
29.013
36.199
-4.6995
-56.73
-40.862
-14.913
6.6992
-7.4852
25.697
27.871
23.767
-1.6117
-37.487
-48.233
-20.146
-29.166
-28.44
-22.535
-17.026
-0.76272
-2.3448
13.185
5.0527
19.639
11.034
-3.4415
2.9935
4.7086
-15.565
3.7657
14.253
18.066
21.77
-16.946
-6.9467
5.7021
4.4026
47.494
36.493
24.462
22.48
-4.5143
10.292
23.261
-6.014
-38.314
10.59
-3.3968
-16.573
-10.175
-31.118
-13.499
-26.324
8.6404
17.169
14.258
-18.757
-43.841
-55.803
-23.579
-13.102
5.0124
-2.1446
6.9825
-5.6449
-6.1429
11.2
16.913
-8.7284
37.358
23.485
34.303
