-2.8748
6.0968
-0.211
-8.2937
1.1945
-15.313
-29.301
-28.058
-15.486
-3.0108
-13.982
36.582
48.23
22.884
13.645
-2.7794
-3.922
-17.175
-6.3155
-20.831
-19.105
15.304
17.852
20.16
1.3285
5.0372
-9.6906
0.5322
10.47
23.226
0.12084
-16.144
-17.217
-0.74967
-8.1914
-4.1482
-5.6966
-9.6166
-22.038
-16.036
-9.5367
14.64
9.9877
1.7563
6.3324
21.153
10.546
9.5856
6.1412
9.4145
-3.6713
3.1271
11.297
5.2442
-21.015
-18.557
-27.529
-25.708
-5.9477
12.775
28.79
14.44
-0.1343
0.026607
-5.7628
-4.9857
-3.1575
22.969
2.3844
6.5234
2.7686
-7.5556
-16.862
-8.2865
8.0456
12.63
9.0535
-0.68137
1.063
-6.3099
-15.454
-11.369
-6.4649
2.4964
18.134
1.5743
-7.5457
4.4966
1.9536
-6.371
-10.464
-5.7959
-3.5165
-4.0473
2.2309
10.973
6.3042
5.2106
16.301
3.8411
0.92892
3.5375
0.013776
-7.608
-8.5664
9.8228
-3.676
-13.344
-6.2204
0.31398
-13.175
5.1776
14.538
8.7854
20.221
-8.3849
-15.882
-10.19
4.0353
-6.7544
6.2224
0.028727
-19.564
-8.642
0.40631
12.115
7.9578
6.5486
11.628
7.3023
11.287
6.1175
-0.57212
-9.6959
-7.3497
11.959
-12.087
-8.7423
-7.5528
1.5188
-3.0053
-15.111
3.4179
12.07
16.628
-4.6878
-15.171
-3.4118
20.724
-4.8711
-11.201
3.1095
-8.3243
-24.542
-24.504
-23.134
-6.8791
-14.474
3.46
22.576
35.982
66.202
58.133
30.684
47.895
-13.104
-16.211
-11.338
-10.497
-17.296
-32.454
-30.966
-29.093
-42.385
-16.207
-13.988
-13.945
-1.8669
-3.8194
3.3947
-0.46004
-14.96
6.9873
33.541
48.5
29.036
2.1825
-5.9031
3.1543
8.0728
10.078
4.12
-11.026
5.3809
11.355
3.4254
-6.3808
-2.1475
10.36
10.722
-7.5408
-15.222
-11.14
-6.5659
-14.214
-23.756
-18.314
7.9387
16.83
-1.3797
3.9335
-4.8948
-3.4743
-1.3963
7.652
4.655
1.1573
-6.55
-9.3192
-8.3803
3.3457
3.7757
-1.5763
13.855
-3.4711
0.96994
9.3596
24.655
18.384
9.9464
3.3238
-1.0148
-5.5843
-17.977
-9.601
-12.131
-17.714
-12.302
3.7897
8.4071
10.054
-7.195
4.4714
-4.285
2.605
0.85695
-0.20844
11.085
2.8879
-1.7155
13.47
-13
15.452
-2.1482
4.9677
