-24.362
21.792
8.8287
-16.71
-17.128
-4.6701
13.764
-0.31065
3.8251
-0.2701
4.6805
11.722
9.3556
2.6437
4.9699
0.94939
3.0212
-5.2872
-2.5962
-24.335
-22.563
-22.337
-31.399
-32.825
-9.0931
1.8693
0.24609
7.4737
22.933
22.789
21.243
25.687
27.691
21.964
3.1684
0.27865
-14.312
-2.4075
2.4701
-5.4675
-12.958
-17.923
13.852
39.808
21.193
-21.423
-27.581
-19.636
0.41782
27.949
12.456
26.829
12.813
24.067
1.4083
-14.933
-15.24
-22.388
-12.701
-36.538
-37.954
-21.466
-18.794
-23.017
-15.746
-10.756
0.4567
-0.12906
3.6439
27.189
25.429
-3.5703
12.304
21.756
17.237
9.0692
15.576
23.745
12.941
5.138
-0.8256
-10.228
-17.609
2.9621
14.368
26.493
10.523
-12.658
4.7831
-1.0545
-23.359
-20.848
-11.196
-3.3231
22.922
16.879
14.978
-14.519
-6.2225
-13.13
-25.351
-9.1071
-3.4653
-4.1525
6.5986
5.4087
4.5926
-4.3789
-1.6551
-1.2382
2.1599
-12.213
1.2595
-18.566
-45.552
-27.582
-22.792
-2.6492
17.415
-1.045
18.775
20.335
7.5992
19.067
12.813
24.691
22.923
21.457
25.353
22.284
41.156
29.285
7.2859
-15.218
-24.15
2.9376
-0.027209
-29.724
-22.703
-5.8848
-26.971
-19.119
-8.0756
-11.481
-15.145
-7.5526
-4.7966
-15.571
-13.822
-1.6629
1.0101
9.238
1.931
2.6921
-2.686
-3.5794
8.1308
4.2502
0.67113
0.54663
2.0869
-22.162
-15.873
-0.12312
12.313
23.269
15.755
NaN
NaN
NaN
NaN
0.61379
18.53
8.9538
16.504
31.959
21.988
24.286
45.565
13.722
-51.357
-11.155
-1.3979
-19.969
-25.417
-21.362
-10.956
-2.4409
-17.278
-40.995
-24.204
-1.6487
-1.9763
-2.6772
2.9135
12.319
2.3057
9.8734
-15.789
-5.1478
15.323
-1.6317
0.18946
4.9674
-2.4469
6.7247
13.58
-10.802
-6.9457
3.238
7.6972
24.597
-1.314
-0.5747
0.87348
13.839
12.728
7.535
4.7017
13.319
9.4732
-8.0406
2.2749
6.8357
5.7548
12.535
1.8739
15.493
-9.7237
-11.203
3.8326
-7.7092
-19.131
-20.404
-21.239
-24.339
-27.121
-6.3251
-8.7949
-8.7815
9.3424
-24.199
-24.23
1.4017
15.326
8.5028
24.448
18.824
-1.8836
11.355
27.08
20.085
12.187
-9.862
0.15992
4.4116
8.6226
-17.558
-12.975
10.704
3.0351
4.2536
6.9164
8.2729
-1.1841
-22.548
-2.2355
10.239
13.48
-12.178
-6.1218
-2.5607
5.321
