-0.90899
14.303
-16.725
-37.28
-7.9064
1.8068
6.4872
12.412
14.156
27.985
27.797
7.6638
-21.182
-12.552
-9.6817
-30.102
-22.78
-19.385
-14.091
0.38472
23.033
42.599
21.062
21.659
16.644
-20.457
-14.594
2.1836
-32.904
-27.302
-11.675
-9.3606
-13.189
-5.4722
9.7405
-20.265
-17.851
13.211
7.923
-2.5313
-3.5723
1.3813
24.655
12.498
12.679
-4.7633
-3.1861
47.228
20.135
26.173
18.444
-2.552
-27.563
-11.075
-8.529
-1.2119
18.951
-50.52
-9.0539
24.079
35.744
40.994
12.249
5.0344
1.5283
-15.331
-42.939
-59.771
-15.048
14.171
-14.5
-33.72
-28.449
-3.372
7.1155
-37.662
-14.221
-4.8837
13.06
22.147
20.424
4.9114
NaN
NaN
NaN
NaN
-12.586
0.13361
-32.851
4.3043
43.911
14.781
32.677
41.222
26.752
30.595
-31.986
1.8969
28.162
-4.0847
-13.479
-18.076
-12.087
-12.233
-2.5388
19.07
35.738
5.4864
-12.92
-16.658
-62.302
-44.787
-30.605
-46.543
-29.207
-20.32
-33.916
5.8404
3.6139
3.5122
1.1207
8.1987
-3.522
23.268
33.445
24.958
-12.382
NaN
NaN
NaN
NaN
27.746
18.823
40.131
29.523
25.605
15.359
69.053
21.621
-20.905
-40.018
-18.884
-43.143
-10.251
-21.221
-57.369
-13.951
0.50395
-10.811
-33.069
1.0278
-11.932
27.153
18.178
18.366
-0.42743
-3.069
-28.404
-9.6656
10.336
-15.361
-3.4933
13.422
0.67947
-21.602
-5.5735
15.868
-7.1001
-42.927
-31.746
-35.307
-1.4131
23.558
14.262
9.4947
22.287
25.6
47.423
21.555
33.387
20.235
8.8843
15.131
41.589
55.437
30.948
12.233
5.2047
-61.459
-79.008
-23.459
12.453
-27.672
-30.009
-11.109
-20.151
4.3984
-17.747
-16.506
-13.21
-16.909
-21.083
-9.9442
21.999
-19.408
-4.2909
4.2464
11.164
6.6682
-7.0154
6.3313
-19.421
-0.91336
9.9344
-5.9295
24.659
16.405
50.208
33.492
34.116
33.114
41.503
0.10212
-11.575
31.248
-25.202
-39.057
10.617
-14.267
2.6376
-12.33
-2.0563
-15.843
-51.346
-36.037
-25.505
-18.839
-27.449
4.127
-12.46
-6.5
17.804
18.894
10.358
-0.67355
5.3144
18.8
24.48
32.65
17.071
