-20.759
2.984
2.3319
4.2385
18.061
12.464
-11.698
-15.25
-16.864
-23.573
-21.325
-12.029
-0.27344
-4.2759
4.0402
1.507
-1.5226
2.9344
13.398
20.244
25.512
30.977
23.741
-3.5069
-24.737
-19.844
0.57668
2.8942
4.631
6.5426
5.1804
1.7553
9.1272
2.9721
-5.2904
-11.474
-5.7915
-12.937
-9.3313
-8.2066
-8.1112
-17.566
-13.341
-11.838
-3.5579
10.092
18.941
12.38
-4.7565
-10.986
-1.706
1.8823
10.406
11.815
2.5409
12.099
10.138
-5.9172
7.4436
5.0566
-6.59
3.8553
10.623
3.4658
-4.8653
-3.657
-6.8136
1.208
11.552
-0.52588
4.6168
15.373
1.4061
-13.162
-7.4597
-9.5091
-16.969
-14.693
-7.5198
0.48677
-3.367
-7.9624
2.2839
14.299
-2.6495
-11.733
-0.57725
7.3902
-4.9725
-2.0372
1.5652
-4.6882
5.8873
12.889
8.8067
3.5534
7.3743
5.0769
0.28057
2.2386
-0.5043
5.3346
-1.9691
1.5558
-4.7904
-3.1415
-1.0296
-9.1386
-12.375
-7.9334
3.4214
5.7381
9.9874
2.5625
10.95
15.014
18.044
5.9164
-1.3306
-0.6578
-1.2539
2.5562
-8.7831
-19.268
-13.188
-13.499
-3.0004
-1.5355
-6.6299
-16.764
-16.309
-13.533
-0.35686
5.7205
-2.0028
11.318
3.9833
10.456
14.623
2.7466
-5.9416
0.26739
0.68266
3.5409
8.2385
1.0989
13.077
13.144
13.251
16.846
4.818
-3.5993
0.37311
-10.506
-4.6401
5.1729
12.672
-19.311
-20.032
-11.03
1.5805
-10.741
4.4995
14.82
6.0446
3.8343
3.5147
NaN
NaN
NaN
NaN
-14.931
-9.998
-8.8562
-19.107
-17.174
-0.71124
-7.6804
-12.011
-10.411
1.8335
16.312
8.1859
27.238
25.053
15.334
18.028
9.8895
9.5853
6.0684
1.726
-1.6795
0.93794
10.654
9.852
5.3118
4.0607
0.051259
-15.914
-9.1774
-1.3715
-18.112
-20.857
-12.929
-11.233
-7.2159
-11.074
-4.3678
-6.4269
4.7915
1.8657
5.6797
2.7215
-2.6608
2.4948
-3.2038
8.8333
11.898
9.2627
-8.2903
-8.5278
-10.232
14.001
10.937
1.3728
3.5083
1.7899
-3.9376
-14.789
-2.8345
4.0029
-4.9035
13.929
5.1077
5.5753
20.785
17.05
8.8517
4.7031
9.5316
5.0268
-3.8501
-7.802
-8.6512
1.6742
-4.792
-24.416
-28.832
-23.604
-7.4421
-20.403
-17.201
-12.634
-5.443
8.0673
22.85
20.258
5.3226
8.2119
21.288
18.254
10.326
11.969
7.6819
-5.1998
-20.389
-3.8907
-4.7153
1.9538
14.103
14.958
-7.3509
-4.5634
