-14.986
3.3195
-13.228
-7.1615
-10.842
-3.1244
6.5134
10.242
1.4032
16.561
12.94
8.6052
26.026
21.56
12.782
-7.1087
2.9004
-11.046
13.25
11.577
-3.8838
-1.1013
1.1007
8.3231
10.574
-14.763
-16.651
-8.1724
1.5917
-10.003
-16.633
-8.6245
-3.0684
-1.3851
-4.5211
-8.048
-1.238
3.7192
-12.482
-4.0195
-3.8496
-0.88123
11.429
17.808
16.247
4.3872
6.259
8.345
-10.601
-15.344
-1.3263
-1.8307
-7.9043
-4.0641
1.7915
-1.4352
25.511
-0.32695
-10.833
1.1835
18.367
12.615
-19.498
-13.678
21.057
9.9833
17.434
21.856
15.462
-4.3538
-24.864
-26.599
-19.488
-4.9147
2.6592
0.81529
-5.5621
-14.477
-18.103
-13.756
-7.7747
6.308
NaN
NaN
NaN
NaN
13.145
6.2152
-0.46904
16.17
24.122
15.488
5.0614
-1.0462
-0.13976
21.955
-13.66
0.95189
-2.9824
-1.5777
3.2813
14.078
10.995
8.338
-1.2843
-14.736
-10.487
-2.5216
-3.1693
5.6626
-26.321
-15.026
-9.0003
-15.613
-0.60778
-10.768
-15.452
-9.068
-6.9255
-1.7157
4.0581
9.4453
12.401
1.383
2.436
25.296
8.8371
NaN
NaN
NaN
NaN
-3.9394
-3.2781
-2.1831
11.349
10.918
-1.73
7.9421
-1.4656
13.496
18.362
9.7566
-8.836
-13.477
3.8452
11.098
12.099
4.5586
-2.4096
-14.983
-6.4065
-15.625
-0.7468
-10.995
-16.806
-10.428
3.5063
-13.235
-19.649
-13.017
7.5508
7.5431
7.1242
-1.5551
-16.115
-8.1389
-2.17
7.8111
-10.48
9.9474
2.4345
-4.6319
12.551
2.0129
-0.02986
28.712
13.796
7.3512
-4.0985
10.265
6.8535
13.802
1.9346
5.083
-3.3486
-14.501
9.1894
8.3903
-2.2945
10.248
0.89305
-9.4565
-3.9743
7.7734
0.15402
-16.831
-1.1222
-10.515
-3.8723
5.1541
7.2361
-6.5006
-1.6591
-0.27426
-23.655
-23.824
-8.8916
-22.016
-9.2861
-14.593
2.2332
-6.4032
3.8713
3.3901
3.1957
6.835
12.045
18.347
10.828
11.525
-3.0577
8.6008
-0.56402
-7.2652
21.939
7.0382
10.023
19.745
21.086
24.993
25.599
12.075
-6.1461
-27.229
-19.509
-9.6546
-7.6916
-3.4133
-13.317
-23.181
-21.603
-6.618
6.6046
-2.7581
-3.2811
-12.44
-8.9071
0.39894
0.26339
4.672
