-21.294
3.2003
-5.6996
-25.724
-61.904
-47.507
21.755
-8.9223
36.07
0.19495
-23.596
7.9818
47.467
14.114
77.368
88.008
52.838
-8.1275
6.9823
0.86394
-21.836
-1.3478
8.1087
22.987
9.8389
-8.2657
-24.391
-27.244
-37.21
-49.537
-17.067
-52.358
-21.608
-10.649
-18.754
11.166
0.97321
-23.415
-39.855
-14.486
-16.267
-4.1841
-29.076
-3.2252
-11.195
-8.2819
25.297
19.482
16.834
42.337
36.478
64.805
45.029
42.526
16.904
-31.023
-10.601
-26.12
-12.828
-18.96
22.87
17.917
44.36
23.534
-20.22
18.577
0.48068
3.2077
0.82985
42.532
18.77
36.701
-9.0606
-39.761
-41.08
-33.725
-16.726
3.3583
-46.857
-69.774
-38.1
-69.287
13.874
31.831
-28.8
-4.0809
31.152
-7.4812
20.128
25.375
-39.654
-38.112
1.0278
-7.015
17.174
-8.2177
22.817
7.6997
38.669
8.2211
8.9425
-1.6482
34.728
42.455
23.487
69.023
-18.452
24.37
-19.142
8.4199
-18.206
-15.514
65.171
30.772
-2.8129
-2.6724
-4.5163
-11.842
8.8111
-7.7483
17.584
2.369
-48.095
-49.349
-4.6276
-36.127
-57.278
-60.693
-35.51
-23.846
-24.459
-5.6417
-37.108
2.7382
34.564
41.438
-3.2638
17.559
4.276
-0.61841
23.865
59.41
-3.4291
31.325
-20.393
-25.486
3.6797
7.3114
18.143
14.057
3.668
10.787
6.8416
36.445
47.563
42.931
16.387
27.328
-15.241
8.8763
-11.127
21.279
-20.305
-16.43
-36.856
-15.387
-40.218
-11.428
-78.389
-24.068
-0.81542
-18.776
-14.658
-36.292
-1.6789
38.901
0.1043
0.79876
-0.056328
42.51
22.402
38.186
-22.598
-17.081
-9.6117
14.313
33.767
-59.537
18.9
-4.9151
-8.5569
12.773
15.167
-11.652
3.419
-38.558
25.425
34.047
4.5554
-29.701
17.979
-9.2966
26.584
-27.436
1.6285
51.624
-9.8372
35.095
6.0133
5.2655
-10.79
5.7546
17.658
29.528
-3.3028
-2.0755
-24.499
-27.288
-22.176
-8.0037
-35.153
18.155
-0.9072
-12.638
-14.626
1.1367
24.322
-4.3352
9.7913
-14.239
-28.957
-0.3005
19.868
-7.9184
4.6239
-46.418
-31.304
-18.154
-0.007912
-13.04
44.195
-11.988
11.248
22.578
-0.49122
-2.116
1.7126
-9.0085
38.813
38.208
-0.52768
12.563
-35.255
0.35383
-3.4013
3.2137
1.0838
12.694
33.166
50.736
46.543
56.747
59.336
0.35958
-10.008
-53.714
6.8614
-44.926
-44.296
-0.074177
-36.392
-67.326
-51.067
-15.637
-26.382
-30.375
-53.61
6.0921
1.165
28.513
14.549
28.197
19.994
37.031
30.499
28.65
-23.669
-1.6747
10.783
24.072
