-23.311
-12.25
-3.6282
-3.3538
3.4346
31.376
23.919
1.9039
-21.313
-28.995
-22.068
-8.6574
10.618
7.6884
10.484
5.4297
26.541
23.178
19.667
3.6866
-14.619
-23.523
-21.919
-0.64759
24.994
10.563
0.52897
1.1862
-2.8826
-18.283
-15.459
-5.8
9.5581
16.349
22.746
9.5108
4.9488
-4.7815
-4.8135
6.3055
-20.709
-23.169
6.4082
3.9944
-14.208
-12.385
-3.2557
-8.3219
-11.775
-9.7011
4.9852
12.773
10.287
8.5463
-0.7276
9.531
7.7573
-5.1077
-20.342
9.2079
16.07
13.567
21.817
-3.0267
-9.1525
-21.045
-15.133
0.067686
9.5157
8.2211
0.97116
-5.188
-22.051
-7.1283
22.651
32.168
24.473
3.6671
-25.463
-26.434
-6.7599
-7.6068
-5.1195
14.918
11.378
22.437
11.9
22.632
4.1417
-15.162
-20.198
-13.301
2.2895
-21.4
-20.117
-31.63
-19.77
-0.63532
1.2293
-2.2025
-1.6717
17.137
19.975
-1.1971
-14.049
-24.611
12.406
9.47
-18.838
8.16
38.936
30.531
11.394
-10.258
23.967
43.813
31.715
26.774
5.1819
-10.622
4.8029
1.788
-7.7982
7.5201
0.049448
-28.206
-52.05
-60.531
-45.805
-31.566
-29.36
-42.747
-30.475
0.43923
7.7573
17.513
13.443
31.8
46.498
37.486
33.188
21.853
14.906
0.41394
6.4933
17.727
-13.637
-8.907
5.0562
22.149
11.515
-4.6239
-7.986
-8.5392
5.9201
1.9847
-10.72
-16.029
-4.7662
-38.467
-36.159
-7.2494
2.2103
-7.3413
13.678
4.7564
-14.866
-4.205
18.08
2.1723
13.433
2.9043
12.887
23.131
-9.4432
17.291
7.24
-3.0685
-7.3464
-9.4231
-16.273
-8.5063
-5.3037
14.332
-5.2251
-6.1739
8.2769
-2.2329
2.2897
4.735
2.1834
7.0384
-23.171
5.3201
1.9287
-10.801
-11.043
0.72168
12.197
4.6083
-3.4902
19.957
5.5176
14.002
-0.81551
-0.56888
-10.598
-24.963
-7.9568
7.8897
11.074
18.779
30.442
17.873
-0.87381
-11.513
-18.968
-19.439
14.265
-1.3628
3.7632
-17.719
-34.293
-22.461
-16.233
-21.632
-13.187
15.003
9.1644
8.7359
10.375
12.323
25.942
11.366
-3.0873
4.8546
20.635
2.3542
3.4328
-5.2957
-3.0524
7.5428
-7.592
15.451
16.051
-22.342
-1.3532
-0.96768
-9.6585
-6.256
-5.0433
-0.72756
-4.0199
9.2679
-1.1013
-11.889
0.070164
-3.8019
12.01
-0.56233
-5.6744
-13.266
11.484
-23.35
-12.577
13.78
10.97
5.9733
-17.637
-8.3546
-8.6304
-6.0604
11.729
21.095
20.175
28.082
7.2415
-8.3499
-15.04
7.7854
17.905
11.81
1.4399
-6.3254
-19.687
-30.193
-12.339
-6.4236
-6.491
-11.198
-15.497
-2.2948
-1.1296
7.1248
26.51
7.1788
10.476
2.8606
8.3163
22.038
16.561
1.6185
-10.159
-28.373
-15.239
0.35028
27.833
11.706
-3.8438
-1.5793
-0.97669
9.6273
2.1071
-15.972
-20.011
