-13.225
6.7281
-5.0127
-14.248
-12.883
-0.75213
-15.171
-39.788
-59.619
-26.413
-39.848
-33.539
-14.766
-11.063
12.163
29.248
32.954
15.985
38.814
27.832
22.709
14.623
4.7833
22.013
20.835
-3.208
-17.322
9.5566
17.231
3.4355
-26.049
4.4876
3.2779
2.0669
-9.5228
25.424
-15.792
-20.542
-12.197
-8.8088
-24.247
-13.891
-5.4948
0.27486
-1.1832
-20.71
-18.042
-6.7439
-19.391
0.25638
14.769
8.677
14.554
30.391
17.527
6.3399
-3.9501
-13.876
-3.98
4.4539
-1.8223
0.60183
16.608
8.7376
7.7445
20.353
7.7647
-1.3643
9.6508
5.9888
1.5616
-6.1175
-4.1081
-8.8824
-18.055
3.5251
-3.2547
3.1773
-12.214
-11.862
4.0199
-6.7252
-21.058
-5.1215
-18.589
-14.8
-2.6734
4.1009
-4.4399
-18.668
2.5682
10.984
34.768
26.91
7.5171
8.6312
8.9283
18.157
-18.275
-25.556
-19.809
28.806
6.7013
8.0483
18.638
7.2339
8.9452
9.0264
5.128
-12.915
-4.2844
16.456
-25.22
-56.537
-28.412
14.456
-1.072
6.3182
3.064
3.9764
-24.854
-9.1292
-5.0882
-9.0203
4.7965
25.298
14.992
-4.6726
9.2493
-0.91329
16.333
24.982
17.534
16.146
-1.2563
-9.8117
-3.4301
-2.6178
0.43464
6.3081
4.4162
-16.664
-18.571
-24.881
-25.736
-18.731
-1.3981
8.0966
4.224
6.8058
8.4249
-8.4871
6.5426
-1.9478
11.034
-16.959
-4.7338
28.884
10.229
-5.4077
18.729
27.583
16.45
-2.9767
-0.26641
-19.066
-20.211
0.92229
15.344
-8.5268
-12.337
-17.518
-4.1052
-5.9783
19.249
-3.2154
-0.03287
-2.1818
6.0318
-0.069233
-4.9742
14.367
-14.207
9.014
1.3291
14.282
-10.974
-3.6045
-25.797
-10.003
-19.484
-4.9065
-14.87
-5.9993
1.945
6.4997
4.2531
42.883
48.101
8.7536
17.353
23.381
-7.1693
20.981
2.876
-41.453
-24.059
-17.481
-7.7964
-18.897
-3.6037
9.7327
0.1765
-21.577
6.923
-2.2617
-10.537
8.6203
21.121
-0.48696
1.4719
23.037
-5.8741
-10.093
22.096
15.818
-15.38
-9.4395
-22.912
-9.7687
2.7157
16.029
-6.1103
-21.798
-9.4983
-0.65271
12.286
2.7597
-17.118
-11.062
-22.08
5.6885
31.281
25.848
10.873
17.108
-7.5898
-6.3842
6.0047
6.8884
18.575
31.421
19.544
-7.717
25.943
