-15.288
19.125
14.652
-5.5003
-11.324
17.439
-11.071
-13.014
-14.647
-8.5217
8.843
22.503
7.9219
-12.256
5.3357
14.212
20.844
-0.80019
-3.8701
-8.2864
-32.315
-25.366
-30.359
-42.624
-13.844
14.983
28.464
21.531
-0.99761
-19.72
-8.1908
-1.2602
24.974
15.549
13.146
4.7039
-27.164
2.613
19.98
33.32
0.017321
-4.583
14.127
-8.4139
16.596
12.58
-9.6107
3.94
8.7165
3.6822
16.408
20.313
2.0007
17.235
7.6038
-22.697
-73.196
-48.288
-39.814
7.1541
-24.936
-27.779
-4.218
-3.7028
9.5153
24.457
5.2857
9.6317
22.481
-8.9025
-6.4965
4.9168
18.888
18.545
34.858
-8.0478
0.58009
25.074
7.5013
32.385
25.369
-9.3208
-16.009
20.504
-0.10658
-8.7171
-17.048
-9.2478
-2.5387
-54.495
-25.634
-16.887
-28.023
-14.432
-20.543
-6.2747
9.5767
17.783
10.81
6.5609
21.147
33.796
49.057
30.258
-1.8841
5.5743
8.6904
-4.6944
-29.635
-65.61
-32.254
-1.315
-0.91972
4.2322
26.736
12.058
25.999
11.917
-21.7
-13.122
0.16827
-4.0402
20.443
6.1872
-4.6883
5.0765
7.1785
2.5642
-10.554
-9.9121
-13.008
-15.829
-13.011
-8.0583
17.12
7.6438
-18.775
17.603
17.613
16.853
-8.4159
-11.07
-6.1694
-8.7975
7.5305
10.312
-2.7001
-2.0509
5.8864
29.687
4.8958
-8.2201
-3.8019
8.2464
21.497
5.7079
5.899
16.045
2.4423
-68.87
-52.156
-37.025
-12.629
-34.359
-1.1355
18.776
58.709
51.472
-11.033
-23.25
41.981
22.69
6.3069
-6.3564
0.96517
22.772
-14.199
-38.622
-8.1099
-1.1396
-15.169
-23.442
5.0402
29.568
0.072269
5.0783
11.985
12.083
-14.631
2.7074
-3.7957
20.154
-17.961
-3.419
1.8676
-8.4757
-19.737
-0.14124
-0.19113
12.295
4.8288
26.279
2.6657
11.383
14.389
1.604
-31.393
-39.661
-4.2662
-8.9981
2.2784
13.597
-9.7013
11.808
23.365
10.965
-7.3374
-41.214
-27.691
-19.216
30.507
-13.173
-1.555
20.899
59.613
25.348
9.327
-18.182
3.5271
-32.261
-19.653
-11.149
1.5731
6.3254
18.792
6.4495
31.003
15.777
9.5141
-20.12
9.45
-17.559
-29.768
2.9733
0.45994
-33.516
-13.343
14.164
-4.1185
1.2079
8.7799
-6.2073
-18.232
26.389
15.322
-7.7111
0.45034
13.694
38.855
3.0567
-28.161
-61.911
-29.087
-21.436
-0.66232
-13.987
-3.5581
15.488
37.53
46.555
-2.8159
14.357
42.008
32.044
10.485
0.82766
-28.823
4.7556
-1.0402
8.5493
-8.8585
-20.019
-7.8458
6.1086
13.105
2.6225
-16.459
-43.443
-24.303
-11.282
-13.294
-10.932
-21.349
-7.463
40.858
12.602
11.808
4.7682
-5.3675
4.7503
15.26
4.7257
0.19204
-50.465
-30.164
7.9128
45.62
26.731
11.839
16.397
3.4527
11.956
-7.115
-11.206
-6.2172
