-6.2302
-12.694
19.484
18.373
15.897
1.9217
-7.7604
-10.321
2.1244
3.6521
-22.729
-0.65016
-18.233
-5.1083
7.2883
-11.247
-17.677
-16.493
-24.754
-18.02
-15.825
6.3629
16.91
34.928
35.652
26.24
-1.3363
3.7278
11.172
4.1888
17.382
-6.1051
-3.194
4.947
-7.1495
1.0804
-3.4098
-8.5168
-19.708
1.9009
1.5187
-1.4784
-6.0146
13.494
4.334
23.129
17.36
16.705
8.6817
-10.884
-6.883
10.554
-23.077
-12.428
1.5615
3.8419
5.0311
17.537
0.6591
-12.976
-22.64
-16.767
-27.493
-19.019
-37.016
0.038206
3.0895
4.6607
16.85
-20.296
-39.608
-19.137
-14.92
16.916
26.894
15.535
22.991
35.389
28.315
17.351
-0.48126
12.739
9.3906
1.4003
-15.547
-1.6343
10.208
7.1944
6.9763
17.095
10.143
-3.3065
10.567
25.488
15.603
-12.874
-4.5692
-2.4712
-4.3459
-5.3078
-23.757
-36.638
-33.34
-56.431
-17.33
9.0103
1.6463
-7.0402
20.073
3.5639
8.1307
-9.0534
-36.167
-19.469
10.177
7.4024
10.848
-11.345
1.8993
0.3683
19.41
19.84
24.297
9.8134
0.99768
1.0366
15.744
-1.7768
7.3513
19.267
24.626
34.102
6.6019
2.5521
6.0899
-13.986
-32.519
-39.497
-12.842
17.671
-11.421
-2.3457
-10.993
22.599
-3.6361
0.24065
4.9144
11.526
12.206
-9.2574
-20.125
-3.5534
9.3967
4.6967
-23.249
-33.129
-9.9787
15.215
-15.748
-34.474
-31.132
10.103
20.28
7.8277
-4.4222
-4.0776
13.557
10.387
11.544
14.96
10.865
13.76
2.8611
-8.8797
4.8462
3.1414
6.0264
26.614
17.284
-2.5079
-9.9505
-11.649
0.24838
6.1585
7.8597
-7.2081
-7.2153
-25.584
-7.3482
-3.3109
-19.415
0.88098
34.803
17.383
10.485
21.962
18.277
-1.3635
-19.365
-6.4861
-8.6937
-1.5782
0.011104
2.0227
-13.705
-14.944
-36.03
-15.903
-19.174
-19.164
-14.28
-4.053
-4.1951
-12.707
0.40794
34.052
12.023
4.4344
-2.4526
4.8101
38.326
33.282
18.628
-6.741
8.9612
2.3593
0.31028
-10.023
-3.4983
12.022
-19.107
-8.7469
11.637
4.5248
-7.8721
0.49782
14.956
10.589
25.646
-6.4881
-24.492
-13.495
-0.4773
-1.1517
-11.242
4.0945
29.085
26.218
11.648
18.378
-11.784
-26.349
-23.552
-9.8947
-10.11
-39.11
-34.09
-9.1095
-21.741
-18.018
-18.211
-22.371
-21.65
12.766
19.498
24.899
16.755
15.527
9.3323
22.927
21.373
12.569
39.638
50.761
20.493
1.5203
-3.232
-1.9745
0.77135
9.0942
5.7663
-32.735
-29.079
-13.865
-17.335
-4.1817
-10.541
2.7526
1.3587
-8.1285
