-20.741
9.5284
-26.515
-16.699
1.7751
3.4315
-9.2433
-4.4369
4.7373
17.438
14.482
4.5136
-5.8181
-2.8116
7.949
2.4785
-2.2341
0.94332
4.5366
-2.9369
-20.197
11.185
6.4738
32.37
-5.2832
-12.223
-1.6146
3.8356
17.71
3.6338
-36.38
9.9205
-30.854
-25.547
-17.972
3.2354
11.612
19.855
13.837
-22.104
-20.197
-1.9581
31.942
14.577
15.106
33.146
29.624
-6.6407
-0.47987
-11.587
-33.465
-29.354
-27.161
-22.942
-7.3997
2.5779
26.791
19.888
32.43
35.305
28.4
-7.6732
-13.896
14.582
7.3508
-19.517
-48.88
-21.038
-11.666
-1.5406
7.5289
14.898
7.3693
0.74055
-23.768
-9.9672
-8.0113
2.8049
-12.514
-12.924
-1.0835
-1.9081
10.869
24.188
-15.528
3.0841
23.4
5.225
-3.7738
-1.1385
9.2813
20.587
3.9459
12.886
37.313
6.7541
9.1264
-12.267
-16.395
3.35
14.461
3.6249
-32.104
-22.542
-9.9098
2.4672
-2.8079
10.081
-16.205
-7.441
-9.2912
-21.212
-19.488
-2.9516
4.7905
-38.784
-18.125
-15.745
2.1876
31.154
21.289
45.132
41.208
12.689
22.322
-8.4711
-2.8355
-18.324
-6.3904
15.488
1.8252
-2.0181
3.6618
7.2962
-20.581
-28.542
-11.628
5.4557
-16.422
5.1316
21.923
17.804
21.725
15.51
3.8186
-2.9211
-29.747
-14.812
15.86
-16.331
-12.278
0.73002
1.312
6.377
-11.073
2.6666
-22.357
-9.8303
14.161
-12.406
-2.6028
-31.447
-24.111
0.21279
13.588
25.267
37.541
14.363
21.803
10.254
12.916
-0.2296
-14.992
-15.587
3.8946
-12.596
17.468
5.5067
4.0535
-13.393
-13.796
-17.261
-2.5701
-19.27
13.154
48.105
18.593
-4.4607
7.4355
-6.6949
4.3681
-0.30583
-6.87
-22.308
-43.056
-18.952
-19.998
16.485
12.133
3.8036
11.984
-11.378
-12.947
12.292
44.472
6.5491
-10.338
-11.273
-14.914
-2.975
1.7118
-17.377
0.79892
19.956
18.683
34.251
2.0458
12.849
1.2778
-18.626
-9.197
-6.8411
0.79665
-31.305
-14.656
-7.1623
-6.077
14.284
26.923
27.108
2.0844
-22.396
-12.715
-13.095
-5.4613
17.972
-5.7561
26.374
21.121
4.8485
14.679
-1.5526
-22.821
-33.077
-19.208
-2.175
-5.1803
-9.4705
-11.079
-14.612
-1.6618
-10.84
14.608
15.206
33.271
28
42.124
-2.3052
-10.644
-19.55
-12.626
4.8761
22.863
3.555
-10.412
13.811
-8.1756
-19.566
-22.831
0.16531
3.6927
15.161
-10.626
-26.965
-21.79
-36.586
-0.74137
0.32546
8.2332
11.932
23.063
20.479
32.193
51.5
18.498
-8.0683
-23.586
-13.009
-20.026
-15.318
-3.7711
2.9863
0.37413
21.494
