-22.08
18.969
-12.65
0.56063
1.2322
26.941
31.984
46.48
-8.0061
-18.854
12.334
5.8542
-13.285
-10.836
-5.2433
-4.4273
6.0813
11.016
38.168
13.165
6.2382
3.9921
-8.6089
-31.96
-26.184
-18.105
-24.877
-21.937
-6.6077
4.7896
18.293
2.968
-17.489
-6.1011
21.19
-0.47092
11.767
6.6263
-2.6995
-13.438
-19.932
-7.3251
7.4356
3.0132
-7.0273
11.392
28.318
30.966
32.749
16.937
-0.079248
-7.2771
-9.8875
-0.42587
-26.81
-26.811
-16.357
-16.127
-25.221
11.829
11.139
33.505
25.337
21.607
35.274
7.7368
-12.084
2.0369
6.2069
-19.255
-38.904
-15.16
-24.996
-28.072
-8.3718
10.765
-5.7586
14.12
18.844
-5.3935
-26.632
-28.649
-10.851
23.233
-19.141
-4.7931
-3.1149
21.511
40.001
35.463
36.81
14.901
-3.4532
11.523
-7.0148
8.7515
6.1586
-6.3495
-3.7591
-10.417
-28.743
-16.614
-23.033
-31.227
-18.337
9.9013
-11.307
7.8866
20.865
51.848
58.417
38.805
-2.7717
-35.103
-23.653
-28.014
-25.121
-3.8492
-3.7251
-30.579
-24.736
-19.127
3.9916
10.486
16.544
22.21
24.783
3.4878
-0.090483
5.1385
15.501
-7.2561
2.4943
-11.299
3.9083
-13.808
-30.006
0.33273
-1.8576
15.143
17.164
3.3689
-4.7168
-7.9035
10.204
15.587
5.199
-9.9942
10.82
27.837
12.466
2.4177
3.7169
15.489
17.466
-1.1592
-22.102
-35.445
-39.955
-15.392
15.041
-7.1292
10.159
0.18793
3.9149
-5.7741
-33.537
-48.232
-6.3215
12.495
12.139
-33.672
-39.523
9.9617
28.818
52.654
24.08
15.483
30.158
39.228
29.768
7.5786
-17.084
-4.614
-46.631
-35.985
-4.5765
-9.7971
14.048
18.756
13.122
10.402
-8.4824
9.556
10.116
-19.812
12.458
-6.4594
16.057
10.81
-10.951
-4.3988
-9.2673
5.3662
-15.947
-10.945
-20.712
-41.746
-36.076
-26.789
-14.569
-24.75
-7.02
18.451
1.4889
28.548
45.81
42.976
25.577
26.176
39.209
9.023
9.2992
-8.1805
0.88669
16.748
-12.507
-23.819
-24.722
0.20039
7.1215
4.3716
6.8595
11.516
-20.823
-31.358
-19.653
-19.224
-44.726
-9.1323
-2.1019
3.0654
8.3847
22.462
1.2746
2.9272
12.631
-6.1034
-8.9361
14.972
3.1152
18.449
28.7
25.803
-0.44407
18.954
10.515
-5.6393
-7.4891
-16.631
-8.2353
-34.253
-15.187
-30.716
-2.8333
16.001
17.713
5.8991
-5.3107
-10.878
-2.5954
-14.862
-11.073
-6.9456
18.014
39.69
10.922
10.063
3.1056
-10.242
-16.007
16.945
7.6223
-27.282
-21.012
9.2034
7.6306
10.914
20.893
18.535
-10.5
-3.7396
-11.179
-14.45
21.654
-11.511
-11.197
-5.0807
15.812
8.4917
-1.9988
17.279
8.7582
-33.705
-31.849
-10.663
7.9518
-15.314
-4.7152
20.703
6.0732
4.7518
5.6481
-14.134
-21.843
