-24.133
-7.8049
-2.8707
-6.7242
7.4972
30.13
28.437
23.052
-24.33
-27.459
1.1352
-4.223
2.0843
-6.0872
-8.48
8.8158
31.932
39.898
48.511
16.01
-5.7729
-22.573
-33.261
-26.634
-8.4939
-4.9435
-3.1207
-9.3348
-8.8644
-10.538
-18.65
-5.999
15.17
16.367
28.845
12.998
4.6829
-9.2254
-27.674
-1.8103
-21.915
-18.361
16.845
-1.05
1.6151
12.001
15.433
8.0267
5.1261
3.1557
7.5718
13.554
19.297
2.4241
-20.872
-11.981
-18.121
-20.727
-24.335
22.995
17.989
9.0152
14.599
-0.21636
11.556
-0.54907
-16.235
-2.6685
5.4077
-3.3098
-13.55
-7.9896
-25.421
-9.377
10.977
12.564
9.1484
1.5717
-13.944
-18.246
-4.8642
-1.4195
11.246
33.533
5.7256
18.064
14.404
23.514
16.357
-6.0812
-5.9342
-8.7147
-2.5892
-9.8538
-28.656
-27.791
-22.258
1.3279
3.653
-2.0381
-1.0688
10.314
0.23875
-17.009
-30.418
-12.911
6.4537
13.638
-14.065
18.801
49.018
35.573
5.2172
-13.751
11.991
24.901
10.556
25.563
7.0254
-21.334
-14.561
-1.6684
-2.1585
13.097
13.285
-13.785
-29.942
-38.299
-18.332
-14.802
-28.865
-45.202
-26.073
2.2866
16.825
8.0209
0.39977
25.688
37.964
34.461
33.938
8.7413
-5.539
-10.975
-7.6392
0.78331
-9.0803
-15.971
14.186
41.548
17.342
5.4635
-4.3432
-1.3134
18.056
16.047
0.26195
-31.428
-30.293
-51.375
-37.739
-15.713
0.64214
1.5651
27.38
22.22
-5.7692
-28.325
12.761
3.0064
16.625
-11.351
-4.0777
19.809
13.317
31.216
8.7832
-1.5225
3.9286
-7.0055
-18.752
-17.725
-12.2
16.577
-10.149
-16.286
10.582
4.4102
17.729
23.009
7.6032
4.2714
-31.432
-9.8685
-7.4174
-11.678
-4.7208
0.51619
13.716
14.873
-3.1577
16.66
14.571
24.402
-1.5068
-21.446
-28.66
-41.537
-21.448
-9.9866
-0.095859
-3.8115
25.292
32.972
7.6263
4.8453
5.1893
-4.4758
20.347
9.3941
33.142
6.3766
-12.646
-23.237
-12.672
-3.7286
-17.464
-3.7918
-11.804
1.6538
-2.8384
-13.064
8.8416
0.44356
-16.66
-3.9855
9.5645
1.799
-5.7133
6.0964
9.1012
11.412
13.352
33.972
7.318
-23.093
-6.0798
-10.191
-12.84
-5.706
1.4826
14.588
17.097
20.808
-6.9128
-7.5489
-0.086017
10.286
14.96
-14.49
-16.787
-35.744
-6.7273
-31.834
-15.445
19.054
28.435
22.327
-8.6587
-13.561
-14.041
-21.794
0.051575
12.967
19.602
41.733
18.522
-1.2461
-3.7928
-1.5708
4.6092
26.042
4.3292
-20.84
-30.985
-22.021
-5.4685
-12.231
-7.918
-8.0497
-23.718
-0.48215
9.082
20.001
44.086
7.5423
5.7266
3.1021
11.15
16.175
4.6793
8.2429
-7.5506
-34.641
-23.664
-10.279
20.245
2.57
-9.4297
0.080502
1.2992
8.05
3.4735
-16.281
-15.809
