-20.641
-12.693
3.7343
2.4166
2.6044
18.839
2.6591
1.7304
-11.697
-21.965
-30.048
2.1142
27.3
17.019
9.5158
11.043
7.6834
-4.8054
-15.583
-23.515
-10.592
-16.227
17.313
35.063
40.865
32.549
23.664
13.678
4.5088
-2.5687
-15.108
-7.7603
-3.7078
8.0848
6.6572
-15.829
-14.351
-0.75122
5.2517
-9.4307
-35.666
-19.596
-0.38589
-5.2916
-37.404
-23.69
-10.431
-16.742
-11.197
-8.0321
6.0816
8.2139
1.2765
10.443
16.506
28.184
21.43
37.355
18.342
36.846
16.775
1.603
5.0947
-6.6901
-18.64
-22.339
-20.268
-14.792
7.5358
22.932
10.332
-15.579
-18.409
-0.19049
14.139
1.366
-6.9125
-1.6073
-28.635
-14.301
7.2621
-5.0135
3.7843
25.302
14.031
10.273
-6.4115
-0.072229
10.294
-13.173
-8.0367
-5.2565
-19.908
-5.4426
5.1717
-14.648
-13.807
-1.35
-3.4314
-6.8064
-8.8728
0.72518
-2.0074
-5.9205
-23.782
-5.5019
28.572
33.483
9.4897
3.329
18.135
25.208
21.735
8.4725
14.112
4.1827
15.729
25.497
1.4874
5.5785
22.525
-7.3855
5.226
-0.063599
-3.2133
-29.878
-42.997
-58.905
-47.754
-30.644
-28.219
-63.087
-26.507
14.314
31.319
19.893
7.1804
11.512
29.323
26.541
38.461
25.604
-0.52827
2.4602
20.525
20.714
-15.508
-11.852
-1.7123
16.347
-2.8153
-5.8328
-6.9556
-8.2632
21.894
14.472
-3.896
-18.984
15.252
-6.5032
13.962
11.006
-2.9094
-27.321
-22.025
-18.018
7.8645
-12.694
-11.662
-10.056
-3.5559
7.7099
7.3865
15.665
0.27897
-1.8424
-17.488
-15.355
-21.677
-10.935
-4.9938
14.662
28.685
32.408
10.094
-3.9507
9.3608
1.2327
-2.665
-3.01
15.994
4.9245
-1.683
-1.0519
6.2674
-18.955
-8.416
-13.202
-1.0722
-6.993
-8.2193
17.726
5.8143
12.722
-0.28352
17.738
-7.1247
-32.207
2.1477
13.882
19.733
16.701
10.373
-26.677
-20.016
-3.1443
-1.2075
-20.761
3.0085
9.1901
10.057
-2.2505
-4.7217
-0.049723
-20.642
-10.76
3.0289
15.989
-3.7899
-14.23
-14.59
-5.1466
27.533
16.259
-4.1938
-4.2868
20.18
19.109
-4.3411
-5.3004
-1.8715
1.8137
1.4098
18.342
-5.0609
-3.0714
7.6519
-3.5243
-4.5494
-8.3292
-12.735
-5.5071
-0.5318
2.1538
-15.013
-7.8909
-7.3349
3.1727
10.918
5.7262
-1.3292
4.9257
21.515
4.3816
19.2
17.777
-7.3249
-33.825
-21.848
2.6516
17.352
6.0564
1.3227
0.88654
-12.217
-1.4672
0.98271
-13.382
-1.8689
0.81391
3.6585
-0.56891
-4.9127
-11.725
-16.636
-31.195
-6.4039
-13.918
0.9862
24.229
19.163
10.921
0.21766
4.4371
28.202
25.39
25.498
21.088
10.145
6.5819
5.9868
-3.5074
-6.1132
-25.294
-24.191
-10.423
15.619
-16.267
-19.385
-10.898
7.0912
11.284
-0.95328
-8.9419
-11.905
