-15.05
-8.9391
5.359
14.626
8.7728
-21.025
-13.126
-14.987
-33.632
-3.1061
-21.815
-17.242
2.7337
1.9728
-6.2125
6.2026
-0.10148
-7.3316
2.5433
14.781
0.15625
17.726
11.621
26.384
2.7399
-0.48781
5.0173
7.9744
8.833
1.187
-7.3355
-3.9375
-6.9819
-2.4692
-14.007
-1.2763
14.908
-0.40643
-0.28722
-0.95502
10.852
-4.0953
1.5311
-15.906
-22.562
-10.836
-1.035
3.2874
-5.0011
5.05
-8.5006
-5.1446
-2.6295
4.1126
9.4428
5.6657
18.984
6.9153
2.0494
3.6674
2.922
11.49
6.8987
-5.5769
-5.1157
-5.4691
-12.934
-6.53
4.0159
4.631
-15.411
-12.816
7.3242
6.158
0.81407
-11.744
-4.5017
4.7975
-6.0864
-1.021
7.4981
12.792
7.9727
8.9924
-9.5399
6.9109
2.4714
-3.3067
15.738
7.534
-1.5802
-3.1504
1.5059
-3.9951
-2.6826
-2.7915
-7.1338
6.9633
-18.485
-12.583
-17.8
4.247
-1.8906
-6.7743
5.8127
3.7196
9.6822
5.4183
-2.5029
-7.7442
-10.599
5.2915
9.1146
19.641
0.080143
20.779
1.45
0.28946
-5.6234
-20.801
-7.2654
7.6819
-8.5541
2.6396
1.0471
-3.2033
9.5658
-18.872
4.2903
4.1815
11.978
19.212
20.156
18.327
-3.7267
-4.2412
-19.792
6.0722
-17.317
-15.777
-5.2511
-18.848
-7.0173
-16.494
6.5943
7.6131
-12.438
3.8484
-7.8479
5.2015
14.245
-9.7653
10.358
2.9245
9.292
0.62859
-2.0828
-3.3421
-5.7131
19.562
13.099
12.886
25.231
-0.28936
-4.8398
-15.288
1.6821
8.8396
6.4059
-4.4345
-10.946
-22.078
1.0835
-18.529
7.8024
-7.3844
-0.61906
-0.75285
6.5557
2.5213
-20.976
4.9742
-16.728
0.10366
8.174
6.0378
-4.8622
14.587
-1.5819
9.8795
0.17572
17.193
-8.579
-9.5497
-6.7337
0.42169
-2.6685
7.3736
6.0258
3.8152
7.1842
12.181
-4.736
1.4201
-24.301
-19.627
8.0216
7.8749
-2.8321
-6.2999
12.122
13.66
0.72406
-0.6
-0.29798
12.922
8.9618
-4.0769
0.85526
1.5336
-12.018
0.58222
-13.117
-18.358
0.45137
-5.7975
4.0959
-3.0312
-9.546
3.7654
0.30938
2.835
9.2637
13.911
4.6894
-15.453
8.2762
-9.6455
-3.9776
-0.64241
-6.9563
-2.6498
-2.2658
-15.872
8.0453
11.55
7.1909
12.044
4.3065
7.0202
2.9242
17.33
9.6036
-0.61828
25.723
