-13.511
-4.1977
13.534
16.948
15.135
5.7857
3.8872
-10.874
-6.3936
1.1462
-15.849
5.5488
-13.589
-8.6858
3.1934
-15.532
-22.014
-15.902
-10.426
6.0618
-7.6647
5.7014
10.433
16.476
18.076
12.997
-11.543
-5.4043
5.8446
5.698
16.156
-3.4591
6.0652
4.1678
-8.0223
0.96393
-2.3974
-2.825
-14.305
4.5957
8.0388
6.7662
8.1516
18.706
7.0052
14.402
17.202
15.495
0.99945
-23.184
-24.804
8.8076
-23.874
-1.2749
-0.19289
8.9399
0.71106
7.7299
3.2942
0.59501
-4.7186
-1.0876
-13.777
-12.009
-27.686
-9.4717
-16.933
-7.7929
9.1848
-19.993
-36.897
-17.039
-20.153
12.715
16.988
10.017
22.539
27.95
28.136
13.407
-8.717
14.129
10.748
5.4113
-4.9288
0.64504
9.2221
9.6016
4.8646
13.697
10.417
-4.0151
20.863
29.773
15.118
-7.699
-12.895
-8.9486
-0.83467
3.8929
-12.275
-20.474
-21.946
-44.908
-23.491
0.23918
-12.849
-10.568
14.238
-2.4864
9.1092
-7.4042
-32.812
-14.791
12.317
-1.577
7.9065
-13.855
0.40926
-11.965
12.39
11.419
13.939
-0.49703
11.011
7.8606
20.587
7.0475
12.834
17.419
18.682
32.565
10.014
9.2282
16.103
-13.087
-20.541
-25.132
-6.3599
14.412
-7.1789
-13.441
-15.824
13.964
-10.387
1.679
-7.0096
-0.086536
-1.2167
-21.224
-14.324
5.1551
3.9507
3.0147
-2.5299
-13.591
-7.788
13.979
-6.1533
-11.129
-8.5182
13.197
11.76
-2.0511
-14.903
-8.736
6.4311
1.8174
-1.2716
7.0929
1.9664
-0.98382
-8.699
-7.1312
5.5659
1.9232
16.555
25.576
16.949
-0.19646
2.6228
3.5045
8.6172
2.9812
1.5465
-9.969
-8.115
-22.429
-1.7338
4.0521
-14.222
5.6945
26.736
8.8064
9.2524
23.95
13.656
-7.6289
-16.334
-2.9739
-7.2562
-3.211
-11.945
5.3734
-6.1485
-17.035
-24.318
-9.2075
-12.547
-19.326
-16.924
2.9838
-3.6886
-8.5316
0.1137
26.762
1.1278
3.3369
-10.606
-3.148
25.401
7.6069
4.875
-1.0739
21.102
3.7108
7.7705
-1.7463
5.2681
16.974
-16.288
-5.711
15.695
10.031
-4.3501
1.4502
15.823
8.6143
27.771
-5.6598
-19.802
-5.1693
1.4806
-14.243
-25.949
0.96622
15.353
21.832
3.3593
15.943
-3.4733
-14.561
-22.167
-9.5785
0.48503
-29.94
-25.719
-8.6883
-12.432
-12.611
-12.168
-20.348
-23.974
-0.13538
10.222
17.37
8.7471
5.1888
1.465
18.135
21.454
10.978
34.857
45.949
18.017
5.1173
7.3197
8.4838
5.4149
6.3722
3.6124
-29.906
-24.118
-10.253
-18.102
10.026
-14.788
-5.0187
4.0966
-12.151
