-12.261
4.2487
13.435
-2.3823
-12.409
8.8067
-6.602
-6.1371
-15.577
-14.604
1.5669
11.522
8.5552
-4.1684
5.1755
6.6628
19.85
5.6514
6.8492
-1.1431
-27.253
-26.324
-26.39
-26.644
4.1508
14.358
16.683
11.643
-2.3087
-16.393
-3.7484
-8.7244
21.986
11.803
14.951
17.992
-13.321
1.1693
19.911
24.387
-6.0895
-13.245
7.7548
-9.2543
7.007
1.2221
-10.02
-7.9775
-11.063
-10.286
2.1311
19.961
10.619
16.952
11.221
2.794
-26.329
-21.828
-27.965
9.9044
-18.118
-26.614
-3.7776
-14.615
-2.5095
1.0386
-5.5012
8.851
8.8154
-4.4492
4.1605
3.1262
9.8264
16.044
40.499
20.763
18.44
24.271
-4.0694
8.4269
12.444
-11.993
-13.013
6.3306
1.1839
-5.681
-4.4256
2.7593
-6.3863
-45.315
-22.227
-15.964
-15.958
-25.401
-20.235
-14.393
-3.8991
9.5526
9.1862
11.216
12.079
24.164
41.374
28.433
2.1734
1.454
17.435
-2.3989
-24.442
-41.664
-12.456
3.766
-0.28564
8.1645
24.79
24.588
19.144
3.6402
-17.181
-9.3559
-5.2741
-0.76873
11.837
6.3424
-4.5799
-5.3618
-10.137
-21.081
-14.729
-7.5631
-14.668
-14.905
-13.637
-4.6027
12.909
11.858
-2.4205
17.943
28.421
11.385
-1.6181
5.4299
7.5641
-1.8128
0.040826
8.8002
-6.8274
-3.4762
-3.5533
11.367
-8.2595
-12.475
-8.8164
6.866
10.813
1.0504
-1.1955
13.851
17.959
-39.541
-37.974
-23.711
-12.374
-18.701
14.912
13.236
33.465
35.283
6.4938
-10.823
27.708
17.898
8.5359
-4.0865
-12.517
15.533
-11.169
-33.924
-18.536
-6.859
-17.33
-10.439
9.3304
17.881
0.75899
-0.43302
5.9975
13.129
-16.396
-7.3018
-1.6955
12.943
-12.057
3.756
4.6
-1.2383
-17.887
2.7199
-2.529
9.9489
4.2608
26.896
-6.9884
3.2338
14.369
11.258
-9.8892
-18.157
1.7917
7.3518
8.4712
17.482
-6.0176
10.395
16.349
0.67411
-23.196
-45.653
-25.403
-18.823
9.268
-10.026
-12.564
5.5267
32.462
0.82716
-5.2499
-6.2324
11.452
-9.4321
-4.0762
8.2078
15.968
6.416
7.9995
0.77871
31.172
16.833
8.0728
-20.416
4.5921
-10.39
-20.811
7.5971
12.129
-21.186
-5.111
13.086
-8.5351
-1.6868
4.711
-10.99
-19.839
23.743
8.7162
-13.868
-4.8914
-0.42074
21.651
3.5937
-15.148
-33.7
-13.061
-18.113
-7.6012
-9.2061
-7.0908
11.828
27.774
26.946
-8.3795
9.1491
31.306
30.36
13.67
7.8174
-18.4
-9.9855
-11.537
13.085
7.9505
-7.6976
-7.7849
11.102
17.798
0.2119
-19.293
-29.745
-15.089
-3.7775
-16.651
-17.175
-21.026
-9.7633
22.905
6.3298
5.49
0.036783
-0.35099
13.011
25.452
0.8197
-2.9513
-37.251
-21.751
13.825
37.982
24.281
7.8856
7.4306
-4.9974
6.7372
0.72188
-7.8478
-3.5812
