-30.379
-6.6669
-10.047
-7.1263
4.6888
8.8831
27.302
0.49624
-8.321
9.8086
1.4044
29.855
22.548
26.275
-1.4949
13.691
19.568
8.0959
-1.2434
-2.6416
-16.818
-20.119
-5.1251
0.81781
-2.4279
15.552
-8.4242
-10.206
-36.252
-24.855
-20.635
-16.914
-7.111
7.2123
1.7811
-1.7825
7.6888
6.9795
-3.8742
-1.9139
-10.639
4.4804
0.22715
17.408
3.977
-5.5475
-3.8673
-3.6363
26.696
22.981
8.5289
29.464
2.3463
2.2739
-6.0986
-11.104
-5.5077
-4.6972
-8.1515
-2.6067
-13.445
-8.3493
-2.1319
11.534
2.4637
8.569
-14.187
3.1583
7.5489
29.128
22.991
13.303
-15.747
-14.033
-22.037
-25.844
-9.0404
-3.2203
3.3228
11.535
16.394
2.5009
-8.9781
6.9528
-6.8318
-16.676
4.7496
-3.2478
-3.0828
1.074
-5.5233
-5.634
-7.8142
-9.9501
-14.345
1.0547
-6.0317
-4.353
5.8122
-4.2568
-1.0608
24.228
8.4204
8.0578
20.006
32.899
-4.7406
-3.8131
15.1
14.225
15.119
-0.66819
1.5503
-9.3858
0.95079
5.2538
-5.0457
-12.725
-4.1087
-0.4298
0.80187
6.0174
-9.4092
-28.51
-10.257
-14.537
-18.184
-16.713
-5.5841
-4.6549
-7.2358
-2.5027
-9.3517
-2.6364
13.917
21.705
14.413
7.2414
19.399
18.492
20.262
3.3965
-30.79
2.594
-5.1834
13.283
-5.375
-0.68337
1.4471
-8.1896
-9.3036
6.5217
7.8935
-4.3288
6.3968
13.849
-10.423
-5.3675
-18.363
11.451
-0.63857
15.471
-12.873
-7.4606
-3.8524
3.3842
-3.1752
-7.0802
-15.338
-6.9392
17.893
22.635
12.924
-0.96653
12.025
8.7132
-10.381
-2.5752
-7.3177
-10.12
9.2767
5.4575
-9.7346
-3.9952
-4.0639
2.4641
6.1273
-1.6964
-12.286
-15.06
-10.995
-8.3252
-0.21113
7.5893
-1.8108
-3.6798
-6.5622
-4.1218
10.232
4.0436
-0.82378
3.5586
0.27473
-6.7865
-7.5802
11.683
13.008
29.75
2.6146
-3.0387
4.6929
16.952
29.067
-1.7198
-14.953
-10.201
-9.1796
11.263
-0.51834
-5.6172
14.906
-2.3428
-3.6429
-1.1318
-0.73701
-12.666
-4.5337
-8.4028
-11.876
-8.0735
-21.625
-5.7599
5.9308
-7.5726
-9.7557
3.2855
-13.16
-0.29784
13.964
-1.5916
8.7812
12.192
-3.5438
3.487
8.737
-3.7721
-9.2777
-0.088793
-14.732
0.59588
9.5056
10.037
-14.794
9.0215
8.9318
2.6969
23.739
16.534
0.9951
18.918
20.036
26.93
17.947
-8.9272
-8.5125
8.8023
-18.411
-13.262
-24.238
-10.281
-10.684
-27.076
-15.025
-3.3484
-18.643
-14.286
-12.568
2.7408
1.8953
12.098
8.4971
4.9193
10.406
-3.5399
2.1632
34.722
7.7447
-10.195
-3.3283
-16.342
