-6.7052
7.5704
-13.205
3.2809
-1.7167
-0.0061313
-8.3296
-0.83929
-4.3747
15.886
13.179
13.602
9.5332
4.33
1.8857
1.2851
2.1889
-2.2145
-5.7548
-7.2146
-21.584
5.1782
0.010704
26.989
-1.0236
-11.17
-7.0941
-3.4964
8.3896
14.68
-22.222
10.14
-18.553
-22.78
-10.456
0.43631
2.3297
1.154
6.9549
-9.8647
-14.182
-4.9977
14.433
-0.86897
0.030968
16.346
29.172
0.22359
-1.4451
-12.187
-11.806
-10.27
-0.96657
-0.58044
4.4324
6.1626
17.682
11.428
14.309
26.987
17.92
-5.1221
-10.112
3.4426
-3.3887
-16.101
-21.568
-4.4026
-3.2224
0.32884
-2.7361
-1.1327
0.41182
-0.018745
-10.186
-10.422
-9.6163
4.6395
-12.644
-11.607
-0.40562
1.5741
7.2272
14.757
-6.0878
-1.6212
10.169
-0.21598
-2.3913
-2.8219
4.636
4.7152
-8.9428
3.319
27.478
0.59268
8.8891
-2.399
-3.2238
11.415
11.739
11.168
-7.7397
0.30546
-11.331
-4.6324
-0.46896
16.314
-8.8111
-12.954
-8.3317
-4.9132
-12.967
-2.8908
4.9051
-18.611
-12.596
-17.973
-10.962
7.5834
4.6049
16.553
20.518
7.5777
18.342
1.7621
1.3972
-5.7035
4.0652
4.2295
7.3643
1.0347
10.787
5.6442
-9.9487
-9.152
-7.7572
0.84212
-15.789
-2.8052
10.805
7.0193
6.1165
4.6426
-3.5242
-6.2793
-15.919
-9.5136
13.69
-14.959
-15.181
-1.8325
-4.617
-2.0323
-9.5432
1.9461
-6.3998
14.052
26.689
4.4616
3.7434
0.018531
-10.747
-4.2594
14.874
18.957
20.98
3.0398
6.604
-3.5933
1.5426
-0.58974
-17.452
-14.283
-5.4631
-12.804
3.7675
0.8379
12.41
-9.7466
-0.2355
0.46609
-3.1605
-20.498
-1.6705
26.047
3.4761
-9.2649
4.6561
3.7876
6.0213
-2.0198
-2.1122
-5.4217
-13.762
-8.5211
-16.102
14.62
4.6203
-5.82
7.6325
-9.816
-13.248
6.2287
28.835
-1.9389
-7.4156
-7.1626
-16.201
-1.8612
12.314
5.7993
3.8698
23.092
17.562
26.132
4.7637
12.793
3.4905
-15.548
-5.1506
-3.2474
4.8798
-24.383
-17.687
-14.943
-8.8702
1.2874
7.2502
11.412
1.3529
-13.395
-8.894
-9.4785
-6.8129
6.4509
-5.36
13.421
11.084
-1.5076
11.645
-0.077715
-8.9981
-16.921
-6.9785
5.7266
-1.0065
-13.758
-12.99
-19.318
1.9659
-0.89724
19.593
17.426
16.773
14.019
33.042
10.829
8.3444
-4.884
-4.792
7.0823
22.782
1.8754
-17.472
2.5717
-11.889
-8.0804
-13.756
-0.84554
1.6659
5.2998
-8.2562
-17.058
-25.184
-38.095
-7.2103
-10.065
6.897
18.51
14.586
6.4686
8.7081
23.269
11.854
-2.0119
-10.531
-4.0674
-7.9958
-7.1811
-0.83302
1.5834
1.7093
11.802
