-37.025
2.5361
76.784
42.083
-12.662
-43.053
-15.575
-8.1187
-2.3774
-54.272
-4.8817
-2.3286
44.106
61.107
-13.891
-9.3945
-26.254
25.056
37.408
7.036
12.553
-20.955
-46.788
23.666
48.956
-10.443
-60.093
6.8308
40.427
20.76
0.26964
-7.6475
-14.197
-10.768
-25.394
-47.783
-73.024
-84.188
-60.99
-17.182
-9.3074
-34.852
14.536
19.343
99.99
69.892
28.805
45.488
9.059
55.067
62.377
104.26
57.682
44.643
37.625
-94.75
-82.468
-32.249
-44.912
-104.65
-63.88
-3.5298
4.4681
41.596
35.116
-18.103
-45.58
-27.471
-28.224
-5.1563
41.167
68.781
35.638
8.783
-21.258
-45.375
-13.771
-8.3078
3.0369
15.558
33.789
50.645
16.288
50.228
NaN
NaN
NaN
NaN
NaN
-42.372
9.7656
42.104
5.6904
29.456
79.299
68.371
73.943
-24.939
-8.475
8.7915
-28.739
-41.761
-75.833
-11.517
-61.51
-38.674
-42.239
41.442
45.275
65.654
22.5
24.238
36.411
-35.056
-31.421
7.2494
39.647
61.226
50.311
22.524
62.827
55.976
66.307
22.635
-95.907
-98.854
-88.188
-57.328
-134.01
-101.45
-47.602
9.3086
-27.588
-13.034
-8.6752
-15.224
43.566
101.02
107.81
-11.248
-27.831
-33.993
0.32312
-48.771
101.08
70.118
3.2859
42.636
42.554
41.521
64.794
76.646
34.85
-34.877
-64.958
-40.387
-30.876
-29.195
1.3054
-44.502
-11.205
47.923
47.119
-9.4939
-27.124
-8.3607
-19.666
-52.154
-8.661
-105.53
-50.907
20.053
-75.897
-22.782
46.559
3.7978
-7.1007
-21.52
2.5932
-11.07
-36.483
-28.029
29.92
57.243
NaN
NaN
NaN
NaN
NaN
NaN
44.645
68.49
84.347
15.333
-6.5605
-37.202
-76.231
-69.409
-27.937
-3.8144
37.254
21.648
-34.678
-69.292
31.821
90.017
-4.3948
-73.291
-83.642
-74.995
-50.71
16.015
-36.752
1.7131
-13.039
-22.998
4.1303
60.445
37.497
5.9056
21.711
-8.9983
-7.8979
2.5109
-50.082
-18.109
15.113
26.938
44.545
75.857
85.312
94.447
-16.167
13.929
-12.014
-10.207
-16.922
-21.589
3.2796
39.535
-6.0278
-34.061
-34.423
-29.349
-61.566
-44.809
-45.382
-64.594
-35.333
-37.958
NaN
NaN
NaN
NaN
NaN
NaN
25.435
-15.52
33.541
17.863
-54.924
-40.699
-36.951
-31.527
-34.477
-35.368
-13.554
-1.4181
5.7455
22.533
10.359
-63.86
-34.054
6.6406
NaN
NaN
