-9.93
62.884
31.189
6.4021
24.941
25.319
15.56
-39.899
-11.447
-35.132
11.327
32.892
38.741
8.4652
14.763
28.359
-30.923
-92.917
-40.456
8.0982
21.079
-97.058
-74.074
-23.758
35.32
12.788
-6.4308
2.1077
49.801
52.022
-35.634
-50.585
26.968
21.552
-39.097
-32.967
8.3671
78.32
98.525
116.79
96.707
-11.657
-81.618
-92.435
-61.003
-59.377
-54.369
-32.43
-10.062
47.128
81.853
18.144
11.625
1.5901
36.344
64.829
45.251
NaN
NaN
NaN
NaN
-23.071
10.011
24.197
25.667
-27.486
24.619
43.573
57.563
45.93
-20.662
-39.474
-29.701
12.11
14.686
-27.576
-20.62
-56.473
-29.391
33.149
18.043
-25.517
40.267
73.992
88.352
29.872
NaN
NaN
NaN
NaN
-77.927
-56.216
4.4691
20.933
-47.998
-100.65
-28.892
-4.6709
-11.395
10.27
58.322
83.871
32.044
3.1424
-46.311
-7.4817
24.078
23.061
-28.395
10.104
55.834
52.906
-6.5175
-5.7542
-0.98115
88.121
31.92
-48.908
-126.47
-38.375
-24.712
22.542
49.923
2.918
-39.88
-4.7796
-3.6007
-1.1665
-37.024
-43.934
10.002
21.635
-40.881
6.7097
-6.6022
-11.731
37.68
48.812
-22.324
-27.917
-17.394
-2.3491
33.449
38.34
46.599
37.59
54.022
20.944
-46.674
-77.636
49.386
69.163
32.493
-2.2352
15.673
12.958
-82.757
-39.373
41.784
-10.525
-99.075
-86.35
-43.73
16.412
52.672
-12.004
-10.119
13.291
31.217
-11.132
-98.026
-54.849
49.325
37.323
-10.454
26.864
79.683
56.481
6.2529
-57.37
-32.449
-32.333
-4.9596
37.968
62.103
35.822
21.566
44.953
57.749
89.901
61.23
-31.784
-94.889
-30.386
-32.272
-62.977
-74.934
-17.47
-20.045
10.355
-2.4085
-54.821
16.067
72.283
-19.896
-99.483
-66.472
-13.072
5.7924
29.538
16.525
-29.575
-65.947
22.463
52.86
88.408
70.689
65.148
39.876
26.56
-13.594
-7.6736
12.892
24.381
-2.9809
-38.189
-24.963
0.27823
60.92
63.006
40.622
-42.825
-75.944
-36.242
-38.903
-16.507
-77.847
-37.682
-10.289
-6.8529
-30.005
20.156
39.783
-18.155
-64.892
-32.546
16.688
51.911
74.438
22.598
-2.7167
-33.064
-22.847
12.973
34.14
