81.768
-38.217
60.432
49.994
73.345
73.569
29.396
-48.542
-59.436
-30.58
-59.763
-11.567
51.051
21.863
-54.5
-117.27
-33.863
12.892
-14.353
-11.801
-18.482
20.888
35.049
36.991
46.708
62.3
-16.075
-26.18
33.197
13.889
22.398
-35.225
-10.915
44.796
-14.557
-46.701
-10.677
-56.948
-33.168
40.001
20.795
-22.887
-33.547
26.576
21.548
-26.528
-10.364
8.7977
-23.164
-23.04
15.851
14.76
33.912
32.163
42.033
80.63
100.84
29.522
-2.8754
-61.349
-59.933
-40.956
-52.746
-10.297
-58.04
-37.113
-1.2951
9.8696
5.0896
-29.142
-19.858
-13.919
18.289
-14.954
-8.6524
22.223
76.672
41.903
12.655
31.586
-7.8528
-2.6744
2.742
1.6265
-32.436
-2.4716
51.344
16.195
-34.384
-68.49
-5.2629
-5.7713
9.6077
25.233
-12.188
-27.801
-24.022
18.848
40.225
3.3568
7.0879
47.673
NaN
NaN
NaN
NaN
17.314
2.4962
-27.197
-37.235
0.38834
-0.90461
-66.9
-6.275
-0.95047
-28.104
-48.307
26.584
29.046
73.943
97.415
-1.0548
-67.122
-68.414
-35.576
45.001
31.906
79.452
30.096
-12.95
-2.7731
-34.733
-78.135
-61.205
-5.7709
63.713
12.646
-24.717
-35.879
-15.521
24.752
74.151
66.925
0.30378
-9.3292
2.8066
-45.744
-52.42
-5.5138
-10.629
22.536
24.614
47.358
6.2482
31.933
42.636
-13.58
-50.097
-0.87337
-60
-109.11
-27.875
32.455
79.038
26.417
-14.758
-68.573
-21.607
25.74
-26.365
-24.183
58.911
123.37
80.821
-51.277
-64.246
-8.7753
5.614
-34.215
-23.893
-2.106
23.149
23.857
-15.616
-27.06
-7.1257
60.941
-0.978
24.865
27.113
15.724
6.8281
-0.29238
-42.853
-43.295
-25.785
-54.528
8.2502
83.018
73.815
-17.682
-96.275
-10.592
12.866
9.4727
20.767
-31.198
-21.744
-24.495
NaN
NaN
NaN
NaN
64.908
-15.911
-18.742
16.475
-12.277
4.3483
56.796
90.476
34.607
-55.695
-45.559
-1.526
-16.028
-33.709
-45.326
-24.306
-21.458
-7.3065
19.81
8.7724
-13.651
16.351
25.268
0.26236
19.169
17.04
60.883
43.981
-29.219
40.219
41.106
29.947
-81.013
-91.984
-23.285
28.326
36.402
-29.929
-64.355
-10.078
-11.807
-17.841
13.895
36.189
-22.802
-77.522
-35.704
55.26
-14.121
-55.205
-5.96
49.493
105.73
125.88
88.242
-79.121
-69.349
7.4736
46.63
-3.5669
-20.144
-9.5294
-35.722
-38.742
49.495
30.479
57.635
-6.1943
-33.296
6.8935
-30.143
-36.947
-43.61
6.4946
40.482
-3.1846
-17.407
-86.055
-51.979
-10.75
-28.707
41.698
53.726
58.247
11.964
-11.817
4.0745
16.269
5.7795
-19.351
-26.664
-46.915
-21.796
7.0062
