23.616
-24.478
8.267
52.671
-7.7656
70.507
-51.13
-59.824
-46.795
37.164
-21.337
-26.413
-0.099626
60.364
-96.212
-141.05
-72.594
40.438
50.685
12.762
-53.331
-91.429
34.728
39.983
66.013
105.17
4.2154
51.518
108.88
-18.821
-11.568
-14.573
24.901
90.013
-40.471
4.1855
15.365
-75.927
-70.633
-30.886
-15.357
-62.136
-10.659
15.578
10.06
-10.915
15.962
-38.968
-44.843
-14.673
-31.589
-10.671
88.342
106.91
117.69
9.8252
2.6917
11.169
-25.219
-18.193
-37.032
-57.763
-70.198
-13.712
-40.796
-8.8681
-2.7842
-11.373
29.125
17.653
3.991
45.958
42.605
20.27
-9.3128
0.70735
6.068
1.5555
19.749
32.69
-5.2205
16.203
-1.7809
-0.53615
-31.198
-8.9555
23.173
-42.874
-41.232
-61.437
-0.80812
-20.809
-15.811
23.438
34.657
53.085
3.2656
46.352
29.394
40.016
-13.697
3.4861
NaN
NaN
NaN
NaN
-35.074
-11.686
-75.853
-49.418
-64.5
23.498
-19.761
20.084
52.238
17.993
3.1009
33.992
45.572
105.07
97.71
5.9817
-33.207
-37.807
-11.893
-5.7411
-15.37
52.348
29.047
-42.631
52.428
15.952
-57.676
-50.331
-52.303
-25.65
-4.9288
-28.459
-29.272
-22.451
-19.885
37.349
17.497
5.0265
-25.947
-71.774
-61.131
-4.4144
20.264
49.393
12.521
84.19
121.2
9.5114
26.324
9.216
-11.768
-60.815
32.283
-5.5471
-67.04
2.4471
17.862
29.591
-39.719
-28.075
-53.08
-15.837
69.625
58.732
84.268
38.515
76.371
-66.65
-45.708
-26.89
-22.642
-53.521
-27.47
-44.979
-36.039
-39.322
18.079
-35.691
-12.944
-31.617
122.7
52.21
-24.805
-53.706
-21.38
-8.7773
13.268
-3.3691
-11.792
2.7656
-8.1593
41.075
100.58
66.218
41.108
16.357
-7.5652
29.614
20.487
-38.64
46.79
-36.174
-21.973
NaN
NaN
NaN
NaN
90.696
-86.519
-41.065
-51.999
-20.362
13.695
30.286
2.748
18.737
-45.653
-27.418
35.425
-17.537
42.83
-4.5963
2.8941
-20.275
40.317
32.444
-40.31
23.546
24.406
-22.955
-5.009
48.4
22.213
-11.288
-9.6556
26.259
33.669
15.026
-38.141
-34.238
-39.338
-15.959
5.8359
38.73
60.507
45.881
-17.964
-11.472
-90.263
-43.154
9.9019
-17.006
-61.423
18.075
52.175
-9.9726
-72.091
-15.158
11.39
110.79
70.373
25.548
-74.815
-81.679
-43.203
-30.889
1.2622
66.349
82.804
27.082
0.54076
33.652
63.948
67.483
26.802
-22.91
-32.863
-67.661
-32.411
-25.708
-64.12
-65.759
-43.028
33.479
-28.512
-54.68
29.483
9.8602
47.823
4.9557
4.4822
53.349
-23.919
37.655
31.909
9.6535
-31.023
-6.0876
-12.312
41.9
49.155
