-57.703
-6.772
-43.55
-76.289
-46.8
-11.751
34.532
-37.448
-23.548
-27.77
-0.29373
48.613
0.28272
33.402
-6.0841
12.425
40.971
-5.637
-10.825
-32.449
48.695
30.493
-24.679
-131.62
-124.53
-51.763
7.224
41.703
19.287
138.08
45.249
82.252
9.9139
-5.6954
15.084
5.1132
26.465
11.465
29.812
NaN
NaN
NaN
NaN
NaN
-102.48
9.4233
26.95
48.996
39.102
-77.469
-27.43
-9.483
56.2
-27.236
-16.437
-54.417
-9.0618
-42.334
-29.342
-4.5223
-9.8425
57.494
10.002
9.7264
33.121
-19.128
-40.224
-42.293
-2.5589
6.3749
-12.675
-8.8596
5.346
16.892
30.367
-6.2566
-34.982
-6.2741
-0.12043
29.576
59.32
12.581
-1.9456
-52.275
-39.563
14.79
23.562
52.992
60.23
66.545
30.829
-7.3324
15.534
10.472
-20.498
25.107
47.415
55.736
38.833
12.552
-90.737
-116.02
-66.898
-107.13
-52.548
-12.156
-19.473
26.735
7.4844
-13.348
-35.073
0.74688
-24.465
-27.835
-27.533
29.945
13.973
51.592
40.588
62.619
33.67
-5.8983
-94.804
-67.056
14.568
-8.7069
51.979
34.684
31.401
63.728
53.112
75.571
14.761
22.41
-30.856
-75.162
-13.665
51.052
32.273
22.508
1.015
39.208
49.643
58.185
-16.539
-149.34
-114.46
-28.023
NaN
NaN
NaN
NaN
NaN
-81.878
-107.02
-3.0038
9.8239
36.454
87.776
66.532
38.062
45.861
30.546
20.911
-20.643
74.218
-5.7832
-62.928
-25.398
-29.01
13.304
46.735
-41.363
-0.4441
26.63
45.731
41.113
7.5278
40.144
73.855
-44.742
-56.795
-20.111
-6.8099
-5.187
-12.96
14.883
21.821
7.8845
-27.498
-26.968
-121.74
-21.989
53.766
35.798
0.85111
33.779
4.5896
81.602
21.594
-45.845
25.293
-7.5836
31.17
-4.073
-32.727
-54.267
12.323
39.42
-12.308
-134.53
-121.47
-65.162
-98.211
-114.62
-7.6807
42.791
84.37
82.456
74.922
74
37.386
65.751
43.86
6.882
36.685
48.782
45.048
55.392
22.462
106.32
41.321
-43.507
-29.682
-56.768
-48.452
-81.785
-95.59
-6.9897
13.226
28.081
34.216
30.3
16.252
-48.28
-78.303
-73.748
-86.581
-56.912
-76.328
9.2729
51.963
7.985
-33.658
-31.756
NaN
NaN
NaN
NaN
20.821
60.668
97.8
99.372
25.199
-16.283
9.3865
73.931
1.1777
NaN
NaN
NaN
NaN
33.089
-53.33
-61.425
-3.1209
0.20486
-11.188
-31.057
