10.889
7.9365
53.429
-4.2528
0.70356
-12.735
-19.799
-43.754
-43.13
-51.413
-103.06
-23.32
49.898
89.746
48.03
16.488
53.801
99.541
102.53
96.855
39.029
15.536
63.691
40.453
53.499
28.812
-117.74
-160.26
-119.02
-10.589
5.5206
-12.476
-17.76
-7.0995
-51.756
-87.951
-57.446
39.255
-18.389
NaN
NaN
NaN
NaN
NaN
-60.235
-62.159
18.323
38.335
-7.8497
48.184
4.0291
-48.243
-47.082
-12.633
42.496
92.624
95.249
99.566
18.072
-75.759
-51.981
26.297
20.333
59.682
41.994
1.1134
-17.688
-34.769
-50.081
-30.821
1.9543
6.2796
-3.3343
4.5792
-12.093
-10.634
8.7342
44.334
41.93
-1.1599
-82.217
-87.102
-9.6545
-24.957
-15.377
32.152
1.3992
-40.945
-23.976
5.5565
25.089
38.31
-24.214
-20.603
-28.109
-10.291
-2.7698
44.019
11.933
4.9475
-9.7415
14.713
101.81
100.33
90.687
37.244
-24.913
-35.298
-12.631
-55.448
-117.36
-75.263
-0.88269
-10.99
-50.905
10.014
60.956
47.29
-0.88428
-1.22
-5.4651
3.1079
66.242
136.61
7.4916
-47.833
-2.4911
12.154
-47.003
-45.965
-21.809
3.4443
-66.321
-57.752
-33.286
-18.589
-1.5194
4.1407
11.253
28.314
30.71
-19.182
-51.525
-17.766
43.695
22.918
3.1992
53.878
NaN
NaN
NaN
NaN
NaN
59.505
-35.131
5.3449
-2.2494
-17.224
-56.131
-147.35
15.719
23.229
66.352
23.683
-50.297
-64.389
-28.244
55.226
55.473
74.716
39.472
-3.2495
-45.67
-21.957
-9.7777
-30.991
-3.5505
-10.385
-26.682
-34.042
0.70639
-25.847
-10.136
18.422
25.706
21.997
39.924
67.744
9.2946
2.1169
1.0791
-3.328
0.81641
-51.722
-73.748
-63.568
-18.109
-37.158
-10.345
9.4415
24.85
-2.5053
-22.653
14.821
-33.013
2.6019
20.155
18.232
-10.909
55.888
109.58
134.28
169.89
116.56
7.243
-51.598
-148.69
-61.144
-19.891
-8.3444
-6.9763
-28.186
-24.457
-75.415
-69.942
4.3785
-4.186
-32.538
-28.259
-52.092
-27.146
-49.616
-40.105
-13.806
57.385
90.444
101.15
101.09
25.375
-74.355
-102.56
-31.267
-22.444
-26.762
-17.263
38.112
68.571
82.701
119.24
30.572
-39.891
-15.115
-7.9713
31.266
78.675
NaN
NaN
NaN
NaN
-15.339
-25.874
-34.727
-39.392
-66.803
28.098
-36.602
27.253
79.423
NaN
NaN
NaN
NaN
-18.381
-41.445
-92.307
-25.79
-22.773
-1.5755
5.1104
