-65.115
50.79
46.32
-0.56917
-4.1373
-33.575
-12.307
-67.474
-8.691
6.2826
18.037
7.1927
-24.471
-31.972
-10.587
18.008
-5.9452
-19.163
7.6322
39.047
21.282
-61.202
-72.501
9.8407
81.868
56.202
11.686
-108.11
-91.779
-21.519
-27.025
-13.536
6.1722
51.976
114.57
119.55
87.006
-34.943
-48.125
49.294
-18.003
-67.175
20.935
17.616
-0.68599
-62.132
-57.788
40.596
61.726
37.354
6.1775
-66.176
-44.032
-38.543
-4.7747
22.581
68.513
NaN
NaN
NaN
NaN
10.617
46.932
75.808
93.315
41.447
66.98
76.495
-35.261
-55.956
-44.744
-38.962
44.15
104.79
83.776
-2.5439
-67.886
-77.607
-121.25
-85.854
3.9643
-39.73
-14.196
44.613
44.208
11.821
NaN
NaN
NaN
NaN
53.717
68.449
38.956
-13.604
-34.437
-53.419
-39.775
11.736
25.82
-21.568
-43.614
-19.208
-10.656
9.4521
-2.1005
52.714
49.627
51.228
5.7834
6.8036
5.7575
-43.114
-37.529
-23.769
-22.048
-112.25
-67.743
-7.4836
-12.152
-30.8
-3.363
25.22
101.47
115.78
60.594
-23.632
-47.326
35.833
61.883
32.399
-54.036
-56.331
18.288
27.031
-10.513
-45.611
-3.7568
7.8247
46.614
-68.472
-4.6136
15.607
51.938
0.32242
-16.192
19.625
-12.251
-38.312
-72.22
-9.4566
10.403
11.662
7.7659
30.825
57.719
50.107
-17.299
-11.569
-17.846
-57.527
-5.2077
31.246
-26.623
-39.239
-20.459
-58.544
-26.292
-31.944
8.464
-28.371
97.882
29.912
77.526
38.826
-45.364
-42.811
85.93
59.124
-6.9062
-10.85
-9.3969
16.372
-10.201
9.7307
-13.149
-8.6571
8.1487
24.879
15.802
66.423
0.096114
45.028
16.254
-53.489
-61.266
-59.01
-58.981
-83.618
-86.182
-51.274
-58.867
-62.485
13.107
3.1736
-21.922
-27.727
68.013
91.509
115.61
44.169
54.821
60.125
43.802
46.763
4.8833
-37.335
6.9603
10.503
48.673
16.159
125.6
-28.639
-93.797
-58.822
40.201
-14.171
-40.865
-87.159
-52.927
40.137
-36.605
-103.54
-93.787
15.603
13.157
-4.4705
22.506
-5.1955
-2.0124
-10.66
-1.6758
-36.179
25.194
62.183
21.111
41.337
57.483
34.89
-8.0355
19.599
67.684
35.194
-36.87
-11.485
-3.4752
