14.683
57.018
0.50312
-24.025
4.4771
0.9415
19.423
-27.385
-10.16
19.609
13.327
-27.329
0.13428
27.904
-18.637
-58.992
-5.4805
-30.936
11.761
-9.8516
5.929
-36.157
-35.2
-22.231
18.345
17.936
-5.2852
-0.91642
27.034
29.454
16.326
1.1201
-16.371
2.5301
5.1306
31.101
33.07
7.7546
2.569
-10.666
-5.7441
24.264
26
3.6825
3.3501
-27.491
-32.623
-5.6481
-4.6596
2.9786
-1.6439
35.315
-2.2306
-14.592
-39.638
-20.483
11.205
-8.5462
-21.68
-23.08
-0.32863
8.8587
-8.2857
29.139
-1.7212
-15.842
-9.792
-7.5864
9.3738
6.2824
29.365
20.604
16.685
-30.667
3.3778
4.7683
27.745
22.721
1.4243
-14.878
-23.213
9.41
24.736
9.6174
NaN
NaN
NaN
NaN
NaN
9.394
14.268
46.914
6.752
43.13
10.329
11.501
51.226
3.3508
-55.357
-38.896
-21.596
-31.954
-40.63
-8.2873
-2.1769
-9.2083
-24.022
-53.07
-5.8133
-3.0551
-38.195
-4.0002
-0.058974
1.7649
13.166
43.94
51.654
52.492
97.371
59.908
40.125
15.757
35.615
10.45
-27.88
-44.481
-2.5015
-7.7782
-51.644
-22.804
-30.091
-10.536
-1.5143
-4.6386
-18.913
0.92746
-18.909
-6.9541
-27.795
-10.971
-71.481
-64.54
-23.754
-93.687
17.563
42.092
56.951
57.977
27.048
72.442
71.327
71.914
32.773
-20.643
-42.317
3.5838
28.604
33.714
25.435
-49.425
-29.019
-17.758
-5.3925
-17.903
-14.082
2.2738
1.2976
-4.6403
-4.6259
-53.179
-37.407
23.201
-31.656
-3.7644
10.733
-3.4589
4.2855
9.77
24.269
26.451
4.8695
-33.73
0.086995
-1.7518
NaN
NaN
NaN
NaN
NaN
NaN
13.05
36.203
-11.986
-13.896
46.169
31.032
54.568
50.564
6.2878
-9.007
12.657
-26.629
-59.794
-54.755
9.8258
24.136
15.564
-3.0474
26.634
6.917
5.3194
-45.248
-19.372
14.072
-48.273
-5.5419
-2.8422
-17.538
-33.011
1.6932
17.175
17.415
10.435
26.804
4.6046
-15.408
-55.673
-20.091
13.136
25.723
7.6116
6.0055
-9.5695
24.527
27.94
21.007
34.549
45.642
37.181
11.107
-18.159
-13.917
-36.342
8.7456
-27.772
6.5798
-20.264
-10.903
-37.513
-30.679
NaN
NaN
NaN
NaN
NaN
NaN
37.325
-21.643
-22.648
-19.499
13.391
-41.072
-16.24
10.653
-1.7309
-13.856
-4.2353
3.8167
39.399
2.3707
-9.9467
-9.7579
6.4398
-4.8559
NaN
NaN
