-145.25
-7.3176
0.81315
47.343
31.727
-27.291
-20.865
17.075
59.356
121.19
58.36
-18.377
-34.502
-57.115
-28.398
13.099
22.849
-4.6291
20.416
12.625
-23.127
-105.31
-23.601
68.128
94.751
70.743
3.0924
-30.348
8.8866
-35.279
-55.669
-11.362
-50.103
-50.948
5.6086
6.207
39.361
65.1
60.449
40.006
6.9045
33.199
23.091
-21.124
-47.604
-35.818
4.7995
12.632
-57.036
-40.902
37.151
6.5502
10.739
-51.116
-7.1689
0.23257
-2.1543
5.0902
-19.898
-13.159
-29.773
11.58
-37.221
-20.168
6.8789
45.945
29.764
2.7012
31.676
83.459
54.096
-30.039
-93.673
-95.182
0.12912
38.531
22.2
36.815
19.963
33.687
35.476
23.674
-28.041
18.888
NaN
NaN
NaN
NaN
NaN
-70.539
-28.032
54.366
59.207
18.067
-18.031
-49.735
4.3963
-0.25433
-55.64
-15.851
77.462
57.419
-8.1051
-18.858
44.924
-37.472
-65.342
-57.993
-11.078
-30.232
-9.9961
-4.6087
-40.045
10.934
33.828
13.597
31.078
37.871
19.353
63.544
38.798
-2.2124
-15.123
-34.309
-13.014
-3.5639
6.5523
2.2953
21.56
24.228
15.672
21.733
11.385
61.285
22.008
-28.278
-46.418
7.8229
-21.817
-53.934
-31.431
-22.227
-31.352
-57.818
-17.792
-4.623
27.035
11.283
11.654
-26.165
-54.494
-10.539
14.615
62.06
16.749
-7.816
-6.7945
23.734
-11.304
6.88
31.651
13.745
37.843
23.361
22.848
50.029
38.249
-43.665
-44.779
-80.495
-38.027
13.324
10.038
26.389
8.2333
-25.91
28.446
51.17
38.18
-1.2762
-17.892
-2.3374
24.031
11.244
NaN
NaN
NaN
NaN
NaN
NaN
65.166
15.754
-10.964
-29.985
-47.116
-16.946
-29.069
-4.4456
24.649
2.8113
12.194
14.459
10.812
-14.357
-63.229
22.674
48.173
68.865
7.7704
61.447
24.621
-28.971
-21.852
32.274
-0.59539
-2.0124
27.749
-13.563
1.6715
11.387
2.9201
7.432
-27.962
-35.037
15.062
-23.796
-47.221
-29.125
-28.248
5.4596
1.4053
-96.216
-27.579
44.417
35.302
64.911
83.092
64.913
23.848
-27.446
-41.232
-15.177
-24.604
-7.0564
-16.525
-19.885
-19.738
-54.692
14.426
-2.8966
NaN
NaN
NaN
NaN
NaN
NaN
-76.909
32.631
20.272
6.8664
-5.7076
-23.207
14.914
57.913
58.742
115.1
93.433
28.315
-7.7702
-55.512
-6.2793
52.772
-56.042
-22.257
NaN
NaN
