13.518
106.65
53.265
-19.042
-56.807
-38.375
50.363
56.996
11.102
14.709
51.557
18.432
54.666
-19.15
-53.665
-10.303
39.579
-16.248
-20.854
-12.003
41.113
26.533
-14.631
-25.901
17.296
-16.646
23.342
90.493
112.66
22.226
-71.077
-121.71
-62.156
-7.0804
-15.977
-33.539
-54.789
-61.077
-9.0012
-11.396
-37.014
-52.203
-35.976
4.9864
16.888
-37.739
-59.775
33.146
1.1467
101.98
90.924
47.891
101.28
107.59
60.315
-18.455
23.634
5.5492
-14.242
-106.13
-26.961
34.615
4.2147
19.787
-17.926
-62.739
-74.826
-14.374
42.819
27.753
59.335
17.727
-48.263
15.176
-25.378
38.671
13.313
-32.668
-28.712
17.282
-31.918
-5.6824
13.872
12.493
NaN
NaN
NaN
NaN
NaN
-11.835
-18.142
-10.724
-42.24
20.799
76.211
56.97
75.104
-12.836
-25.371
32.681
14.87
1.5499
-44.524
-14.27
-16.31
-84.379
-14.562
-8.2991
-12.122
65.599
69.445
89.675
38.812
-26.263
10.29
-30.043
54.327
66.189
-7.4493
17.197
73.827
25.39
4.0759
-58.365
-63.365
-36.412
-63.043
-53.842
-60.637
-62.612
-87.804
-18.858
-48.758
29.769
-12.677
39.262
47.405
59.817
-30.439
-108.53
-36.161
-48.348
-18.332
7.1478
36.739
61.959
70.459
51.282
92.958
87.22
109.87
94.669
15.16
-40.802
-51.603
-3.2434
9.3865
25.774
-32.434
-77.922
-13.671
-20.543
-30.642
0.23387
-15.814
29.475
54.616
-17.569
16.215
-75.866
-36.002
-10.945
-92.073
6.7572
7.6465
-106.92
27.944
-35.62
44.545
-13.85
-1.8598
2.0144
6.5633
4.6091
NaN
NaN
NaN
NaN
NaN
NaN
24.842
-29.224
106.2
91.688
51.068
-54.861
-104.7
4.668
13.887
49.034
49.428
-15.758
28.172
63.414
43.098
56.526
-75.975
36.405
23.315
36.055
15.903
-24.413
19.853
-78.04
-98.7
-84.565
-29.719
-5.7105
-22.796
-54.878
-17.993
20.064
23.718
-22.26
-47.299
-33.633
-48.635
-47.315
-21.322
43.644
55.121
27.677
12.891
-42.045
21.762
22.443
45.598
71.744
102.25
60.91
-27.865
-52.108
-3.1245
38.732
46.447
42.256
23.95
-1.6657
-14.27
14.928
NaN
NaN
NaN
NaN
NaN
NaN
-48.64
-30.202
-29.021
-31.64
17.142
-65.278
-92.331
-45.432
-18.741
3.4904
19.474
5.2836
16.16
21.608
-14.31
-16.683
-34.657
34.077
NaN
NaN
