-25.072
-1.1321
-44.207
20.424
3.578
-0.58235
2.9884
47.502
42.987
8.6546
-15.944
-18.955
-11.783
-37.298
12.817
20.704
34.197
-37.66
NaN
NaN
NaN
NaN
NaN
5.8632
21.748
-4.4178
14.455
-25.736
-0.86851
-14.593
-53.32
-4.2126
-8.5208
-12.916
1.7265
-1.5912
33.824
34.575
26.423
-19.236
-15.049
7.974
-21.95
-47.295
-19.454
-4.0179
6.6061
-10.577
24.93
21.752
33.877
-5.6375
6.4216
-5.8488
-12.584
-7.3858
7.8232
NaN
NaN
NaN
NaN
21.412
38.395
24.78
-14.856
-33.21
-38.522
-0.20838
-10.091
-14.252
6.4918
-18.712
12.252
4.7381
-58.549
-43.594
-25.64
29.689
32.109
-7.4952
-18.393
-12.321
7.5732
-22.92
NaN
NaN
NaN
NaN
25.285
16.481
23.94
33.92
28.507
14.057
-26.298
-14.861
-18.484
33.022
-26.365
24.765
31.753
-6.771
-3.8703
-10.075
-24.391
-13.605
0.5603
-3.2315
29.883
57.596
-15.477
-15.735
2.9883
-0.46375
34.755
4.8297
10.014
21.812
-5.4656
23.083
-11.012
20.474
-8.0904
-33.126
-60.753
-58.323
-11.217
-16.684
-37.941
12.325
17.643
-8.8553
21.296
22.625
8.673
-2.7254
-15.8
-3.4925
-1.4619
0.71467
9.5928
26.732
14.249
-42.786
5.887
11.333
6.8785
-23.91
-6.1518
49.33
23.906
14.828
1.8008
14.23
NaN
NaN
NaN
NaN
4.9679
30.892
21.907
62.105
63.447
-20.958
-58.563
2.9394
4.1932
-4.0529
-29.705
15.381
32.847
47.583
-4.3856
-43.956
3.0601
-6.5685
-9.5197
-9.3274
22.311
-19.291
16.539
15.895
-9.6503
12.356
-32.724
-17.731
-13.858
-14.707
-31.136
-30.61
-61.015
-63.67
-56.809
-59.954
-33.988
27.579
22.756
29.48
90.769
85.229
66.04
46.356
50.775
48.205
27.711
30.514
-10.198
-7.7212
-57.115
-14.426
NaN
NaN
NaN
NaN
-5.1836
16.552
19.25
8.7348
-12.58
-23.975
-29.468
-47.155
-61.972
-65.268
-76.405
-42.939
-30.519
-32.256
-42.453
-30.955
-11.305
24.02
33.128
30.041
-22.691
22.217
62.641
27.835
60.74
55.549
34.254
-5.0918
-7.5781
-8.8758
29.694
4.2705
-10.709
2.2066
29.488
52.085
36.445
3.2662
-80.412
-26.809
6.1418
-33.777
-28.368
-15.659
-43.084
35.443
33.666
39.797
8.5279
-2.744
-4.0061
14.079
-6.3038
-59.296
-2.1781
-13.5
-17.201
-32.776
-5.649
15.179
31.736
15.336
-5.3096
-42.828
-35.756
-23.892
54.502
35.809
-8.621
-21.281
-35.049
-10.323
21.375
17.134
-27.624
42.694
16.386
8.929
46.439
