-57.55
-13.829
-9.5241
-4.854
-25.973
26.694
47.31
59.178
58.002
-30.203
-32.065
-19.903
65.825
60.278
23.321
44.72
-30.967
6.198
NaN
NaN
NaN
NaN
NaN
43.367
17.086
52.899
10.4
68.514
20.011
-4.2322
7.2504
21.339
-4.0657
-5.2499
4.3022
1.453
-9.8421
-43.478
-31.952
-13.095
-67.776
-18.274
-14.99
5.3185
-36.461
-60.179
-52.76
-74.253
-13.048
-17.945
-48.744
-74.423
-3.3955
-50.087
-59.061
-4.5515
-0.39901
NaN
NaN
NaN
NaN
55.737
73.27
58.053
123.53
122.71
61.096
58.592
41.866
37.253
48.378
94.545
2.6402
6.125
-37.373
-18.121
-72.753
-119.26
-80.506
-17.863
-8.6859
-2.7718
50.799
58.484
NaN
NaN
NaN
NaN
-153.73
-109.06
-104.48
-78.452
-68.113
-39.858
-23.308
-43.265
7.6436
49.368
16.17
35.372
64.013
35.414
-6.2273
-19.351
19.088
37.295
0.29207
-14.248
16.709
35.864
15.772
36.741
62.314
84.285
9.9643
-15.305
52.909
27.304
-3.8374
29.592
30.216
64.015
2.5423
4.554
18.377
55.473
25.755
-33.55
-47.338
-49.321
-7.3047
-33.199
-34.152
-26.185
13.397
6.9773
12.784
-65.379
-85.247
-42.456
-51.951
-80.807
-17.047
-29.948
5.1937
-87.654
-61.02
-13.265
12.056
41.572
30.649
-25.425
-28.483
14.853
NaN
NaN
NaN
NaN
27.431
35.503
89.531
57.914
53.816
54.534
87.14
61.109
71.544
50.873
48.94
72.594
53.264
-11.092
27.917
-31.281
-10.16
-29.039
-57.114
-50.782
-41.387
-1.4146
-65.03
-108.9
-81.054
-44.605
-7.5403
-16.101
-0.9728
-34.479
-57.804
-50.787
-68.096
-18.06
-38.397
13.072
23.714
3.5594
17.326
26.881
19.657
-27.679
-35.105
-12.542
-24.915
71.529
73.311
107.61
-8.5534
-11.446
-16.331
68.909
NaN
NaN
NaN
NaN
72.162
52.613
103.22
34.379
94.293
28.043
26.282
-42.664
-37.415
12.792
-15.37
-77.301
-50.499
-20.251
14
11.828
-14
-57.268
-43.156
-22.922
-38.043
-32.803
-89.242
-70.303
-11.242
-28.968
-41.501
-38.795
-28.894
6.6382
6.3879
-36.857
-57.588
-24.295
40.289
33.759
-4.9321
12.749
-7.85
-44.655
46.069
129.81
88.968
88.081
142.09
94.144
22.03
17.793
-4.977
37.63
55.228
76.119
44.354
-95.558
-31.881
-62.255
-3.3638
3.7482
-45.933
44.544
-17.997
-10.086
-47.136
-26.024
-76.621
-69.401
-22.76
-16.87
-52.705
-90.116
-55.672
-26.458
-48.069
-14.155
7.4169
50.757
59.583
34.005
52.018
