NaN
NaN
NaN
NaN
NaN
NaN
NaN
NaN
NaN
NaN
NaN
NaN
NaN
NaN
NaN
4.4729
13.644
7.1252
32.802
11.572
56.341
42.728
52.887
82.052
-16.934
NaN
NaN
NaN
NaN
-21.634
-11.245
-7.0608
-4.7614
25.884
17.434
10.881
14.225
NaN
NaN
NaN
NaN
NaN
NaN
-71.218
-49.467
-31.16
-61.885
-51.326
7.5865
39.327
62.778
12.154
-25.788
-5.7236
-36.6
-8.051
-0.27007
-29.59
-51.386
5.4656
26.037
10.888
36.294
-21.185
-9.2886
-3.4014
-112.81
-28.858
11.588
26.841
25.4
33.709
58.717
33.469
44.107
68.507
89.902
73.439
-13.675
-17.47
-12.58
-65.333
-64.305
-29.899
-64.069
-9.2142
33.193
38.479
54.058
14.266
35.684
-41.682
-72.226
-50.057
-19.553
-49.392
-21.139
-10.341
-4.7694
-0.72782
13.493
16.189
-4.6782
15.269
26.147
45.857
55.649
-3.6839
-11.562
-13.13
-21.855
-38.365
6.1679
23.793
9.4508
12.393
25.997
1.5553
-97.898
-97.73
-15.732
9.4983
28.57
47.759
30.285
37.085
10.994
-2.796
40.219
22.363
66.011
36.644
2.1087
30.528
7.9901
-86.069
-19.499
4.5056
-7.7507
-16.104
-50.125
21.873
13.589
-42.582
-2.3383
-19.001
-42.64
-12.257
-17.985
-61.896
-10.159
-17.131
29.701
50.796
77.674
45.679
-6.5303
-21.551
-17.168
-11.022
59.172
3.2516
-89.014
-39.34
-16.96
-26.187
10.803
57.191
66.218
57.281
37.333
-14.833
-79.184
-22.131
-64.895
17.652
29.069
59.987
35.471
4.6523
-6.1683
7.5057
42.631
16.804
-5.8576
-25.166
-72.706
-62.966
-56.301
0.75903
36.743
18.871
-2.2746
35.131
44.513
48.43
54.693
58.114
53.926
-4.1302
-27.487
-21.336
-54.086
-127.63
-95.408
-94.318
-59.216
-46.442
-61.575
-22.452
14.701
47.946
50.183
38.946
38.195
85.115
97.423
18.764
25.501
23.351
38.85
-31.361
-23.491
17.976
40.87
-12.994
5.2634
-3.203
-2.2437
19.89
16.535
50.053
46.299
-50.042
-41.572
-0.76352
-58.648
-73.112
-11.694
