NaN
NaN
NaN
NaN
NaN
NaN
NaN
NaN
-31.846
-40.478
-126.24
-39.505
15.439
14.767
19.143
13.969
33.284
-50.016
-104.8
-59.644
-20.379
-36.849
-30.569
10.871
19.309
25.232
-18.762
-4.6247
55.739
38.753
65.382
70.348
51.811
22.108
78.078
60.885
4.8819
-48.894
-40.667
22.148
24.691
5.3654
54.49
28.348
0.87783
20.846
45.527
14.124
-26.213
-78.968
-68.315
-63.098
-78.731
-82.008
-40.228
-7.3976
13.692
-5.0135
-37.678
-51.251
1.5046
10.84
34.391
46.667
51.811
41.433
-6.8696
-14.113
6.3701
23.249
1.8627
50.652
24.556
-51.107
-82.444
-52.911
32.448
23.963
18.631
8.3224
-10.2
-55.272
-8.8699
25.794
-6.3883
25.096
34.671
6.0984
25.539
36.74
107.63
95.746
54.858
78.518
45.585
7.4573
-53.041
-78.241
-60.325
-45.01
-60.154
-65.628
-85.864
-78.679
-44.044
-74.887
-11.691
8.5527
69.535
31.435
11.07
51.015
49.324
-10.644
-68.287
-60.393
-27.66
-12.605
-20.47
7.274
-33.587
4.4902
48.843
61.51
43.785
47.253
55.157
71.844
20.815
-17.48
0.22027
50.994
76.055
61.618
-19.298
35.543
16.517
33.994
-25.236
-67.258
-105.96
-29.163
-10.495
-106.43
-72.094
-68.835
6.4541
-20.279
2.2826
-27.961
-42.747
-52.102
-49.753
26.561
70.579
NaN
NaN
NaN
NaN
NaN
NaN
NaN
NaN
NaN
NaN
NaN
NaN
NaN
NaN
23.186
-12.106
19.032
-33.715
-11.729
29.694
57.613
-11.636
-67.24
-45.932
0.16813
6.5873
22.942
7.0586
37.349
23.653
1.863
66.397
-43
-51.048
-81.052
-66.436
-24.984
-7.2683
37.59
78.566
80.507
52.351
-26.794
-1.2513
23.401
98.109
30.332
63.166
-11.469
-84.035
-83.905
-75.826
-80.705
-23.75
-12.6
27.034
-8.3096
-16.528
-25.546
-2.9963
66.347
86.156
115.87
35.976
-95.855
-146.72
-46.573
-28.922
32.913
27.77
-8.256
-28.251
-58.777
-71.852
-54.53
0.62917
101.18
133.31
80.049
33.966
59.237
37.101
-4.1327
-44.44
-1.9043
29.21
76.902
57.091
