NaN
NaN
NaN
NaN
NaN
NaN
NaN
NaN
NaN
NaN
NaN
NaN
NaN
NaN
NaN
8.8573
-34.33
40.206
64.214
48.27
92.355
12.306
-5.6963
54.619
3.1219
NaN
NaN
NaN
NaN
-35.758
25.131
44.828
-14.582
27.555
-2.2556
-32.206
-39.772
NaN
NaN
NaN
NaN
NaN
NaN
29.392
56.347
-238.04
-66.169
-84.208
-54.016
5.7713
12.126
19.34
9.9616
29.239
22.834
32.615
53.7
44.29
25.667
26.376
15.013
42.464
93.178
96.796
89.617
43.609
-26.82
-32.678
-59.141
-24.404
-29.316
-36.045
-37.881
-41.181
-24.039
-10.258
-21.495
8.4629
-18.577
-11.76
-47.347
-88.427
-20.489
-53.241
-31.102
-11.378
1.3225
73.865
67.746
-4.4217
36.416
-21.884
-26.52
-13.872
18.088
9.2799
21.309
75.933
72.214
32.469
9.9559
-0.51295
-13.756
16.375
22.474
9.701
33.909
44.511
71.491
97.625
20.665
-70.717
-72.387
-17.395
-97.067
-52.881
-63.116
-72.972
-79.691
-73.273
-69.906
-30.389
-23.875
46.065
1.1354
25.266
18.719
14.277
-16.487
-0.91314
15.972
53.725
14.869
22.058
60.379
5.2987
50.509
88.166
96.545
57.554
60.132
48.249
3.079
-14.216
6.6563
1.6141
-1.0189
-31.416
-40.75
-1.7433
-22.927
-116.76
-78.869
-55.927
-48.657
-50.582
-16.712
-44.337
-60.569
-74.214
-52.716
-25.948
-12.351
66.381
71.119
45.339
65.246
79.117
31.911
33.621
17.612
37.996
19.221
59.362
-78.456
-47.348
-25.267
15.881
-12.953
34.517
47.412
40.949
42.531
25.826
64.874
78.976
18.239
16.66
7.8414
-46.382
-63.416
-42.577
-60.567
-60.862
-49.82
-38.164
-39.757
-31.606
-87.019
-74.257
-72.766
-68.668
-25.022
4.2916
37.598
31.983
51.536
58.277
38.702
100.19
38.664
-13.161
85.417
50.03
30.391
56.031
35.217
-27.758
6.7819
11.991
24.175
-65.96
-70.298
-31.636
37.112
58.518
12.388
-0.69708
-13.852
4.3029
-5.5273
-16.707
2.9471
-27.655
-34.151
-25.002
-65.997
-36.819
18.934
