NaN
NaN
NaN
NaN
NaN
NaN
NaN
NaN
-26.895
-33.659
-40.723
-11.013
12.236
-48.452
-77.666
-58.914
-20.667
-27.063
-55.683
-40.88
-28.498
0.17616
-15.185
-2.9596
9.3893
-5.6119
6.9738
14.819
-8.6202
-12.02
-7.704
48.816
69.83
35.255
45.818
54.067
4.0139
-1.834
29.833
101.42
50.514
12.339
30.675
36.544
45.878
74.7
51.815
18.426
-50.092
-62.704
-53.073
-109.74
-124.74
-69.743
-78.491
-32.534
3.3578
-9.0801
19.27
17.129
36.611
8.0205
-55.148
-61.717
-34.713
-27.742
-54.006
-15.798
32.83
82.504
55.61
69.164
-5.7217
-30.161
-28.736
-3.4783
33.057
23.511
22.643
25.987
69.49
-23.894
-12.484
68.98
51.246
27.525
-13.095
16.802
14.425
38.705
56.951
28.077
-12.077
-25.881
-50.42
-3.9149
-50.463
-46.581
-56.597
-57.089
-96.777
-48.947
-8.8389
-12.141
0.16204
-52.578
-20.297
14.356
57.252
24.669
60.565
59.507
44.005
-27.629
-48.473
14.804
9.8328
-25.702
-0.94959
28.549
-50.163
-24.414
29.752
30.063
75.459
87.431
28.009
25.607
-30.503
-39.912
-39.025
-17.669
11.571
16.997
-46.413
-16.917
22.163
66.202
50.867
6.8682
-43.258
-17.784
-48.605
-70.499
-75.786
-80.277
2.7951
9.6886
55.841
-10.105
11.403
10.968
17.529
39.911
61.452
NaN
NaN
NaN
NaN
NaN
NaN
NaN
NaN
NaN
NaN
NaN
NaN
NaN
NaN
-16.793
-21.58
-17.448
4.0986
-60.426
-16.578
5.598
-29.532
-0.98107
3.538
-50.36
-30.679
-94.814
-29.26
16.759
-27.024
29.728
76.772
18.51
-1.4135
-33.054
-21.416
45.457
80.787
103.73
106.43
86.875
46.414
11.917
-20.568
-36.835
-15.006
79.408
17.884
-35.81
-98.144
-73.505
-78.396
-62.394
-24.892
-54.048
-20.967
-11.055
23.77
9.1971
-14.383
-10.605
6.5996
37.648
19.801
-4.6101
-8.4151
-54.993
-28.919
31.475
52.645
7.7141
-50.436
-63.196
-69.147
-38.74
25.242
99.015
120.5
76.656
65.504
17.4
10.102
-7.1181
-48.69
-6.2386
38.261
35.962
50.395
