-27.073
92.077
76.739
151.92
172.71
122.53
52.542
-61.111
-41.082
NaN
NaN
NaN
NaN
-29.993
31.703
50.574
13.692
35.124
1.7622
-66.725
-52.628
-59.902
-79.065
-8.1803
-83.056
-79.842
-52.123
1.9884
0.12519
-32.153
-15.684
-29.216
-4.9732
24.263
-19.896
55.298
61.33
14.194
33.313
73.436
121.86
81.457
26.16
63.35
-1.1466
8.259
-32.393
-68.86
-44.31
13.084
52.764
52.707
0.77975
-44.048
-17.018
-43.468
-41.022
-20.671
20.811
57.623
-14.773
-11.375
-23.892
-81.689
-74.773
-54.409
-60.732
-31.745
-29.517
-30.067
0.63313
17.973
78.811
86.37
111.6
127.69
93.672
12.35
3.462
53.928
-75.005
-141.61
-65.615
-36.072
-8.2177
-34.908
-0.63758
100.09
-49.335
-99.093
-10.624
1.0795
1.9292
-23.746
NaN
NaN
NaN
NaN
NaN
NaN
66.896
95.474
53.297
-36.953
-61.555
90.757
99.868
97.425
-13.224
6.3769
36.214
-50.096
-108.1
-149.25
-153.26
-172.28
-116.57
-127.43
-64.909
41.989
29.51
47.186
60.723
15.564
22.881
62.922
120.21
110.92
112.45
21.272
20.937
43.307
17.624
23.124
10.704
1.4027
3.8095
11.452
-84.079
-10.264
1.8714
-38.093
-38.985
-30.134
-95.649
-73.447
35.494
112.03
31.897
-6.78
-17.239
0.73378
8.0449
-46.05
-25.84
-102.31
8.8721
-24.595
-58.179
-8.529
36.893
21.734
19.754
16.766
60.975
69.189
60.555
13.315
-20.963
-94.579
-10.982
-31.629
9.0387
31.159
79.783
69.193
-36.385
-19.942
21.454
-11.32
-38.241
-73.199
-63.281
-37.259
22.276
73.505
NaN
NaN
NaN
NaN
-35.798
58.501
31.175
17.497
14.215
-22.067
-58.752
10.972
-3.0505
-72.29
-116.3
-78.437
-67.504
-34.856
2.8311
27.378
68.094
101.25
56.765
47.381
16.326
-56.436
-130.53
-29.922
-43.148
-11.725
-63.078
-68.865
21.56
87.065
100.55
63.545
59.958
42.919
59.529
67.816
87.572
70.979
-12.624
-79.912
-59.907
-47.481
-2.7847
77.475
98.979
80.278
16.257
29.403
-38.1
-151.39
-169.77
-89.906
-116.62
-144.71
-110.49
-63.324
-57.971
-73.432
23.214
22.618
41.901
53.957
66.914
96.457
108.21
