-20.742
-5.8943
19.467
67.722
71.39
64.984
59.67
72.276
-57.462
NaN
NaN
NaN
NaN
36.538
56.829
38.125
43.65
-13.96
-110.25
-85.428
-126.98
8.8555
-85.77
-49.299
-17.272
41.98
-16.004
20.286
39.465
13.148
-4.6404
77.076
-5.7723
7.1762
-5.6029
52.4
-54.003
-79.395
-58.669
-79.93
-17.611
41.444
82.844
-11.475
11.568
56.087
-11.251
-7.0601
-81.712
-36.274
49.456
3.7914
-1.1554
42.193
29.191
37.567
13.014
19.014
47.449
-3.4412
106.59
100.34
-19.525
0.050408
11.518
-37.838
14.061
19.231
5.3977
-44.406
-63.174
-53.712
-93.018
-28.519
-44.546
-45.872
-67.037
-120.73
-25.303
-59.964
-46.09
110.88
123.29
40.981
26.303
21.563
6.5136
-52.371
-33.718
-7.047
71.246
-1.0153
-6.5858
70.852
NaN
NaN
NaN
NaN
NaN
NaN
25.096
-9.635
-41.835
-43.086
64.954
110.45
98.728
43.336
-109.87
-35.852
-121.3
-65.366
-80.432
-69.976
-99.437
-5.7583
-65.463
-20.823
-39.877
-21.667
-38.315
-63.066
21.801
40.776
29.267
23.18
-20.268
-40.6
86.74
82.683
112.23
74.91
34.328
100.54
75.813
54.633
20.372
-46.771
-17.404
54.313
-27.883
-34.033
-32.827
-35.153
-46.217
-0.86131
35.921
28.843
-124.99
-66.264
-25.648
-77.725
-15.602
17.204
-36.379
-40.646
15.165
35.653
-59.069
24.633
38.603
29.822
-13.014
19.618
101.92
54.018
19.349
-56.057
-109.09
-61.16
-24.797
32.373
1.3209
48.038
64.581
90.317
-16.138
-3.2011
62.224
68.705
61.456
8.6516
-106.94
-36.342
-72.535
-2.3528
NaN
NaN
NaN
NaN
19.167
6.8863
-65.592
24.515
58.603
73.966
112.59
115
21.165
-28.239
-79.332
-26.482
-59.077
-120.76
-123.55
4.4315
41.643
93.585
49.055
23.94
-21.69
-92.652
-56.437
-32.831
-29.756
-14.111
-20.359
-37.682
12.938
118.78
90.819
19.648
48.186
-9.577
0.7258
57.813
35.808
-46.772
-40.586
-0.30025
28.914
15.831
75.557
3.2381
78.693
65.536
33.301
0.036111
0.75235
-42.533
-31.258
-20.528
-63.366
-36.806
-133.32
-134.81
-137.03
-55.963
-34.503
-38.631
-12.826
1.868
14.444
141.57
82.177
