-13.928
22.703
80.045
152.43
163.89
71.591
32.169
-38.602
-88.559
NaN
NaN
NaN
NaN
11.576
49.886
80.543
34.549
14.189
-94.955
-125.79
-67.477
-29.691
-24.792
-45.27
-102.79
-68.501
-29.833
-28.304
14.294
-0.038271
43.014
-14.745
34.405
-2.7257
14.303
59.787
84.729
82.507
77.703
47.203
75.028
61.972
-4.4232
-20.242
-12.758
-17.947
-13.212
-59.91
-20.344
34.546
60.23
-32.371
-48.247
-40.821
-15.596
-23.268
-0.29146
-4.599
-21.505
-19.701
-0.95869
-9.3809
-21.318
-64.567
-71.241
-40.42
26.989
52.793
-16.049
-90.574
-67.513
-34.432
34.3
75.085
111.4
155.87
143.46
56.798
93.498
62.481
-80.742
-95.087
-16.133
-2.0461
-44.061
-46.466
-11.251
17.561
-67.411
-122.77
-49.659
-20.921
-10.219
-37.741
NaN
NaN
NaN
NaN
NaN
NaN
43.728
80.144
51.302
-40.741
-29.197
64.361
74.845
77.494
9.5845
44.979
7.0639
-37.79
-31.595
-105.11
-105.01
-85.559
-73.57
-129.15
-60.119
32.939
32.483
9.3452
37.767
-17.04
-8.6435
78.005
113.93
114.53
78.131
-26.926
-24.524
17.027
32.736
29.04
32.309
-27.946
-19.341
-27.032
-43.825
-20.704
-39.888
-16.308
-0.39599
23.566
5.9878
-10.59
41.446
27.081
-4.5523
-12.206
-8.4876
28.964
-6.6364
-42.61
-121.41
-80.419
-15.067
-13.336
-68.432
-21.865
24.683
32.255
39.973
72.689
73.477
109.45
39.876
-38.762
-11.434
-21.63
-23.374
-14.46
24.427
60.1
92.323
22.702
-36.247
3.3729
-33.459
-28.334
-71.351
-61.552
-18.809
-74.456
13.888
6.3991
NaN
NaN
NaN
NaN
7.6561
31.593
-1.8431
-5.4545
18.075
-19.624
-62.583
-4.9789
-0.54915
-44.224
-68.801
-24.818
-34.569
0.55808
35.511
60.17
50.732
56.489
66.734
70.995
40.636
-2.7375
-80.977
-71.796
-61.604
-68.113
-122.71
-66.318
16.615
72.536
114.57
49.424
30.431
47.703
92.507
24.127
2.2085
-41.138
4.4456
-22.934
5.0826
-61.46
-17.477
40.457
55.115
55.988
42.384
16.201
-29.516
-104.11
-90.174
-62.428
-67.166
-61.467
-40.658
-16.051
-88.009
-67.132
19.742
62.779
15.787
-10.895
31.175
57.435
82.31
