NaN
NaN
NaN
NaN
NaN
NaN
NaN
NaN
67.428
-39.463
-5.1788
27.16
33.981
37.031
5.3661
-4.0537
66.787
63.117
41.71
49.722
12.841
-33.12
-44.302
-65.071
6.673
20.556
60.969
-3.6762
8.6606
-73.789
-42.469
-55.71
-28.754
-17.036
-34.362
-46.945
21.949
41.29
-25.242
9.0518
-16.347
-13.42
12.493
17.037
15.144
-25.603
-39.989
-37.144
1.3111
11.428
23.911
24.89
25.077
-5.0125
26.851
6.4433
19.374
51.848
-12.583
-22.835
-16.741
60.219
39.232
66.682
39.712
70.14
120.63
117.37
-30.728
-93.098
-116.38
-98.467
-99.179
-66.595
-54.164
3.1796
-38.978
-102.89
-119.39
-59.168
18.293
3.4212
40.655
14.404
59.691
121.28
84.07
29.8
14.938
5.6565
43.784
-38
-43.885
-36.478
-37.727
2.9249
49.826
94.576
120.55
110.42
63.928
79.496
46.062
-39.016
-93.559
-112.88
-20.423
-40.279
-10.068
-42.743
-89.799
-61.411
-66.362
-48.1
-16.017
-89.246
-10.086
-9.6599
15.261
43.135
40.492
11.725
31.56
32.101
-58.187
-53.839
-35.3
-2.2453
15.385
46.209
110.04
61.7
72.713
36.767
87.609
113.58
62.519
80.044
14.879
0.68971
-18.336
-67.553
-55.684
-67.771
-124.91
-96.761
-49.924
-64.915
-33.946
14.28
6.8095
72.132
125.74
34.743
-77.384
NaN
NaN
NaN
NaN
NaN
NaN
NaN
NaN
NaN
NaN
NaN
NaN
NaN
NaN
106.16
57.447
46.292
-9.9219
89.923
86.728
85.649
60.728
54.494
52.333
5.7932
-39.941
20.879
1.2449
-53.916
-78.798
-38.032
-20.584
-73.618
-5.4902
-42.525
-3.075
-24.141
-109.57
-105.46
-38.904
-33.229
-32.289
7.9485
33.756
-84.023
29.804
-9.0046
49.865
57.036
16.99
107.6
40.819
2.7784
24.544
32.686
64.402
12.6
-15.293
28.095
-4.0353
-41.408
-57.863
-18.469
-31.045
6.5427
28.193
65.267
71.821
71.609
24.427
-43.888
-22.578
1.545
45.38
-4.453
-61.425
-23.133
-52.604
-22.457
-50.61
8.0923
-48.414
-44.533
-6.5987
-40.716
25.605
-21.251
16.472
