NaN
NaN
NaN
NaN
NaN
NaN
NaN
NaN
-57.246
-86.481
-59.005
-4.7577
-26.502
3.3876
39.245
20.073
44.614
-2.5159
-13.83
30.969
34.877
8.2728
0.09672
-0.54541
17.885
41.993
5.107
-1.3543
5.2822
-3.2682
-47.983
-8.0478
-19.01
-5.9764
39.821
10.445
-14.412
-35.914
1.2026
37.046
-8.0355
5.9009
38.427
-35.881
-14.977
4.8888
42.59
31.723
14.969
-36.737
50.295
-7.714
7.5427
11.193
-15.392
-34.924
-10.923
-12.638
-0.56555
-74.892
-9.7282
27.961
-8.8486
-1.7763
6.3488
2.7485
9.5521
37.211
-30.058
-24.41
-14.736
3.5563
-32.508
-40.348
-17.905
25.175
-27.357
-62.252
-18.353
-7.3546
-25.638
-10.31
20.421
77.183
56.609
76.57
62.238
58.879
57.511
57.896
73.096
48.38
-5.2078
24.382
-0.85507
-56.225
-40.563
2.9883
4.6539
-25.982
-47.507
-27.457
-81.144
-83.289
-88.245
-69.112
-36.077
-17.246
27.146
-16.484
-5.6257
12.265
12.915
-11.773
-26.344
-30.113
9.6431
3.6798
29.743
57.431
42.334
20.452
-22.969
10.188
32.695
33.166
58.207
47.002
23.657
13.433
23.14
39.401
53.54
41.891
-19.323
-11.392
21.263
38.006
-32.03
-5.5133
-33.814
-30.068
-46.781
-72.091
-33.232
-42.259
-66.377
-44.418
8.8059
-59.07
15.416
-2.6325
-19.558
-42.884
12.178
NaN
NaN
NaN
NaN
NaN
NaN
NaN
NaN
NaN
NaN
NaN
NaN
NaN
NaN
32.213
13.907
19.897
-25.4
-20.715
6.5527
20.286
28.934
-30.527
-18.633
-22.481
-27.063
-0.8396
4.659
-5.1042
20.051
5.0726
13.625
-58.878
-43.47
-51.489
-5.8709
10.544
11.546
23.221
25.15
34.133
17.099
-2.4281
14.011
6.1225
-25.851
36.478
53.953
25.871
-72.939
-40.695
-42.617
-64.479
-8.3812
-47.061
-30.788
42.79
15.175
-22.074
7.0533
30.911
56.559
27.32
46.635
17.383
-14.935
-1.8543
-19.403
7.3554
28.813
42.334
-46.594
-49.027
-23.967
-45.192
-62.404
21.735
64.698
58.649
26.611
45.558
-16.316
-11.96
-25.668
37.722
42.286
67.106
-10.206
