NaN
NaN
NaN
NaN
NaN
NaN
NaN
NaN
NaN
NaN
NaN
NaN
NaN
NaN
NaN
-15.82
20.226
18.699
34.519
50.687
56.54
-18.48
-4.3791
52.896
-25.808
NaN
NaN
NaN
NaN
-29.162
36.886
-15.872
-63.425
-30.126
-26.372
15.806
9.6244
NaN
NaN
NaN
NaN
NaN
NaN
-68.028
41.171
-15.368
-12.83
-8.8833
-3.7589
29.59
33.055
34.678
2.8558
5.6301
-24.671
7.4846
-10.511
5.6417
-18.4
5.5909
-42.369
-59.505
-11.466
-23.356
-12.522
16.52
-17.543
-16.615
-2.9347
21.304
15.367
30.396
42.702
58.626
15.086
12.726
26.854
45.387
8.1795
17.366
-14.858
-91.938
-41.046
-27.753
-0.3874
-75.156
-39.663
-20.315
14.905
33.103
48.532
-3.124
-82.94
-84.272
-28.248
41.038
68.507
91.89
121.73
67.059
9.6549
-67.262
-42.956
20.361
35.304
80.994
43.688
-51.901
-46.068
-13.198
-15.173
-39.595
-14.823
22.844
-2.9715
16.004
21.606
-27.588
-105.58
-108.55
-62.878
-40.024
-26.336
2.5762
-13.209
50.04
64.858
53.635
37.014
-17.401
-10.598
15.112
8.7633
35.694
72.426
5.8992
-2.5529
3.4906
5.7796
9.6376
14.723
70.975
56.134
28.324
43.053
-25.397
-59.828
-45.497
-74.185
-108.09
-40.252
-7.1063
64.596
71.42
60.915
-11.677
-42.154
-16.909
26.988
-40.017
-34.631
-24.38
-63.671
-10.285
-1.4104
-30.354
-35.041
14.79
-5.5275
-9.5903
-14.908
-9.2491
-0.72299
46.104
-34.033
22.57
58.848
102.43
56.226
22.464
-7.5138
22.16
53.687
50.248
64.238
73.006
-16.993
-99.636
-89.082
-35.767
-7.5713
28.252
-29.959
-20.646
-12.969
3.5572
16.888
-0.97947
8.4202
-57.073
-68.788
-40.249
-34.989
-49.275
-40.878
-2.1669
-22.396
37.452
38.227
74.742
57.605
8.2279
-15.522
-17.971
-1.3237
4.9728
36.62
17.325
14.57
7.6735
12.158
-34.753
-12.508
25.244
40.566
40.122
23.56
-6.5008
-5.9291
18.921
12.234
47.601
15.628
-43.823
-49.468
-29.502
-42.299
-70.39
7.2592
