NaN
NaN
NaN
NaN
NaN
NaN
NaN
NaN
NaN
NaN
NaN
NaN
NaN
NaN
NaN
-43.855
-11.668
21.792
83.313
78.431
103.64
29.372
-33.824
39.361
15.776
NaN
NaN
NaN
NaN
3.1058
-25.649
82.333
67.916
30.434
24.746
73.305
21.739
NaN
NaN
NaN
NaN
NaN
NaN
-50.934
-55.628
-56.707
-127.26
-172.86
-102.05
3.0419
94.675
66.853
13.786
11.692
-41.107
-20.811
32.923
41.743
-28.688
-19.008
21.658
-32.677
62.914
17.587
-27.876
-22.382
-76.628
-10.401
38.298
7.7436
67.182
71.535
120.53
48.164
17.05
92.654
112.9
54.677
9.7826
-33.158
-52.329
-124.14
-131.28
-26.581
-51.207
-84.115
21.703
18.107
64.725
16.796
-46.633
-10.332
-53.444
-24.587
-40.418
-66.801
-30.381
9.5181
-30.297
30.143
26.235
-19.426
61.326
113.59
92.57
111.27
127.97
47.523
-86.159
-95.447
-88.417
-65.825
-56.917
-35.617
-13.548
7.8855
23.226
-7.4666
-84.922
-95.037
-30.064
38.48
103.85
53.968
20.546
27.124
12.602
59.851
86.359
55.722
49.403
59.186
-6.6622
17.035
-15.131
-57.236
-46.205
-30.765
-52.67
-4.8586
-99.648
-56.385
16.173
15.068
10.189
22.625
3.2203
-44.342
-67.655
-53.096
-48.849
-23.806
20.18
92.106
98.711
26.302
-43.261
-5.2382
-10.388
44.006
23.783
89.371
-73.785
-48.366
-59.122
-21.627
-23.31
28.133
60.277
43.99
16.972
-12.184
-20.877
-23.205
-67.927
25.864
89.1
43.742
84.493
78.73
74.785
23.392
-59.921
-28.164
19.241
-52.262
-97.598
-92.144
-87.074
-63.613
9.6611
32.27
10.235
8.2275
26.798
56.759
71.345
48.688
17.365
-148.11
-43.686
54.909
60.369
-25.142
-69.102
-22.562
-36.994
-19.833
-80.357
-76.648
-52.212
28.916
-37.731
6.4608
27.552
59.875
146.19
47.05
74.906
134.14
85.639
-9.7283
-38.619
7.6137
21.288
-29.922
-11.535
-23.646
11.771
-0.57301
31.039
26.916
35.187
0.61416
-56.635
-52.056
-72.34
-68.293
-5.7582
