-47.967
2.5839
22.205
-27.301
-31.937
-16.242
56.94
-17.138
78.462
-90.475
29.307
32.37
67.137
26.581
-84.544
-3.4481
26.577
23.924
NaN
NaN
NaN
NaN
NaN
57.315
64.731
-28.712
-43.966
-17.71
-27.539
2.9871
69.186
12.799
-25.835
-24.218
-3.2206
19.435
24.194
41.612
-5.8233
19.784
-6.4416
-18.788
-29.752
-27.175
29.939
-67.575
-52.773
-116.9
-51.984
-35.742
-50.374
-80.44
-27.994
-88.51
-27.767
-18.623
16.061
NaN
NaN
NaN
NaN
56.241
47.113
74.299
32.156
116.18
94.707
38.051
83.954
5.3566
56.454
59.332
-68.209
-5.8765
-52.69
41.938
-38.767
-13.677
-54.013
10.448
-16.423
-20.042
2.3468
21.445
NaN
NaN
NaN
NaN
-81.064
-84.726
-90.342
-66.42
-106.32
-29.491
12.945
-20.282
25.141
85.543
111.98
70.181
88.614
90.705
62.763
35.6
75.854
-50.015
67.659
-14.992
-61.707
-85.741
-63.306
-49.357
-41.785
-10.924
18.444
68.588
33.858
-3.1876
45.957
40.051
48.87
96.669
40.118
40.727
21.772
-33.162
36.467
25.7
-80.852
-94.46
-15.728
-21.184
-32.654
-31.967
4.4532
-44.541
-18.122
-11.08
-56.495
-34.244
10.023
-12.864
24.109
-17.525
-35.205
-49.807
-59.694
7.2909
-8.2169
62.093
49.398
6.9469
-47.054
-31.321
NaN
NaN
NaN
NaN
-6.9433
-26.29
47.82
50.378
71.524
31.399
104.81
55.416
98.051
85.327
54.416
90.041
46.616
18.92
-45.331
-136.29
-10.014
-66.688
-0.10059
-6.224
-92.313
-37.089
-67.161
4.8115
-86.863
-85.337
37.31
57.213
-41.595
-67.329
-23.578
-31.795
-39.087
9.8749
-14.384
-4.7636
-13.433
-11.79
-1.251
-49.743
14.839
5.6593
23.163
-23.603
52.542
61.602
129.53
107.05
81.304
-30.183
20.995
-42.026
NaN
NaN
NaN
NaN
98.338
20.464
35.117
25.281
49.014
-57.957
-69.4
-22.589
-25.273
-48.838
-35.606
-12.547
-115.86
-86.025
-19.158
-18.176
-22.196
-42.467
34.358
41.552
29.486
-20.808
-31.368
-60.581
36.885
-13.47
57.992
-28.459
-33.45
-9.8712
16.133
38.005
-32.775
6.4262
28.812
33.298
65.633
21.133
-12.013
-39.83
-2.5736
70.218
-3.4907
18.417
-13.803
-32.318
101.23
50.326
17.522
39.858
-22.237
-23.102
-50.718
-49.651
3.395
7.7794
34.061
-50.326
-27.454
23.865
67.324
10.607
5.5433
31.756
-36.876
-62.426
-30.268
-9.9074
-36.38
-56.711
-60.934
38.879
-20.826
-9.9329
16.451
3.1215
20.664
-4.8299
54.596
