NaN
NaN
NaN
NaN
NaN
NaN
NaN
NaN
NaN
NaN
NaN
NaN
NaN
NaN
NaN
-25.425
26.585
10.005
66.092
83.048
61.631
-10.876
-76.247
-22.806
-76.286
NaN
NaN
NaN
NaN
-3.869
-37.764
-29.962
3.472
4.3046
27.121
122.48
131.36
NaN
NaN
NaN
NaN
NaN
NaN
-27.255
-33.59
-6.8623
-149.81
-84.095
-44.045
-6.9846
45.044
45.188
-9.672
-8.9164
-6.1691
45.483
62.347
50.958
-55.742
-80.342
-41.242
-57.93
-31.488
-85.969
-52.436
-56.896
-57.535
51.119
23.118
-5.0354
19.401
73.568
100.8
98.069
53.84
41.364
37.206
35.598
23.755
35.408
8.2881
-72.043
-8.7458
16.641
-2.7935
-64.602
-28.949
-18.92
9.2914
31.222
19.851
-51.893
-61.76
-25.282
-78.827
-86.708
34.091
61.904
49.194
18.684
30.035
11.969
-3.2541
-7.2097
8.4165
61.165
68.468
-33.416
-84.451
-85.915
-49.173
-40.92
-35.9
-21.747
17.574
46.915
33.794
-1.0137
-26.225
-35.702
8.4583
32.641
60.421
88.228
47.814
40.052
28.067
27.979
25.964
-17.947
-10.424
39.569
-2.7698
-48.736
-3.3456
-23.097
-39.646
-27.646
-4.4438
-8.2935
-31.052
-7.6473
-0.53005
14.352
31.584
-24.004
-100.12
-89.417
-128.44
-65.324
26.505
68.092
99.781
96.572
85.724
38.661
-11.384
19.875
38.553
13.321
32.666
16.653
-77.76
-68.182
-66.494
-33.157
-28.695
-15.126
-18.981
31.005
62.348
-1.8013
-30.856
-27.718
0.41388
75.528
105.27
113.61
120.72
99.279
15.535
-89.325
-79.455
-78.646
-63.534
-69.857
-130.9
-158.06
-91.276
8.5558
42.436
34.504
17.322
34.232
48.7
60.534
41.337
41.723
-23.822
9.8869
32.07
72.358
81.82
3.2402
6.3176
-2.0573
-9.7467
-11.606
-39.467
-16.556
-2.1343
48.455
-27.013
-83.239
-66.011
-42.694
-34.865
-13.755
50.361
37.411
-21.261
-20.799
8.9956
-20.294
-18.652
-50.998
-16.242
-21.257
17.813
14.735
44.355
42.486
61.991
89.364
52.956
8.4324
8.7229
35.476
92.242
