-162.77
58.222
-26.438
39.225
50.164
86.6
64.18
75.159
-8.1428
NaN
NaN
NaN
NaN
0.43491
30.68
27.645
-17.006
-29.174
-19.144
-33.273
-24.277
42.984
-37.683
-25.69
-32.006
-20.492
-59.677
7.0583
53.66
-14.802
14.019
22.689
41.327
17.354
7.8397
17.482
0.30054
-37.061
-13.599
-48.892
-23.034
0.85131
-29.211
-23.004
53.814
25.489
55.648
-12.754
-17.593
-13.773
-28.162
-34.522
-8.2227
-23.178
-5.8998
-5.9267
-23.903
-37.3
-11.142
32.999
66.579
34.596
82.117
70.567
80.737
115.66
84.084
100.11
17.933
-17.73
-85.459
-80.147
-110.15
-93.627
-42.861
-90.327
-77.837
-96.79
-59.015
-19.216
-7.136
-37.469
-14.424
39.57
64.557
0.99549
-47.593
3.7619
64.416
39.474
67.329
59.56
59.868
60.049
NaN
NaN
NaN
NaN
NaN
NaN
-72.241
-56.666
-71.442
-82.717
-110.24
21.956
24.489
-11.393
-91.014
-56.044
-11.48
14.641
70.811
66.85
70.063
68.348
4.0787
-39.553
-85.745
-31.227
-56.627
-23.849
20.618
-59.044
-88.324
-29.777
-54.103
30.417
3.6382
-8.9393
30.698
47.183
26.517
30.943
75.36
54.358
13.153
-4.5733
-0.76128
21.822
42.79
3.285
29.647
54.907
43.349
28.979
-1.0921
5.1436
-5.5763
-36.297
-2.2918
-21.296
-1.0527
-58.944
-56.617
-73.984
3.9036
-38.232
-63.454
-31.694
-4.7589
-25.196
-27.751
22.409
8.2551
-20.9
-65.376
-102.99
-47.341
-4.0583
14.832
87.036
71.772
76.83
107.4
58.622
82.847
101.73
125.29
127.61
55.627
-48.299
-54.79
-46.766
10.382
-32.377
NaN
NaN
NaN
NaN
-116.23
-39.154
-73.37
-10.187
-19.147
-21.375
59.452
110.47
69.666
77.239
-0.59466
35.907
18.519
-15.042
-3.7706
61.391
72.688
36.227
36.282
38.341
15.34
-22.644
-65.905
-49.042
-54.636
-91.813
-107.91
-88.25
-65.749
-22.136
24.392
42.036
64.914
67.062
90.547
50.321
59.604
115.26
46.906
-28.209
-75.755
-25.799
-12.134
13.128
2.3141
-28.943
-62.062
7.0125
-6.5494
-41.757
2.206
59.115
60.204
61.688
-21.485
-65.103
-80.17
-81.398
-3.7111
-2.6965
-38.857
-31.728
21.627
32.833
13.579
