-130.54
43.198
-13.488
26.304
63.946
89.843
104.54
111.67
20.156
NaN
NaN
NaN
NaN
-11.23
36.755
60.888
30.125
34.057
-42.181
-76.689
-98.79
-6.4648
-26.55
-37.017
-23.757
-0.45683
-19.061
28.342
24.85
-20.016
4.6639
-5.8679
23.582
-8.2482
3.2548
31.737
-16.921
-78.958
-56.052
-84.029
-51.444
-71.728
-59.519
29.746
41.734
42.566
6.8579
16.971
15.15
36.588
39.921
11.141
78.917
49.463
20.817
-39.736
10.104
40.511
45.611
18.256
52.906
89.811
77.354
50.617
19.411
70.994
68.842
48.852
36.522
-39.676
-112.84
-176.21
-113.46
-164.28
-114.28
-119.73
-126.22
-116.51
-112.13
-30.983
-28.36
29.798
51.312
22.799
36.711
2.5947
-52.455
48.676
119.09
148.43
174.94
111.36
58.463
116.02
NaN
NaN
NaN
NaN
NaN
NaN
-128.76
-74.453
-48.134
-121.21
-19.488
67.467
7.0061
-19.139
-154.68
-114.32
-65.483
-0.48938
65.754
46.243
-19.471
28.229
-27.869
-35.178
-54.163
-81.392
19.198
-51.178
10.773
-41.937
-23.538
-70.089
-96.168
-30.853
21.035
1.9833
50.198
105.74
126.09
109.68
116.48
161.58
88.089
-21.52
-0.72258
40.645
-25.749
-19.099
7.48
97.729
24.363
-0.26905
-101.79
-50.665
-42.363
34.582
48.667
-23.743
-38.106
-81.493
-112.77
-68.814
-31.702
-60.846
-104.71
-16.177
25.218
-3.6788
-41.782
8.8438
-71.727
-47.432
-101.19
-150.11
-69.059
18.949
48.648
146.03
185.19
138.15
155.47
151.96
138.53
142.29
128.13
147.79
84.274
-32.387
-160.19
-126.71
-50.582
-103.38
NaN
NaN
NaN
NaN
-50.673
-18.806
-82.233
-46.33
8.6654
9.2609
31.909
97.328
38.28
23.26
-13.179
-32.696
-49.552
-48.852
-57.528
1.2125
120.69
132.62
8.5322
73.924
87.231
-14.923
-43.937
-70.431
-0.081518
-69.085
-132.74
-76.283
-61.714
14.432
76.567
73.227
71.309
58.859
49.192
48.635
85.831
110.28
71.707
-24.215
-91.607
-93.664
17.782
-5.8453
-31.583
20.805
-89.777
8.2449
15.045
-38.226
47.74
43.971
22.072
-11.545
-74.161
-185.04
-124.61
-45.177
-27.846
16.195
35.042
22.91
73.246
-5.1502
-31.403
