-60.942
55.033
-24.788
-62.641
-51.535
12.795
-16.71
-0.90531
55.351
-2.3956
-28.754
8.945
23.884
3.9362
25.238
19.348
-47.647
31.307
58.548
67.286
45.889
8.5101
37.597
0.40187
45.097
4.7526
-54.795
-19.503
-26.818
-48.471
-45.391
0.56914
0.62988
-62.169
-43.827
1.1677
21.191
43.824
-12.91
31.429
36.28
-2.5477
57.573
-15.679
6.568
21.335
21.015
-21.796
-3.4958
-42.243
-3.9301
27.362
-23.291
7.1938
-43.004
-85.448
-20.575
-25.792
-33.184
-13.24
-19.035
-50.97
69.821
69.482
30.729
52.837
15.013
50.493
39.814
95.368
-12.035
14.072
-22.868
-4.7503
-12.969
-65.373
-16.829
-36.492
-33.914
-18.851
5.8905
-18.73
-5.3165
30.43
8.4571
55.234
7.0976
-3.5489
15.111
14.528
-15.833
-18.274
-14.703
-61.191
-26.442
44.861
-5.2753
-13.553
-24.337
14.932
-63.921
-43.496
66.214
59.894
52.013
-0.9482
-25.164
-1.79
39.742
-15.353
-44.885
-10.801
7.9606
34.157
15.589
-0.66058
24.479
-20.864
1.621
-0.65179
-29.332
-81.019
-33.028
-12.386
16.057
80.472
68.879
0.25998
50.142
50.281
32.007
33.597
-35.054
-49.743
-36.044
-17.08
-22.765
-11.314
-30.601
-17.641
4.3354
42.148
-9.6629
-37.8
-2.2008
-8.1925
-14.489
-35.389
-42.623
-31.365
27.058
-22.127
-4.7972
40.208
12.053
18.117
-16.845
-27.819
22.21
35.509
15.461
40.185
16.081
56.611
72.585
39.639
11.567
15.713
26.222
-10.598
-64.075
-29.114
-33.99
-44.375
-32.829
3.7003
2.7983
29.594
49.209
-13.057
-20.767
-58.846
-47.957
-45.938
-38.012
-40.314
5.219
41.082
29.829
27.863
61.778
-16.589
8.5415
-44.779
-22.959
-0.53138
8.9061
-3.2953
11.775
-39.205
1.6046
23.968
13.621
44.611
17.53
71.247
109.01
36.38
-73.049
-60.37
-19.754
19.532
12.709
20.818
-28.553
-21.234
-29.194
2.9962
23.073
2.7569
-7.4517
-50.488
-48.585
-12.431
-5.3223
38.999
27.271
-3.7097
-27.656
-21.032
-43.843
-2.242
-20.495
5.7934
22.388
29.026
13.874
24.115
25.845
1.0366
-14.656
-26.228
-19.181
15.387
9.1887
8.4373
-15.989
30.597
36.634
-14.802
-7.6086
8.8569
53.771
4.3251
56.537
-27.949
-67.708
-53.194
-57.777
-17.968
25.732
36.835
8.5855
41.264
38.49
67.698
2.28
-27.693
-20.859
1.2256
16.619
-2.0562
-13.588
-74.714
-37.931
-61.196
-14.852
6.672
21.023
-47.179
-3.1983
-0.24265
22.874
15.382
-7.9845
23.359
37.216
26.685
-6.046
14.161
17.466
-31.12
-0.59993
2.7198
13.436
25.477
-18.013
8.4931
71.873
30.731
15.453
3.0503
-15.332
-20.673
-63.771
-49.519
-43.585
22.454
-2.0932
-17.597
-16.325
-13.283
25.781
23.986
26.561
22.142
13.744
75.827
45.357
-4.675
-30.712
-8.6905
-1.4251
-36.369
-28.219
-47.465
-43.297
-59.369
-44.584
3.3116
4.0383
0.78368
2.6651
5.6222
-4.562
-12.404
15.376
17.561
21.318
1.0535
6.674
28.37
54.372
60.109
104.84
68.895
-7.7639
-71.927
-22.972
25.153
46.496
18.835
-20.172
-36.915
10.872
-50.816
-18.321
-87.914
-23.652
-1.565
