-39.529
-34.198
-50.01
-16.643
1.0025
40.072
32.214
12.133
6.3635
17.842
-1.4382
14.192
5.2187
-7.3262
31.124
42.77
24.317
42.252
6.354
-24.64
-4.6474
8.2005
37.215
-3.9828
10.25
10.446
3.5866
-28.331
-35.389
-92.044
-50.46
14.064
-3.1253
2.5164
15.959
13.186
-22.195
6.8459
-8.881
-33.062
-6.2775
-18.785
18.958
24.277
7.2462
18.784
10.763
-32.248
-14.067
-7.7311
-15.021
26.464
33.707
40.667
33.759
3.9704
14.981
-26.874
-0.73513
49.223
45.937
21.839
42.852
10.947
-34.392
-23.062
-39.031
-88.844
-75.924
-12.018
38.264
22.747
-63.742
-54.381
-40.555
11.585
51.214
41.969
59.766
18.605
-45.318
-9.6159
54.957
48.621
12.547
-18.365
-45.968
-24.338
-11.702
3.0816
-0.81343
-22.966
-5.8871
-38.493
31.854
29.568
22.581
22.344
23.061
12.556
-26.765
-28.005
22.947
1.2389
0.76196
2.842
-25.579
-7.6212
-18.051
14.427
24.148
31.035
39.481
20.746
31.632
-17.046
-15.384
-43.861
-71.222
-44.015
-0.42805
-7.0345
-6.6128
39.112
46.093
2.708
-23.114
-24.309
-4.2216
-34.677
-59.352
45.419
28.649
-9.1421
-47.165
12.881
42.36
12.754
26.17
9.8797
7.5028
7.5477
52.955
6.2075
-20.23
-1.1656
6.307
32.931
12.033
-36.176
-1.9216
28.447
-9.5259
-39.813
-45.238
-17.119
-2.7972
-23.057
22.596
23.949
44.481
16.772
-1.9032
-2.8555
-31.635
-60.728
-16.073
5.2641
0.70453
12.995
5.7892
7.3421
-25.946
-40.153
-15.087
-20.612
48.511
30.951
38.986
23.642
17.314
10.181
4.0449
-3.1047
-38.819
-17.496
-7.483
16.17
19.025
-28.199
-7.1656
-7.4984
45.084
37.609
33.206
34.66
-5.9314
-55.289
-47.641
-43.32
-28.162
17.643
-2.1378
-4.1923
26.6
15.709
9.4831
13.823
2.1685
-23.86
12.827
35.623
24.862
9.5193
-23.047
-49.58
-46.073
-34.146
5.7849
-3.9875
15.243
-5.6945
-7.9063
-12.766
-16.134
-0.93286
6.6489
31.26
32.044
17.089
4.1773
16.523
4.2684
-10.891
1.0649
24.571
27.827
8.755
-10.18
26.699
36.476
-10.143
-26.79
-22.327
-14.66
-31.156
-10.138
-3.0899
4.0618
19.444
-0.19804
3.1369
40.766
18.595
-45.792
-50.375
-53.527
-25.774
6.1986
-1.2948
0.27562
-45.789
-23.155
-22.96
4.7796
9.2741
61.051
31.304
47.705
44.836
36.875
2.6484
12.825
14.374
57.16
29.178
-13.614
-51.986
-26.277
-42.262
-27.246
-9.3283
3.6956
-18.11
-17.421
-7.4223
8.8697
4.9019
10.715
8.0948
-3.0364
-31.547
-13.609
8.3858
36.338
9.5151
-18.392
-11.626
30.587
26.907
8.602
-19.63
-44.263
-33.901
-35.337
-30.761
-11.765
10.237
65.91
24.118
61.338
61.758
85.187
26.663
-69.638
-79.383
-39.493
-12.05
-16.161
-6.131
-39.189
-25.747
0.66107
22.027
43.321
24.676
30.105
34.162
6.5594
8.0522
-38.679
-10.902
-16.416
-22.673
-37.166
-7.337
-40.249
-1.6104
0.94641
38.609
-0.26619
1.6615
7.1811
24.847
41.138
-10.154
17.467
3.3024
45.316
20.369
30.068
19.279
-17.913
-52.898
-10.628
6.3113
-29.772
-22.231
-53.952
10.306
