16.215
34.969
-35.55
-16.349
-45.085
4.4026
34.765
59.359
43.556
23.98
-45.419
24.559
-7.4839
15.529
28.332
23.652
8.2591
-1.1864
-7.0081
-37.443
-53.711
-44.394
-20.642
-21.024
15.877
10.162
3.7163
32.56
-48.332
-3.4529
12.384
20.032
-8.2295
-22.209
-18.518
19.673
30.551
33.167
36.428
9.895
42.119
18.429
-10.531
23.372
-23.848
-11.398
5.7306
15.402
-15.032
-35.541
-2.7806
13.825
-12.15
-23.292
-8.9807
-14.823
5.6691
-45.777
11.157
-67.725
4.4478
16.259
0.20301
83.534
0.54245
-0.77833
21.612
-23.295
-42.857
-38.972
-15.019
-0.54823
43.58
38.653
-51.501
-13.7
15.934
26.338
35.693
78.921
31.326
0.77754
4.2344
-15.834
26.62
7.7256
-47.354
-23.754
-55.923
-44.46
-26.684
5.0063
-4.5458
39.456
-13.341
20.904
-15.934
-15.687
-17.921
11.242
52.469
10.592
18.355
55.86
-3.4596
-0.14846
-45.115
3.0454
-1.1947
-30.572
-37.451
1.1197
15.801
13.965
3.8399
-4.4576
50.116
12.904
-22.556
-59.474
-40.18
-12.225
-32.076
-0.18088
4.819
-75.928
25.14
-6.8139
64.947
100.83
55.543
5.0625
-20.43
21.323
20.84
40.788
40.768
-20.078
5.3079
-31.902
-22.708
8.1675
29.536
-57.424
-42.669
-36.711
-16.984
-51.242
-14.241
3.1739
3.8793
-67.712
-15.847
64.194
47.507
-27.273
8.7914
-14.433
-2.9729
14.988
45.31
23.195
36.999
-60.494
27.192
-13.349
-8.2223
28.615
18.96
22.168
3.1427
-13.253
3.4731
-7.5876
12.588
-3.1339
-5.939
-1.8716
-9.111
12.133
0.16204
-33.033
-64.195
10.184
25.069
18.965
18.021
7.7998
-9.8571
39.619
5.0816
-31.342
3.8305
19.248
-49.303
2.2612
-12.73
-71.657
-47.019
-26.518
-26.823
23.743
4.9134
48.35
3.4128
73.175
88.321
108.83
-6.7027
-59.408
-40.137
3.5518
3.2603
5.5441
3.4614
-66.677
-75.123
-8.7346
15.743
15.085
39.784
-7.2007
-32.692
-12.803
26.542
2.7849
-15.548
38.686
-4.3727
28.918
22.122
-1.6116
-2.0063
-5.215
31.049
10.707
-28.706
-24.116
-11.177
-13.958
-17.196
-24.584
28.169
-5.6292
-29.002
-17.816
-42.956
28.554
17.223
16.813
-37.683
13.691
27.882
9.384
86.645
46.984
3.2094
-39.442
-9.6352
-9.9303
-9.9281
16.297
-31.236
-50.55
-70.313
-13.149
80.726
-4.9721
-9.2899
55.682
43.137
-16.371
-16.842
-40.428
-19.159
22.681
1.016
11.414
-4.3858
-14.962
52.26
17.807
-6.4587
39.068
5.3461
-9.8501
17.687
-68.998
-27.645
10.07
-11.275
3.2811
-15.631
-0.66111
-10.132
-8.8739
10.469
-18.944
28.738
12.639
9.3256
-35.51
-18.559
-5.4657
-28.939
-63.352
-19.619
63.014
19.57
56.179
-8.5513
-50.118
24.754
19.318
43.736
62.433
32.707
25.537
86.262
65.576
8.6845
18.865
-73.535
-56.789
-68.681
-83.671
-73.513
2.5863
-64.256
5.9932
34.369
-46.718
-5.2833
-8.6141
0.85847
-13.252
-15.505
32.019
0.73909
57.3
31.61
-18.31
2.9118
50.829
65.607
33.945
15.275
-61.767
-55.75
23.444
38.611
81.059
6.7032
-49.71
26.785
-9.2312
-34.107
-25.649
-52.276
-67.115
