-153.27
48.296
-44.322
-48.856
-25.13
-25.358
-6.2658
99.285
110.53
101.61
-102.03
-8.9242
74.671
31.949
-5.6953
-22.674
-3.0058
10.556
-50.372
-10.799
-13.634
86.091
NaN
NaN
NaN
NaN
NaN
NaN
NaN
NaN
NaN
NaN
NaN
-95.203
-7.265
-39.507
-10.259
80.767
81.286
36.877
-32.103
50.914
16.124
11.715
2.665
49.6
34.629
-7.1066
-31.408
-1.9545
38.97
-14.272
-26.595
71.32
45.777
0.90053
-66.918
15.136
-47.664
-52.532
-17.983
40.688
12.914
-68.938
-31.194
51.137
76.985
31.365
-187.94
22.911
75.753
-48.58
-112.18
22.56
58.991
59.909
-17.889
-48.934
16.228
46.348
75.512
31.734
48.867
-47.384
44.286
12.201
-61.412
-58.721
-32.418
-26.592
32.837
29.611
-0.42909
47.357
3.0299
3.5288
-38.718
-26.226
-2.6739
-28.506
61.967
-49.283
-62.432
-60.054
61.35
62.087
86.043
87.739
-85.578
-99.217
-24.074
-23.328
-45.584
-16.114
-33.252
15.036
18.639
76.984
35.438
62.088
36.595
69.304
-28.973
-47.531
-13.152
-32.856
9.2707
-86.72
-46.042
-3.4152
29.828
40.481
66.464
21.821
40.786
64.431
40.92
-64.939
-120.25
18.108
-5.6355
17.206
-47.857
-2.7122
-6.1653
40.921
-55.244
-96.718
-56.472
-14.928
40.2
66.464
100.1
60.979
-23.147
-105.44
-38.256
3.7967
19.654
-36.362
29.307
98.711
67.724
-17.034
-52.7
-38.112
7.2485
117.59
-41.347
-31.872
-7.4375
24.465
-10.019
-2.487
-44.315
37.573
7.4058
1.5943
-40.937
-66.54
11.981
-13.833
20.87
13.884
150.35
72.143
41.546
-80.787
-143.93
-98.671
-36.995
-64.37
26.672
44.187
10.262
70.669
18.423
39.685
-46.258
-67.844
4.6222
37.254
54.682
16.669
-14.631
-40.97
41.974
39.153
54.313
-0.80263
28.438
7.5652
30.144
-15.936
22.084
-78.122
-168.37
-46.955
3.1044
29.889
64.005
-41.126
-38.157
48.498
89.252
25.453
1.8032
-120.2
-59.826
-17.832
32.878
43.025
67.084
8.0312
-30.133
-18.931
56.78
61.237
62.461
107.49
8.2819
-120.08
-70.352
-38.428
-69.626
-34.54
-1.7403
-4.2151
-15.914
55.134
13.024
-27.148
-29.522
-30.99
-8.5105
53.7
39.166
15.804
41.35
74.49
38.88
-30.156
-19.826
-22.06
-37.972
-58.728
-2.6074
-6.6854
-0.17093
-84.503
-39.876
35.267
35.601
-15.311
28.382
67.436
78.797
40.86
58.778
-7.3436
-6.8478
-18.419
9.1524
37.158
75.565
-197.42
-90.689
-32.699
37.577
22.188
-71.052
-9.953
-19.264
6.0229
18.736
-6.9872
-59.967
14.099
17.382
52.386
54.64
24.957
9.0817
-30.487
-21.276
-77.263
-31.199
19.644
74.292
95.296
-59.792
48.405
89.546
-7.8903
-107.22
16.566
111.12
12.587
-33.951
-3.2759
60.238
36.355
-83.941
-23.041
-29.94
-4.4361
-65.776
-14.895
