38.723
72.938
49.253
41.578
17.515
55.39
59.975
45.092
-47.535
-41.167
1.8667
-24.212
-45.896
-3.7036
41.538
69.586
-33.933
-60.978
-47.969
-5.1524
-13.177
1.6641
23.732
-8.2053
-2.5494
10.08
-4.6509
-30.95
-34.314
-28.511
-19.895
-2.3437
1.5996
0.89668
-18.925
-10.987
40.071
35.291
-0.72472
-23.045
-43.303
-3.1073
35.309
61.148
22.632
11.398
6.9171
-21.083
42.15
28.75
29.051
-53.357
-65.558
-16.646
0.41089
41.386
33.498
20.262
-6.5706
19.068
44.319
18.935
-33.702
-40.58
-37.703
-27.377
5.7321
63.968
51.425
23.348
-25.435
-28.322
-57.447
-33.025
-28.822
-0.979
-55.654
-26.693
12.951
-53.105
-19.389
-44.743
12.353
25.062
13.684
15.041
40.121
59.031
55.829
15.691
32.847
17.032
9.0605
-30.772
48.241
13.559
-33.28
-6.1653
-2.8955
1.7856
8.8977
3.1672
44.681
65.723
NaN
NaN
NaN
NaN
NaN
-19.746
-20.597
1.5545
-6.76
-9.1079
-26.266
-3.2594
-27.699
-17.698
14.385
5.3046
43.667
94.831
40.421
8.7134
41.677
70.988
NaN
NaN
NaN
NaN
-55.078
-90.251
-41.875
0.4273
4.6877
-63.923
-57.292
20.901
43.454
20.741
-18.177
26.26
76.753
41.062
21.043
23.074
62.822
43.693
48.403
12.535
-50.626
-29.857
-8.519
4.881
19.415
-5.3645
-13.486
NaN
NaN
NaN
NaN
NaN
NaN
37.676
-16.851
-12.372
-13.744
-22.461
-24.679
-4.69
47.077
42.281
1.8524
-15.818
-1.5058
-15.773
28.237
64.447
78.126
48.856
-12.534
-66.463
3.7847
23.923
-8.6752
7.1576
-28.576
-6.0605
8.3369
19.813
-3.3578
-14.143
17.254
19.528
-36.401
-40.375
13.597
26.661
-26.059
-48.671
-11.109
7.8581
4.9796
22.195
14.134
18.997
-10.298
-54.83
-72.485
-17.276
7.448
-3.9473
10.517
47.941
63.266
34.646
-14.085
24.512
41.938
71.429
27.182
-34.242
-30.235
-30.191
-24.219
-35.476
-34.592
-25.04
-24.635
-54.037
-1.1092
64.768
62.558
22.003
-42.913
-53.595
-17.259
-8.6579
-15.42
33.997
1.5814
-4.2501
18.249
39.526
63.424
60.099
-3.6068
-73.285
-30.023
55.226
23.965
0.022547
-28.048
8.9969
0.47552
-35.249
-18.078
9.9683
3.4127
-32.76
-9.9447
-1.6246
0.8955
-25.595
10.452
22.04
-2.7901
-11.187
16.339
37.25
15.281
24.743
5.9492
48.034
-11.535
-83.012
-75.498
-30.704
-45.594
-51.366
7.2736
3.5133
-20.99
11.737
90.125
101.09
39.995
-45.101
-30.006
-31.697
-38.906
2.5964
62.889
116.55
80.823
-30.987
-25.746
48.608
45.972
15.419
-48.812
-39.836
-20.735
-34.001
-21.76
17.842
16.435
-3.8051
-40.335
-51.923
-38.756
-58.441
-49.748
-28.074
-13.823
-11.229
17.106
17.547
0.47861
-2.3992
31.336
15.868
-18.845
-26.649
