-22.793
4.3419
8.4506
26.873
51.494
24.622
-46.064
-22.413
71.42
50.931
19.022
-13.056
8.3017
-10.73
-39.073
-0.59891
16.316
35.71
10.821
3.4398
22.623
22.785
-24.176
-22.375
-7.0552
-14.949
-16.321
0.12119
-38.672
-88.981
-79.788
-36.176
-2.0374
27.194
40.945
43.187
47.936
12.009
3.9578
-6.3503
-20.591
-31.813
-22.53
10.777
18.325
-10.836
-1.3778
23.896
60.632
65.645
40.694
-5.594
17.413
26.082
32.778
39.423
28.792
-53.931
-39.508
-14.601
-82.555
-77.925
-26.955
-21.288
-22.441
3.2963
13.688
12.549
1.3868
-11.786
6.0277
38.761
-5.7994
-62.69
-32.936
35.578
28.93
-9.8536
-17.347
13.836
20.428
2.2842
-11.947
7.4717
24.429
40.947
80.396
29.291
-9.6272
-10.238
1.9838
2.6147
27.48
5.7772
-28.779
-52.857
-55.916
8.5654
25.831
-4.944
-9.4819
14.136
19.376
-11.076
-4.5116
-20.065
3.0898
32.583
4.8084
-37.374
-73.192
-66.965
0.28809
10.849
-25.165
8.1876
12.344
-34.711
-72.082
4.1042
58.652
81.507
91.87
83.826
34.149
-59.113
-8.6056
50.483
20.76
20.675
29.97
-25.396
-81.92
-38.381
-5.1946
-2.0814
0.51332
18.326
3.6432
7.103
1.3965
-24.592
-57.218
-29.428
21.021
39.758
-29.423
-46.954
-30.536
-15.783
-8.4985
22.419
27.91
29.487
-14.223
0.75905
0.8615
34.845
-16.682
-11.318
-35.118
-12.044
23.238
2.5554
45.295
29.68
30.171
34.361
25.497
9.2993
61.419
72.677
-5.5993
-77.724
-70.365
-43.502
-15.962
-15.721
-19.29
11.416
-10.257
-13.685
-10.662
4.3419
-38.884
-69.433
-45.369
1.2537
17.805
41.626
51.312
46.909
23.214
2.2136
39.374
28.01
-12.178
-56.798
-4.3086
22.105
-22.632
-12.159
-22.127
19.331
37.579
12.621
1.1221
-9.4751
35.624
39.035
35.742
-22.635
-33.906
-52.528
-16.836
-32.177
-22.777
-12.395
-15.506
3.8538
2.0497
-20.35
-19.43
17.145
55.677
83.006
13.51
-46.927
11.929
34.876
-19.003
-64.338
19.356
46.362
14.336
-18.833
-5.5334
-20.456
-38.424
-8.5393
13.779
37.12
-20.61
-11.328
-44.651
-23.834
9.4872
8.4899
1.3165
43.254
14.079
-7.1414
18.795
17.655
-26.555
-11.104
47.779
49.468
-3.7023
-22.665
-17.501
-5.1829
-9.3899
-8.4382
17.03
-5.4713
-32.648
-32.575
28.141
69.763
11.855
-35.39
-38.927
-32.577
11.645
45.031
24.044
-18.19
-42.25
-34.26
-32.492
-43.934
-39.318
-18.194
15.807
34.504
71.738
59.933
29.794
31.217
41.108
47.854
-1.1208
-45.502
-73.699
-42.826
-17.395
4.2066
31.498
38.004
-8.8212
0.3664
0.6483
28.759
16.857
8.385
-2.0215
-23.23
-57.506
-51.314
-11.575
16.259
13.473
17.373
20.618
18.252
-33.625
-63.967
-36.975
9.451
17.785
-7.7089
