14.541
39.219
-14.558
-4.9725
3.4427
26.657
-8.0413
-43.381
-7.1862
-1.7758
-16.683
-75.282
-85.695
-29.715
45.16
88.565
78.887
62.262
-3.9126
-1.7943
33.48
5.1926
NaN
NaN
NaN
NaN
NaN
NaN
NaN
NaN
NaN
NaN
NaN
5.0295
43.756
44.281
-37.781
-94.025
-83.639
-47.198
-20.86
-17.663
1.0061
35.509
48.685
59.301
55.649
30.064
-23.246
-42.957
3.9051
28.643
47.587
10.967
20.778
85.23
73.57
40.223
43.429
-17.593
-8.9085
-8.2934
-20.865
-29.922
-18.586
-0.33997
-51.208
-28.491
4.7712
-4.6094
-41.603
-42.51
-48.017
-97.942
-78.999
-51.657
-29.226
29.368
8.0837
2.1412
3.4852
22.419
35.229
63.757
65.089
47.283
18.067
4.2077
13.194
0.21635
10.74
18.973
27.599
24.693
53.449
43.721
-25.178
-45.106
-10.947
-5.842
-37.113
-34.781
3.5007
32.691
-7.3365
-83.632
-48.209
16.61
19.259
14.217
3.8031
34.928
17.46
-10.198
29.314
-6.7719
-8.4973
-13.368
-27.959
-25.546
12.25
5.7113
9.2349
-6.2945
-22.339
-21.739
-32.636
-17.335
-19.928
-19.267
42.899
63.139
70.083
-39.501
-97.411
-48.487
26.769
39.803
54.96
29.631
-6.668
-20.903
24.353
20.034
34.02
31.231
26.748
0.6399
-23.594
-30.512
-13.114
4.7905
-30.269
-2.6457
24.118
33.034
22.643
-20.94
-68.382
-40.342
1.7169
23.919
24.217
11.748
20.376
-3.0789
-77.967
-66.726
-8.8734
81.496
90.491
22.739
-44.209
-77.205
-6.9813
-46.406
-41.866
36.617
-0.56118
26.856
5.7971
6.8551
49.152
6.018
-39.717
-23.554
9.0238
-0.62644
-11.105
28.005
16.973
8.6044
2.3888
10.68
22.346
13.847
-20.114
2.7597
39.613
30.231
-21.14
-1.5368
6.3578
1.5642
3.0102
-7.032
-33.208
-33.941
-23.183
18.17
12.303
19.044
33.574
4.1441
9.5234
-3.0249
-17.588
-11.729
-19.959
-34.122
-21.045
-31.806
-29.497
-39.23
-46.207
3.27
56.401
106.64
48.986
-9.3759
-35.713
-42.625
-33.49
-9.4956
-46.894
-37.51
-62.306
-39.567
68.316
72.079
70.204
47.317
85.903
83.606
38.136
-7.1793
-36.726
29.329
37.196
11.675
-16.933
11.086
21.686
4.7535
-46.894
-76.406
-67.723
-33.115
-9.047
-53.203
-83.781
-37.871
22.741
12.835
-10.534
11.508
32.718
28.408
15.236
23.438
-11.756
0.35109
16.397
7.6639
-29.561
-119.29
-83.064
18.123
46.024
1.0638
7.4162
54.396
76.088
75.099
31.993
22.347
20.622
9.9814
-22.83
8.9338
31.464
29.841
9.1183
-4.4338
38.291
-4.7768
-25.287
-53.873
-48.365
-41.335
-33.335
-15.372
-14.78
23.961
44.097
27.874
-22.023
-54.366
-35.983
-17.106
-5.1205
-15.117
-24.544
-3.7721
23.32
3.5907
-47.752
-36.702
-23.393
-16.41
26.676
36.042
44.52
25.148
64.126
36.996
13.389
19.626
