4.1907
9.1955
12.949
5.0244
-32.406
1.7041
-0.12389
28.256
43.432
32.434
56.097
58.678
41.623
6.2819
-71.496
-13.678
16.659
42.354
8.0314
-25.263
-58.586
-33.925
-52.681
-54.109
-65.394
-37.463
10.414
11.004
-11.588
-11.125
22.514
-1.7856
-8.2874
6.8483
33.768
25.515
25.2
23.042
52.885
46.374
-29.168
-2.4555
21.07
-4.4894
-11.143
46.43
26.865
-24.753
18.204
22.578
55.086
15.563
-89.432
-83.541
-24.841
-31.119
-43.366
67.655
49.285
-60.169
-60.062
-37.973
-27.758
21.927
61.774
61.673
-12.51
-59.958
-28.618
10.697
3.9866
41.775
9.4351
22.633
24.76
31.857
22.465
19.632
-12.029
-25.728
8.1947
-70.466
-51.174
9.8567
40.989
40.645
17.446
-17.075
-0.49157
-12.54
-36.784
-68.828
-11.364
-23.309
47.973
40.142
17.664
14.839
12.046
22.519
26.386
-18.174
-11.022
7.0882
NaN
NaN
NaN
NaN
NaN
-56.337
-54.485
-6.5324
-27.164
-23.326
3.585
-14.477
6.9857
30.601
13.979
-10.561
-13.043
-9.8822
21.935
39.243
9.4052
-66.266
NaN
NaN
NaN
NaN
-20.068
-17.153
20.291
-1.1726
-3.7935
-18.568
-18.43
36.288
64.783
68.222
30.139
-37.615
-34.826
-22.613
-9.763
-5.9989
5.7521
-16.749
7.0176
16.099
24.999
41.121
6.2906
-52.228
-5.5625
29.876
44.185
NaN
NaN
NaN
NaN
NaN
NaN
1.3394
-37.53
60.129
38.532
-3.8845
29.592
-1.362
-15.57
6.9328
8.5836
-10.846
19.839
23.733
-18.241
-62.466
-14.713
65.389
96.43
11.305
21.677
37.57
-17.902
-11.032
-22.413
-2.0502
-5.6732
6.5818
35.72
37.148
-40.789
-63.285
-43.93
-44.223
-53.335
-11.063
-8.7585
-7.8109
18.674
18.049
-9.7232
-2.858
19.386
40.428
45.743
47.584
23.094
30.42
55.456
49.676
-47.021
-129.92
-66.922
-41.736
-58.863
-28.256
-23.781
-10.682
-2.7074
22.169
72.006
78.555
48.553
31.557
48.376
48.005
46.784
-8.5096
-75.003
-66.123
-39.372
-34.576
-35.98
-9.276
48.2
57.045
-1.7048
-21.068
-40.816
-0.4948
1.0359
9.5444
-30.142
-9.3889
38.024
68.716
32.297
10.628
-15.474
30.619
1.8581
-46.363
-63.011
-35.585
14.432
0.42514
-43.371
-12.292
10.339
21.729
-8.2397
-82.772
-68.943
-5.2871
15.783
49.358
45.508
59.895
59.076
77.156
34.637
-12.077
-32.693
24.073
32.948
-31.741
-16.316
-33.467
-31.643
-24.319
17.609
-1.1033
20.569
54.614
11.399
-46.748
-61.765
-23.214
7.5147
28.976
-8.6124
-56.847
-77.164
-3.5684
0.4866
14.909
14.352
-14.307
-25.661
30.486
49.26
13.309
25.749
55.311
58.351
29.244
-4.1289
20.896
39.457
-42.233
-64.403
-5.3089
-14.372
-28.768
-37.558
-23.258
-6.1459
-38.303
-16.742
7.9588
9.5962
3.5344
