-60.683
-9.0585
-13.455
10.541
26.422
9.479
12.248
14.168
-31.27
1.6422
35.298
4.2024
-31.269
-49.731
-26.577
19.172
-9.5677
12.881
10.91
12.762
44.029
16.751
26.67
34.799
29.648
16.437
21.778
17.927
22.465
2.1798
-69.006
-59.049
-3.7465
-7.7202
-36.083
-38.412
-13.282
-2.748
-39.617
-27.407
-42.079
-26.656
5.4859
9.4503
28.281
59.76
35.443
-17.964
-28.809
22.544
48.421
-14.62
-5.5898
5.59
26.033
30.019
17.122
17.608
40.983
49.918
-7.4069
-12.374
-3.0575
-0.61663
-38.638
-30.94
-1.3137
13.734
-16.961
-31.602
-49.382
-32.688
-5.5522
-5.42
25.306
31.86
4.308
11.847
9.9278
-72.807
-29.255
-3.8703
24.048
31.557
9.3236
-24.179
27.993
2.5257
9.8783
-3.6419
16.758
0.66196
-22.207
-36.4
-2.0419
-12.199
13.578
32.242
5.6669
-34.02
6.9482
26.266
51.114
68.237
NaN
NaN
NaN
NaN
NaN
-9.9362
1.7164
-1.4922
-125.67
-85.602
11.346
37.343
-53.654
-29.636
45.254
19.7
37.203
2.4465
-82.545
-51.768
40.781
67.805
NaN
NaN
NaN
NaN
12.25
11.908
-20.647
-25.47
-24.111
-30.531
-38.352
10.928
7.9579
-30.783
-16.993
7.0015
38.989
21.609
25.015
47.612
65.491
15.992
-10.089
-23.132
-31.091
-12.564
9.8487
8.9518
23.741
17.27
-5.1111
NaN
NaN
NaN
NaN
NaN
NaN
14.925
4.2188
7.7969
-43.974
-58.045
21.712
10.168
-8.4546
13.024
-9.9454
-23.804
9.5709
-0.001301
40.04
76.718
78.798
29.218
-19.299
-39.355
-25.132
14.587
-6.7861
6.0335
38.631
31.938
-8.7663
-36.944
-39.628
-27.736
7.4576
21.342
-28.72
-30.658
-11.789
1.6356
-2.7624
-18.554
2.1634
14.437
15.284
33.809
48.192
13.356
-46.631
-36.853
-6.4344
-8.3662
10.022
18.331
21.047
13.524
1.7891
-17.654
-36.901
35.978
26.681
55.725
28.684
1.0341
-36.588
-79.441
-116.14
-38.587
-5.6074
-11.374
-2.7823
48.207
79.142
49.556
41.014
31.484
-30.751
-28.44
-53.041
-64.464
8.1063
66.102
22.717
30.522
35.207
40.893
56.271
21.638
-10.418
-74.614
-44.289
8.5836
-26.592
-32.235
-37.28
-13.601
4.3714
-29.317
-32.803
-5.2097
0.44694
13.294
-2.4886
-15.656
4.8268
13.174
34.96
26.293
34.245
46.476
24.761
0.6277
-29.03
-21.534
14.874
20.715
25.241
-6.5213
-35.208
-34.832
-9.4555
-6.8303
-2.7414
58.003
6.4398
-55.838
-11.839
45.265
-36.32
-79.326
11.98
33.948
35.01
35.726
17.2
-42.501
-45.186
-9.7676
-9.5496
16.451
-1.3695
-29.158
-27.852
36.841
78.592
20.086
21.774
10.047
7.3685
-3.2695
-22.658
-13.232
-19.751
-21.236
18.123
17.27
-9.2233
-12.939
23.746
15.999
-37.279
-22.124
-20.147
12.304
26.98
9.6357
