22.595
46.56
35.798
6.7124
-7.8599
50.762
75.206
57.163
-60.849
-83.899
-6.5757
-15.389
-13.079
30.514
43.619
-7.4775
-81.237
-63.415
-55.485
-40.569
-27.774
-23.952
18.369
33.063
4.1207
23.132
34.952
-13.531
-30.856
4.9918
43.628
43.006
-8.1361
-21.73
-32.216
-7.3579
33.321
33.216
25.148
5.2153
-5.3669
12.43
11.567
-22.009
-47.287
-3.1835
44.468
30.236
6.4832
-9.7731
-19.1
-17.057
1.8272
54.882
39.944
-25.964
-67.09
-46.682
-37.083
-69.54
52.881
107.06
102.45
23.038
-80.265
-60.363
-44.104
-40.973
8.0425
6.4049
-31.232
-45.597
9.0611
72.433
69.865
21.025
-13.534
5.0499
4.1918
16.222
17.965
-2.1372
23.171
21.558
22.231
-23.602
-54.16
-81.965
-38.668
-4.103
25.036
-0.96573
-76.435
-32.616
37.22
65.027
25.047
-28.521
-12.119
-8.678
22.504
26.72
43.018
39.544
4.7765
16.064
13.19
-7.2758
-45.413
-47.833
6.1268
42.567
90
11.845
-12.826
11.818
-24.792
-29.367
7.017
5.9547
-14.266
-44.593
-13.013
-18.892
-49.837
-49.166
-43.139
-1.687
-3.7501
-28.515
-10.222
28.257
67.326
50.768
-0.22217
3.8653
0.38972
11.983
2.7972
-2.9353
20.499
28.995
23.131
29.503
-19.262
-79.378
-10.482
26.358
18.018
16.557
-0.91977
4.7856
0.19264
1.9883
-23.569
18.031
12.165
5.1897
18.436
41.506
44.544
21.356
-28.678
-23.656
2.4923
-90.942
-43.595
20.009
23.197
-26.695
-92.382
-60.981
0.44406
24.839
-19.145
-32.158
-33.098
8.8085
11.459
52.428
20.504
51.564
22.119
8.4108
13.505
43.078
23.389
-15.666
10.267
25.754
17.596
-20.822
-40.53
2.3762
-9.1212
-29.519
29.703
27.218
18.739
8.3445
-5.1669
24.971
29.993
45.809
3.0266
-7.1757
-0.39631
-21.593
-9.443
-33.646
-71.037
-40.371
-13.75
-44.948
-68.06
-26.84
-2.731
-0.1815
-25.88
8.7363
-10.787
-15.928
2.3941
21.311
28.203
37.069
25.274
37.418
16.29
18.491
26.976
66.45
46.552
7.1368
-19.295
4.882
5.8333
32.142
29.964
10.774
-15.003
-5.2947
-65.435
-9.0073
30.227
-3.3292
-35.112
-25.732
-13.203
-37.38
-77.406
-53.475
2.5513
19.44
23.445
15.016
-28.305
-11.066
24.195
37.258
-15.24
-24.137
8.6946
57.195
46.998
11.26
-14.879
5.4033
0.77405
-54.098
-57.109
-33.462
-24.144
-12.365
31.731
4.62
-27.96
-23.726
37.513
40.877
81.432
113.45
102.25
80.97
28.373
-30.398
-73.4
-57.935
-60.788
-45.676
-42.72
-14.668
-19.996
-28.926
-4.686
27.575
36.568
13.917
10.992
20.667
-7.1546
-32.978
-73.413
-41.321
-14.578
11.907
27.281
24.432
-4.0968
-10.718
-4.0984
-13.111
-35.607
-17.106
25.068
28.69
6.2674
28.015
2.9891
10.622
-10.165
7.2278
