-6.3583
27.545
-4.9568
-46.109
9.2318
24.412
-22.572
8.3251
25.035
41.614
32.51
-55.156
-21.78
-4.0801
1.2655
-9.6698
0.13079
14.722
10.518
28.87
-1.3909
2.3741
-26.968
-11.432
-7.5315
-7.5357
5.3672
8.4265
-1.2058
7.8053
25.459
21.499
10.617
29.64
12.963
-40.508
-43.208
15.223
7.708
-13.221
-50.878
-1.4314
22.045
23.236
5.5967
18.285
-13.279
-16.031
2.0932
-16.6
-13.919
6.3914
-19.01
3.1426
-4.3507
-12.981
0.26354
29.859
-7.262
-55.294
-11.507
14.482
36.071
17.694
18.259
25.588
9.0549
-6.7552
10.992
15.218
31.42
6.6758
6.4615
8.692
-8.6346
-2.2725
3.3147
-10.086
-40.048
-18.491
-20.165
-18.688
-3.7231
0.024721
9.571
20.211
-11.278
-12.107
-56.591
-49.296
-34.104
-10.198
7.13
38.742
38.76
20.136
22.848
24.595
17.638
-9.0283
22.118
32.986
31.416
17.294
19.19
-17.993
-2.2815
0.62824
-8.8964
-1.7629
-16.585
-24.442
-36.581
-43.346
-76.709
-29.197
3.6885
36.687
56.931
67.556
69.962
22.626
1.5129
-55.391
-41.613
-3.1576
NaN
NaN
NaN
NaN
NaN
-0.42393
-24.158
-43.773
-17.612
33.386
43.965
7.2773
-0.44501
21.919
55.381
64.144
57.841
29.25
56.918
-1.8827
-4.8215
-55.311
-55.042
-46.992
-24.61
-4.0251
-21.262
-35.187
-21.363
-16.574
-31.392
-2.5384
18.561
34.564
-0.91218
17.072
26.101
11.256
-38.845
-24.57
13.839
12.9
-12.594
33.964
39.105
18.765
5.9518
4.8893
15.164
-14.542
18.135
14.991
-11.081
-43.223
0.49285
-1.5044
-18.913
-29.996
-0.52123
20.751
28.116
-10.963
-3.3851
-28.621
-47.335
-26.557
5.6225
39.158
8.4833
-11.566
-14.133
3.6788
15.743
22.997
19.106
16.354
1.8361
8.981
29.382
26.686
8.2102
7.0786
29.655
10.771
-59.098
-79.51
-38.61
-39.306
-8.0653
16.195
-22.55
-3.5698
29.982
49.871
27.438
-7.6665
-6.8683
-5.1399
-20.549
34.357
39.4
29.207
-25.085
-6.3409
-47.463
9.3827
11.129
-29.887
-14.259
9.5023
-33.902
4.3906
10.96
-3.2502
-18.551
12.894
36.49
16.598
17.411
33.587
32.175
2.5601
-29.637
-37.144
21.798
12.199
-8.4977
-36.234
-46.093
