-21.981
13.123
13.519
29.352
33.239
2.4784
-20.285
11.832
59.384
40.41
19.448
0.91582
5.3636
-6.2264
-29.326
-4.5584
19.344
34.279
12.791
2.2729
22.252
10.497
-29.387
-32.469
-15.392
-16.695
-31.332
-23.077
-25.644
-64.366
-66.049
-32.121
-18.159
15.635
41.267
43.859
43.306
11.452
4.8007
-4.7651
-12.398
-12.799
-8.3357
11.374
17.941
-1.1188
12.465
20.644
48.839
50.738
26.726
6.6099
30.995
29.136
23.293
12.686
4.2646
-40.78
-36.718
-27.886
-73.088
-61.596
-28.489
-30.603
-17.065
12.818
21.766
9.4456
-10.746
-4.3296
13.345
33.446
2.0247
-37.505
-33.274
17.026
19.273
-17.586
-5.4912
5.9759
14.766
20.509
4.9065
3.9078
9.3603
28.322
56.284
30.979
1.0844
-11.788
-1.6433
-0.44517
4.3534
-0.10178
-22.174
-26.885
-38.36
6.0873
25.052
9.8756
1.0664
10.579
5.9112
1.1135
-3.2809
-11.972
-14.757
17.793
-6.6327
-40.932
-43.984
-56.586
-12.338
6.0088
-15.108
4.9561
12.498
-23.633
-43.625
9.6128
52.02
57.215
59.454
54.764
36.188
-26.024
4.4345
41.333
7.9593
11.713
5.2431
-33.863
-70.341
-29.538
3.3941
8.434
5.478
11.971
10.752
8.7982
-2.5328
-15.572
-46.588
-19.461
24.992
16.422
-16.738
-31.541
-24.51
-11.606
-8.4913
11.14
10.85
24.73
-5.8714
5.2177
9.912
12.742
-17.687
-3.064
-15.293
-3.637
7.7446
-0.4052
16.557
18.229
8.5144
26.329
17.982
8.6414
52.96
64.774
12.726
-45.098
-53.345
-29.998
-6.906
-6.8746
-18.795
0.5006
-14.139
-14.615
-3.3169
9.1344
-26.478
-55.179
-42.837
-12.499
6.737
20.108
30.125
48.74
12.219
10.546
27.403
15.759
-10.302
-38.114
4.1708
25.047
-4.4767
-1.9679
-17.522
20.668
27.13
18.4
4.892
-6.0113
13.209
13.892
12.986
-18.881
-24.257
-43.698
-2.184
-9.0947
-17.046
-21.172
-19.82
2.0873
0.089336
-16.869
-9.8778
13.625
37.065
58.334
5.0558
-23.572
14.515
29.233
-12.269
-51.089
15.723
37.845
15.419
-3.372
-7.3178
-24.063
-31.499
-10.036
6.6377
18.551
-5.6178
-9.7937
-33.835
-13.823
4.9425
-0.49818
12.853
30.029
0.12048
-9.6433
13.206
14.993
-8.3663
-7.2063
25.84
37.934
17.25
0.72988
-10.566
0.91823
-9.8379
-8.1171
11.978
-14.662
-41.075
-16.681
25.487
48.809
3.647
-36.846
-42.977
-28.332
11.216
29.167
-0.51687
-21.12
-26.25
-29.226
-20.937
-20.719
-20.025
-3.3035
20.509
39.638
50.783
41.384
30.943
34.235
34.964
31.317
3.5366
-19.752
-52.877
-47.792
-21.317
2.3934
12.285
12.495
3.6251
10.6
14.896
22.814
2.053
3.8892
-15.682
-24.254
-36.855
-26.108
-19.268
-1.9542
1.5072
0.27333
22.446
22.618
-25.05
-55.878
-30.461
8.0126
10.18
-8.1926
