-25.872
-23.112
6.8514
27.182
30.231
20.725
34.867
59.531
4.9512
-13.047
-0.18832
13.951
5.4845
-6.8147
-45.7
-31.493
8.5966
-7.3808
34.079
32.86
38.78
-8.6145
4.9767
3.0852
15.536
6.7288
-6.5015
-34.451
-44.358
10.405
68.519
46.923
10.273
-26.586
-12.008
-16.972
-18.019
-8.4823
-40.842
-24.116
-44.428
-37.301
-17.884
-14.086
32.314
14.63
9.4512
15.156
-25.543
-8.7873
-6.4289
-43.796
-13.192
37.105
20.658
36.199
1.1116
-12.791
-19.477
8.8481
48.521
36.787
72.223
77.629
22.03
14.437
-18.419
-7.7535
-35.545
-38.222
-31.862
-19.079
-23.357
-16.599
25.239
57.074
46.175
23.845
-14.222
-41.088
-45.962
-25.202
-24.867
-11.912
-15.892
-26.192
-40.529
-17.528
-4.6299
2.1521
-9.7939
-34.413
9.3571
-20.139
13.336
22.145
6.0613
3.8741
39.841
22.949
15.835
13.927
-4.3822
8.8028
24.096
31.467
43.17
70.536
36.178
-17.535
-34.182
-52.713
26.156
3.8903
-0.17726
-28.889
11.642
34.405
24.056
7.4508
-29.834
-40.717
-49.623
-17.581
-25.052
-15.9
4.1946
-9.4385
-10.438
-32.249
-31.458
-19.972
-35.354
9.6191
-4.7863
4.2604
34.042
-0.73227
3.8214
27.182
23.105
0.91339
8.1538
10.063
30.056
-6.2194
19.401
28.075
62.021
14.843
-5.69
7.0036
9.5615
-8.3614
-3.3816
-19.731
6.611
3.8444
12.131
-19.344
-13.65
-36.724
-46.049
-8.2423
15.352
-20.595
-16.281
-31.091
-22.258
26.468
-5.0552
29.509
39.308
20.574
11.034
1.477
-7.9781
-9.8609
-14.721
1.185
0.90116
-0.67124
4.4552
-0.35138
14.582
-28.556
-4.5086
-42.857
-14.178
-8.3772
-1.1832
-40.848
-11.033
10.001
27.641
42.459
57.41
37.176
51.08
47.566
-16.131
-29.011
-7.362
-31.402
-50.194
-20.666
-19.418
-14.628
30.715
14.298
17.473
41.756
53.295
24.042
12.335
-22.312
-33.169
-32.18
-7.6973
-25.718
-20.535
-9.0037
-9.766
-26.062
-35.993
-15.518
-29.35
8.8113
13.201
35.398
-11.771
-17.41
-4.6945
24.496
50.595
5.5795
4.2457
16.137
25.823
2.1933
-20.025
-10.355
23.861
-10.315
13.396
11.635
2.3832
-13.984
1.4198
23.367
7.5431
-63.79
-56.466
-12.797
44.446
36.692
28.338
5.8393
0.61808
-25.569
-7.6511
45.56
42.405
-12.625
26.338
2.2552
-24.153
-33.413
-49.958
-1.2025
4.0991
-27.607
-18.772
17.955
20.848
-37.486
-9.1563
-30.845
-25.322
