4.1979
0.2396
-6.262
-10.305
-1.0176
9.9417
29.393
35.889
64.294
38.418
24.35
-15.529
31.227
45.054
-1.5022
-18.985
-56.413
-15.062
9.2723
17.475
25.649
-37.438
-42.411
-21.944
-13.246
-0.74146
38.066
40.548
9.1101
-27.293
-26.823
-3.7387
-16.028
14.769
9.6657
11.524
29.097
-30.303
-17.827
-17.241
-13.037
-12.846
-20.64
-33.816
-18.228
16.24
31.215
30.389
27.087
5.1683
-6.1176
-0.70843
-17.63
-8.7065
2.2588
-43.867
-5.0879
14.932
3.115
-14.986
32.456
58.744
42.257
47.629
23.379
8.9261
-32.255
-22.875
-29.8
-35.93
-0.65181
-4.5022
-6.4196
-7.4938
22.77
12.385
-25.225
-18.23
-7.408
20.518
8.5187
24.121
32.349
3.0844
-45.429
-24.205
-13.828
-32.365
-24.099
-19.072
-11.365
-1.9162
27.708
50.954
42.5
26.287
5.0372
-40.6
-37.636
2.7773
-26.864
12.39
25.426
3.8436
-10.368
-22.855
-21.851
28.204
25.911
16.743
0.73074
4.5804
19.167
3.5087
-2.7128
-7.1484
-37.05
-9.7318
1.8279
1.4604
41.31
47.128
47.971
-4.9498
3.0529
-13.193
-36.377
-24.917
-9.6197
-0.23917
-19.308
-4.5607
-12.011
-17.287
-2.8022
-9.4619
40.084
21.347
0.42347
-41.021
-15.87
-16.912
-18.991
-5.4787
-26.017
-9.8496
-8.7156
-19.038
-1.9211
24.867
31.491
-22.322
3.4442
26.214
48.681
18.412
17.325
55.436
50.424
10.67
10.932
0.84747
-17.233
-47.986
-18.371
20.364
-1.8063
-12.223
9.1381
-18.407
5.9869
24.67
4.7503
13.839
-4.8916
-52.071
-45.34
-36.824
-9.652
1.1753
10.157
-8.7632
-16.483
-23.851
-11.022
-8.9618
22.646
40.323
-8.3547
-68.996
-59.632
-41.038
0.53505
21.188
25.358
84.248
41.879
60.022
92.519
21.146
-13.904
7.8274
-62.512
-14.821
5.1407
13.949
56.513
15.855
26.466
29.166
-23.236
-4.8319
-38.167
-18.559
6.1701
-12.522
-69.225
-69.675
-24.311
-6.9915
7.9012
4.6637
11.821
6.6329
-11.145
-14.412
-22.171
-68.428
15.548
-1.8995
21.438
32.449
18.217
11.305
1.803
-5.5176
2.1743
-14.882
-12.693
12.454
26.621
15.025
29.78
-1.3102
28.657
51.426
0.87427
0.42999
-6.9167
39.464
14.826
27.63
0.09329
24.007
29.933
15.687
-39.711
-54.197
-56.246
-46.503
-55.548
-30.308
16.174
16.739
-16.37
-23.238
-5.7077
-29.918
-28.6
-19.13
15.118
17.277
