-1.5844
-21.541
-42.994
-2.9839
-43.054
-8.6975
1.8504
10.864
3.7408
-1.7955
-36.413
-37.306
26.092
27.413
45.012
25.894
-14.818
-16.35
-21.906
-8.1381
-1.7855
9.0192
23.807
12.225
8.5186
13.965
44.036
24.965
-27.82
-48.609
-18.227
-31.573
12.991
10.744
-8.2614
31.748
24.374
-23.306
3.2657
-8.2873
-12.603
-4.8149
16.792
-0.87618
-41.186
-32.342
-16.15
14.828
-12.804
-27.241
-4.9074
24.158
9.6052
0.071954
-10.431
16.45
21.929
2.7355
21.267
21.777
34.767
-4.5729
14.955
23.016
18.46
-1.256
12.831
-2.7304
14.766
-31.774
-5.1163
-59.887
-30.339
-17.262
-4.9644
-7.455
5.5907
13.177
-2.965
31.056
10.627
-18.07
-28.048
-5.1674
-11.893
20.815
25.611
3.1706
-48.356
-21.748
-13.046
15.263
3.3905
51.588
7.8276
13.012
-27.573
-40.085
-33.931
-2.7274
21.452
-4.9733
56.483
51.968
12.28
41.986
84.576
32.071
-19.684
-29.47
-64.057
-47.201
-30.627
-53.624
-21.582
-5.5962
-29.05
-9.9624
12.246
6.8274
38.318
22.178
22.115
14.571
3.0121
7.7261
0.23374
6.1576
24.951
21.002
-24.645
-14.482
-40.607
-0.80042
12.785
16.282
-18.984
19.707
-22.826
-1.8679
-7.7468
-15.951
-57.844
-10.105
-3.0778
12.712
15.54
18.669
19.481
22.031
-13.822
7.2569
-9.8723
3.5329
12.215
32.454
18.328
7.8865
24.948
19.79
13.469
11.361
-6.6541
-45.63
-23.606
-30.049
-19.292
-5.5335
-0.7265
-30.864
34.519
2.3999
24.232
-29.607
-15.466
-7.5442
18.866
-32.959
-6.0565
31.917
51.102
2.4536
4.3736
-33.037
-29.357
-39.772
-1.3381
5.1133
0.024187
5.2074
-15.974
11.668
-14.667
59.993
25.342
-1.1661
2.3347
-20.361
NaN
NaN
NaN
NaN
NaN
NaN
NaN
NaN
NaN
NaN
NaN
NaN
NaN
NaN
NaN
NaN
NaN
NaN
-14.299
3.956
2.0309
24.999
8.3014
-23.395
-18.545
13.483
-5.5191
22.439
-20.173
7.7966
6.342
-26.075
-15.99
NaN
NaN
NaN
NaN
NaN
41.986
26.588
22.785
8.9541
43.798
22.486
26.593
17.239
-11.177
-38.655
-50.761
10.986
15.457
9.0618
-38.598
13.287
-9.696
-2.7868
-36.598
-14.966
-11.148
-75.509
-9.6411
22.726
-15.396
-2.4592
-2.1174
1.637
26.731
21.771
11.51
32.993
8.5284
44.814
-7.0291
14.076
-10.923
6.2789
28.157
11.836
