-24.587
-6.8185
-19.364
0.55086
-1.9437
14.369
-0.72458
-8.0247
-9.9534
2.1375
13.788
28.589
-2.9798
-8.5261
-7.4157
-5.4733
-11.037
16.334
17.638
11.988
-0.16427
-7.4653
-22.731
2.3082
-7.4807
-4.3675
-1.6447
3.9103
-11.241
4.7056
2.1872
5.5036
8.0642
-11.424
-6.0794
-7.4388
-3.6483
10.484
13.244
-3.0096
-2.293
-8.7856
1.8532
-6.6673
19.449
-18.415
3.1117
-12.622
-0.6044
20.147
23.067
25.574
4.596
-8.5449
-12.044
-0.94184
-1.8752
-0.24436
-1.394
3.2801
-10.69
-14.772
0.6713
-16.594
-11.481
-17.504
-3.5471
-0.99439
2.9814
5.3031
22.471
49.376
32.455
-0.37035
-21.109
-31.315
-15.682
9.2197
6.8579
-17.29
-25.423
-0.14905
6.6582
11.899
12.828
-6.2351
-7.0989
-6.5362
6.5101
-7.8674
11.556
31.891
16.017
4.7499
-2.2414
-2.9358
-4.4756
-9.9137
-22.447
-6.1019
-12.339
-14.99
16.098
18.954
12.966
-2.9324
-8.4261
5.1767
0.037498
-9.3397
1.0063
-15.96
-9.1108
-12.998
10.57
-1.2148
5.8319
20.397
13.628
5.345
-1.8519
1.968
-7.5145
-4.5779
17.066
-8.3663
0.64839
-20.357
2.6786
6.0984
-2.8164
-25.329
3.9029
6.4585
1.0128
27.974
36.77
-6.5525
-6.0951
-9.7418
-12.967
-19.729
-21.335
-9.6152
15.368
-8.2923
-0.62605
0.71568
4.4514
-1.88
19.435
-1.8332
-4.6612
15.551
-2.559
16.939
4.4712
18.575
-3.2681
-15.707
11.733
11.162
3.2852
-9.6634
-7.5074
-25.525
-0.54555
4.6046
-16.552
-22.394
-6.7863
-11.569
-5.0627
-0.065802
-6.3373
4.9386
-15.652
6.4473
30.014
16.37
4.2027
-0.58934
19.303
33.115
34.55
39.091
-6.8873
-11.737
-12.654
-5.4679
-15.518
-17.774
1.6837
-8.7378
-27.916
-39.073
-22.015
-26.251
5.5418
-9.4446
27.292
-1.8738
-2.1512
-14.946
-18.213
23.303
49.31
28.202
19.007
6.4797
6.6216
-0.27621
5.9839
22.305
9.2455
-3.5539
4.4027
-18.873
-0.25152
-18.276
-15.687
-30.879
-11.473
-7.3205
-16.289
-14.307
-6.4428
9.9129
-2.2004
-9.1252
13.821
0.32439
11.729
36.73
41.068
17.869
-17.475
1.2201
5.7819
-1.4195
-22.623
-1.3616
9.7725
-6.4962
-5.3338
-8.9964
-19.773
-6.0032
-21.599
1.2579
1.4386
-0.25097
12.233
24.135
35.025
