-81.027
-8.2311
-13.021
-12.069
7.6866
13.347
8.7513
19.159
26.179
5.2768
28.795
3.537
-30.182
-35.502
-3.4108
-19.775
-15.182
32.678
11.067
14.086
0.30292
-18.122
0.078695
18.491
-23.753
12.571
-6.6584
-0.98201
-25.14
-28.493
-0.7861
28.626
-22.401
-20.478
-39.442
38.422
16.747
50.284
38.393
3.7123
-3.9443
-44.744
3.6854
-34.105
28.115
-2.3421
25.465
38.778
20.767
25.85
24.64
1.3199
-43.339
-29.061
-5.0322
-19.684
6.3708
1.466
-21.104
-30.645
-3.446
-17.42
-14.584
-22.763
20.246
19.497
17.692
3.2645
-40.837
-32.161
-0.20044
40.385
34.282
-14.735
-40.819
-1.3407
48.166
45.193
-5.8533
-20.161
-28.071
39.391
19.962
60.265
2.466
-12.81
-10.588
-27.783
-14.741
-44.647
4.8819
28.583
1.1818
-19.671
3.7444
36.716
13.081
29.54
-14.552
-37.258
-6.301
-28.373
34.145
-14.9
-7.6245
3.5608
-13.976
-9.1718
-21.369
-18.962
-20.208
-0.32435
7.8011
-5.9617
14.501
-31.956
-18.312
13.076
32.785
30.952
30.073
-12.195
11.014
23.624
49.17
12.264
15.003
-16.447
18.309
8.1029
-28.546
-10.537
12.148
-7.659
5.5689
-1.4857
-6.3942
-33.753
-14.855
-15.389
-11.289
-37.669
-53.53
-28.077
34.768
0.23185
17.815
-5.0071
14.558
3.1212
-11.713
-15.919
35.32
16.21
20.505
32.423
13.835
27.214
26.446
44.491
-9.5368
-33.626
18.055
19.275
-4.5484
-61.997
-44.847
-61.824
-47.123
21.991
6.7849
-5.8882
-17.719
-28.95
2.589
3.0605
9.3485
34.003
38.217
35.803
75.161
26.518
14.079
6.3413
4.3944
2.7084
-1.0839
8.6377
-20.417
-25.494
-24.083
-16.787
-9.656
-27.399
-54.296
-41.498
-56.872
-43.849
12.994
41.115
66.516
29.942
-8.2011
-31.203
-46.311
-15.821
0.83175
31.173
19.14
35.571
43.961
40.382
26.29
27.474
47.713
29.785
69.879
12.399
-53.072
-79.562
-50.347
-42.902
13.923
14.461
-16.198
-32.287
-25.874
-12.095
-51.293
-24.33
-6.0016
2.1194
-15.234
10.364
23.295
29.934
11.824
29.794
15.739
5.7366
-10.507
-0.20551
23.949
-20.334
0.73186
4.0126
-2.2697
32.22
18.594
30.052
-16.004
16.727
-7.7827
-9.1616
7.6582
