-84.407
-23.733
0.42245
-32.38
19.106
9.3515
27.756
22.73
14.658
0.33492
54.045
35.434
-7.5613
-36.044
-3.4561
-6.2433
-11.063
-16.692
22.368
-7.0253
-15.687
-21.368
7.6934
-6.7267
-1.1888
8.9394
-7.8911
8.5894
-10.51
-21.268
-3.4863
27.902
5.743
2.4394
-46.173
30.471
24.337
20.643
41.923
-21.421
-22.184
-51.134
-16.78
0.82366
35.943
1.0321
-5.1054
5.2464
16.621
43.652
45.239
48.81
-3.6141
-38.478
-28.438
-32.75
-27.193
-23.191
-24.139
-0.94264
5.2726
-5.7125
1.9099
-13.491
5.6086
-14.849
27.407
-3.29
-56.919
-22.517
24.645
54.381
54.634
8.8472
-18.654
-16.951
7.4262
8.9494
21.822
-18.359
-39.033
5.823
31.275
56.91
33.403
-22.796
-33.725
-27.844
-2.9968
-15.037
24.865
45.805
17.12
-1.3253
-24.015
-11.826
-43.344
-11.674
-27.045
-39.559
-50.293
-33.108
41.026
24.319
10.011
20.791
14.691
3.5933
17.293
31.23
23.953
-5.2931
26.318
14.536
25.372
-9.8638
-1.0471
-7.9477
-7.1336
-39.48
-28.81
-56.888
-28.02
-14.492
36.626
21.335
7.638
-3.1838
19.82
30.752
7.398
-3.803
11.62
27.09
5.7815
25.889
1.0699
-12.392
0.36079
-18.146
-17.455
-37.721
-44.815
-4.7197
-3.8763
-25.752
13.327
-16.181
-9.5248
14.424
-1.4195
-34.705
-1.7305
37.678
33.623
52.728
51.21
8.0796
-9.785
14.32
25.656
6.8267
29.649
30.603
18.394
-29.789
-57.704
-71.707
-60.241
-31.405
-32.507
-16.247
-21.942
-38.784
-19.645
3.4885
9.45
30.166
28.292
43.782
53.839
39.018
49.798
71.293
61.919
54.306
10.602
-21.627
-31.495
-65.837
-45.427
-36.224
-39.188
-33.015
-39.976
-43.391
-33.694
-37.306
0.1709
24.665
42.645
-0.095733
1.8376
-40.714
-25.002
17.292
45.553
49
69.123
27.662
11.959
2.0625
6.2858
40.239
27.667
34.667
45.123
-15.502
-26.485
-86.334
-44.956
-43.463
-14.055
21.557
0.93075
1.2875
-12.306
-29.398
-43.694
-58.3
-28.312
6.0321
20.475
23.553
31.912
29.418
-6.1925
55.225
20.55
10.085
-5.527
9.0909
29.16
-9.7964
-2.6496
8.6839
-5.5041
11.922
10.101
14.564
-40.013
-7.4041
-19.814
14.495
5.1508
