-76.027
-7.4855
-6.3459
-8.4477
-86.969
-9.8795
25.089
43.817
66.71
71.49
-11.022
-97.451
-79.079
-53.711
57.704
72.226
29.766
28.232
-5.8755
17.288
25.151
38.49
36.832
16.189
22.47
19.252
-57.306
-39.1
-19.911
-29.082
-7.9737
19.265
32.256
32.283
15.46
-15.543
-19.635
-13.987
-18.649
-3.7834
17.573
28.923
-12.618
-30.438
-37.136
-21.595
-10.998
-33.165
10.261
-6.9095
-1.4636
-2.402
3.8161
-13.332
7.08
-13.399
31.779
-8.8981
-11.059
33.135
14.15
-12.165
-51.934
-4.1497
30.106
11.868
-0.84194
16.627
13.354
69.598
-8.5541
-40.276
18.124
-5.6464
20.879
16.194
43.873
43.596
7.3885
-47.104
-2.4736
4.9071
9.6708
-4.4486
26.041
-12.152
-39.195
-66.423
-51.155
11.662
-6.8354
3.1315
4.6598
5.9375
12.836
-4.3837
-20.738
-16.359
-19.409
-8.8269
-8.1608
35.065
55.743
-24.144
-41.347
-11.147
5.7914
0.72129
-8.5437
38.157
-0.11389
24.362
1.7194
25.497
6.7822
-49.04
20.877
12.075
18.936
-10.247
-13.374
-6.0761
31.704
36.133
-22.187
-16.786
-4.3813
-1.455
-11.102
-6.6022
17.414
42.399
15.561
-24.732
-16.457
-8.2968
-25.311
22.522
6.9673
0.56953
-36.492
28.416
6.9326
-12.266
-6.6297
15.212
-20.718
21.858
26.472
NaN
NaN
NaN
NaN
-31.262
-28.96
-45.266
1.877
10.025
34.433
-34.876
-39.137
7.3479
37.45
24.596
-17.181
-20.291
9.0164
37.003
-0.23764
-0.88583
-1.7688
-15.197
-3.1473
-6.2317
26.013
15.936
27.77
48.012
36.47
38.71
10.496
-13.192
-2.7803
-3.8542
-30.874
-5.0681
-8.017
5.3692
21.707
13.951
16.166
11.811
-40.456
-35.126
-16.801
-28.806
-48.471
-12.372
-22.959
-7.3374
-35.915
-48.25
-41.581
-20.403
-2.2638
31.519
32.753
5.5423
0.6282
34.872
28.702
29.394
39.92
53.559
NaN
NaN
NaN
NaN
NaN
-5.1595
-60.751
-6.852
0.47614
2.2436
-18.959
0.74273
18.481
28.761
33.368
69.495
25.147
-11.971
-6.7671
-18.043
44.875
6.5428
-11.533
-7.5514
-11.756
-40.337
-49.329
-66.977
-31.221
16.419
4.8006
7.7254
32.627
37.199
