NaN
NaN
NaN
NaN
NaN
-17.644
-6.9326
55.224
18.882
18.741
36.119
42.608
39.586
64.961
39.036
3.6152
6.3709
14.658
30.632
-0.027779
-18.215
-2.5477
-24.533
-6.5966
9.9839
6.7246
-58.359
-32.07
-25.563
1.0096
-31.247
-13.6
-4.0194
40.926
19.267
-11.834
-27.74
-10.605
-22.483
-24.37
-22.115
-5.3467
42.63
42.491
7.3342
26.77
-33.34
-13.538
-5.1252
-18.356
NaN
NaN
NaN
NaN
NaN
NaN
-18.632
-27.022
9.7751
30.156
39.654
2.2247
47.989
18.564
-29.891
-38.467
NaN
NaN
NaN
NaN
42.493
-13.726
-87.439
-47.297
12.429
15.178
33.908
33.003
38.872
60.885
NaN
NaN
NaN
NaN
NaN
9.0763
-12.636
3.164
-7.1169
13.433
22.872
-0.72537
-4.8316
-28.163
-47.446
-30.636
-57.267
5.0126
43.086
65.699
-14.117
8.8246
-18.723
-5.9996
-5.1069
30.736
17.935
-23.562
-20.033
51.543
62.406
21.779
-28.799
5.1176
14.134
-21.848
-2.7061
-0.44407
1.7224
-17.767
1.2145
-37.61
-16.476
-9.0326
34.242
31.284
28.444
-0.005115
NaN
NaN
NaN
NaN
NaN
NaN
NaN
-13.451
27.898
22.151
-6.8838
32.163
27.22
-5.0649
-41.507
-17.344
-20.923
3.2001
11.727
-18.375
13.206
-13.948
-19.187
9.0895
36.928
5.2182
5.6725
17.474
44.887
33.772
23.998
8.7668
22.682
12.483
-13.512
18.369
29.186
1.4326
-10.704
-11.49
-50.376
-6.4097
-44.678
-58.367
-66.763
-31.633
7.6014
-28.615
-9.8066
-60.011
-31.611
-4.6954
43.143
41.569
32.138
25.834
33.739
19.651
25.336
40.934
47.585
-11.147
-2.4296
-37.413
-29.399
0.19317
24.195
12.517
-5.682
22.66
13.529
4.06
26.841
28.672
29.943
-6.9654
-34.065
-5.2714
20.689
32.102
11.126
-43.477
-67.637
-65.453
-51.276
-45.305
-46.878
-36.754
9.4428
3.9144
NaN
NaN
NaN
NaN
NaN
NaN
-6.836
-6.9666
-5.8564
-17.77
25.872
66.232
75.279
89.339
51.496
-3.0195
29.219
-9.0053
-56.652
-50.425
-59.611
-2.5294
12.995
-34.398
-22.388
-25.664
-18.449
-16.081
-21.491
34.986
11.669
17.821
9.2308
-10.267
15.572
9.7616
-29.76
17.689
7.9112
4.6507
43.955
-11.462
-49.463
-66.666
-39.123
-6.7973
42.398
54.936
24.119
41.384
14.725
31.132
-10.415
NaN
NaN
NaN
NaN
NaN
-22.451
-47.003
-34.931
-25.454
5.6948
5.9991
49.003
49.634
66.746
49.502
-1.1783
-3.2155
-36.17
-33.935
-2.5755
3.204
28.704
4.8765
36.886
21.509
1.1219
10.976
-5.4598
-38.296
14.645
13.192
-0.67487
-12.281
-51.96
-41.695
-49.74
