-62.026
15.533
-2.3208
19.872
7.8798
40.692
16.231
-30.173
-55.258
NaN
NaN
NaN
NaN
NaN
26.039
-24.939
-14.518
-36.585
-5.5507
18.509
6.9866
-11.682
28.249
54.998
36.251
20.341
7.3703
12.488
20.861
45.399
-8.6878
-12.177
-20.668
-33.889
-8.5039
-6.0352
-15.399
-6.1028
-0.70536
-34.929
-6.0234
19.046
9.9425
-5.6483
33.032
-2.9317
-50.853
-14.216
12.619
1.6016
-19.988
-15.017
34.009
36.469
-0.6313
54.819
47.524
-5.0562
22.118
NaN
NaN
NaN
NaN
1.8263
41.1
-20.407
17.875
-12.961
-6.081
-29.276
-48.789
-77.707
-38.424
3.6173
-13.311
-64.521
-4.9355
16.058
14.037
40.765
21.464
38.511
14.01
13.645
9.2742
14.749
-10.228
1.9222
-24.68
-22.081
13.821
30.967
26.247
60.721
75.968
57.475
5.9879
NaN
NaN
NaN
NaN
NaN
-2.3344
-33.547
-34.847
-22.749
-24.39
-6.5499
5.3606
-0.014421
2.7933
-16.778
-13.361
-14.896
-26.669
-12.638
-33.768
27.962
30.588
15.464
-25.115
-24.923
-32.855
-1.3587
27.459
4.6254
-84.854
-90.217
-32.102
47.388
63.116
81.228
85.503
109.46
99.392
76.746
-17.952
-4.5297
-13.674
-51.117
-21.937
-2.5782
18.175
-5.8512
-49.299
-72.829
-33.861
-27.552
-19.833
-5.5765
11.108
2.4288
10.066
19.098
4.5716
-15.686
19.539
39.42
24.898
-37.072
-81.282
-34.361
-58.715
-50.701
NaN
NaN
NaN
NaN
NaN
18.144
-20.334
-13.135
46.255
18.853
-20.333
4.3627
30.683
27.102
-22.467
50.019
39.429
26.015
34.167
28.615
-10.518
-46.267
-7.5213
69.229
36.185
-25.711
-54.289
-30.868
20.674
-34.937
-37.977
-33.934
-57.394
-30.89
-38.296
-64.209
-43.012
24.882
3.8648
14.546
20.062
3.0323
-3.8684
31.037
42.889
60.897
44.096
62.973
8.1667
5.1598
7.6737
0.92561
2.7589
-28.611
-40.406
-37.958
-37.056
-5.4334
27.798
11.702
-7.5074
-16.998
12.476
-6.1707
-0.15571
14.173
NaN
NaN
NaN
NaN
NaN
NaN
-26.383
-50.509
-10.408
0.26336
-23.812
-58.726
-27.715
8.4882
-12.988
20.775
33.536
32.012
49.738
23.212
1.6579
40.006
8.8858
0.92514
-7.454
-21.708
-35.057
-1.3754
25.267
-13.919
-52.184
-32.644
-16.415
-10.383
-3.967
12.884
26.824
37.878
20.02
31.216
-4.5775
-11.121
-12.94
-10.908
-14.533
-6.9796
-4.4223
11.369
-12.147
-1.3367
-2.689
10.881
-21.757
-19.041
22.904
26.805
7.3158
16.094
12.703
52.15
24.065
-10.128
-66.186
-53.562
-7.9929
-16.299
-4.6305
NaN
NaN
NaN
NaN
NaN
NaN
-45.691
-0.012457
28.263
61.719
43.087
-19.445
-9.928
-9.3814
-7.0511
-12.329
-7.4367
16.879
19.712
-11.126
-15.691
-56.55
-29.517
-11.343
-0.51791
8.2329
-2.657
-0.77625
0.91957
-5.6317
15.553
-17.728
2.4412
23.595
-32.23
-27.187
2.6864
63.498
67.943
41.15
33.055
18.873
-2.5892
-4.2087
-8.1382
