-49.024
14.278
26.502
22.875
33.222
54.382
16.063
-2.7146
21.053
-43.011
9.8567
10.393
28.141
5.6357
-13.131
-9.4868
-8.5335
-5.5268
-4.9157
31.257
30.985
45.674
30.602
24.666
-14.701
-11.14
-78.264
-29.027
-72.191
-41.815
0.70278
-16.628
-2.2148
33.778
37.486
32.864
-22.118
-24.28
NaN
NaN
NaN
NaN
31.323
-17.27
-27.95
-58.157
-35.451
33.325
50.7
48.929
68.377
62.58
71.268
46.601
13.498
-23.704
-45.314
-17.184
NaN
NaN
NaN
NaN
-30.425
38.007
3.4324
-27.223
-85.962
-90.838
-60.047
1.3677
-11.446
48.824
28.772
46.988
33.033
-21.109
11.765
-17.181
-28.138
2.8325
-7.087
46.964
75.492
72.454
17.713
-55.986
-74.536
-57.391
4.6573
-49.583
-13.693
8.0346
-15.291
-39.036
-20.915
4.8382
33.879
81.983
76.855
51.058
NaN
NaN
NaN
NaN
NaN
-9.5412
-53.397
3.2941
10.778
8.2843
17.85
31.695
28.324
-6.8824
10.309
19.545
5.8089
-19.317
-31.401
-75.767
-25.128
0.33821
40.474
-2.2357
15.171
-1.6668
12.707
9.0575
-4.0065
-0.11552
7.3608
-31.585
-89.378
-55.109
-28.104
0.5009
41.493
29.983
29.09
61.874
46.747
37.867
8.1601
-21.855
-26.912
-3.2761
-41.565
-13.03
-47.68
2.8499
-17.452
9.962
12.384
21.082
46.22
67.197
59.362
18.629
-25.903
NaN
NaN
NaN
NaN
-47.916
-35.346
-17.614
-5.9482
14.654
4.51
-32.751
-20.412
16.707
11.054
9.2094
16.214
-2.6765
25.313
14.308
9.6935
-48.653
-43.069
-53.448
-19.247
-16.671
11.73
-9.7631
22.402
4.2249
18.769
-7.7001
0.24822
NaN
NaN
NaN
NaN
NaN
NaN
-42.631
-21.789
-13.595
-26.488
-33.302
-24.022
-16.396
17.737
41.04
19.968
12.83
9.6314
17.594
29.162
23.082
30.142
-45.513
-5.2144
-62.907
-61.39
-30.435
-7.5949
-19.342
-36.054
-36.26
8.9014
3.2494
42.803
6.1841
20.93
26.679
38.429
60.251
16.263
-1.7516
0.52137
-62.483
-58.354
-29.451
-36.14
1.5917
7.0693
20.572
31.171
62.551
-20.518
-3.3242
-15.532
-20.339
3.6097
54.84
25.927
13.157
37.197
23.989
21.93
7.9623
9.6354
22.416
-2.5422
-55.097
-51.622
-49.107
-42.629
-17.051
-17.788
-6.1313
12.109
11.373
7.9817
13.857
-18.59
52.32
-2.2892
-25.162
-43.13
NaN
NaN
NaN
NaN
NaN
NaN
-60.153
36.003
66.792
70.915
52.366
61.824
38.624
14.373
-11.187
-44.893
-9.0112
-11.018
-5.2943
-44.163
-22.03
-8.506
-0.28845
-12.978
-47.454
-43.267
1.0906
37.463
24.308
37.775
NaN
NaN
NaN
NaN
NaN
-28.525
28.599
32.516
43.07
5.923
-25.99
-94.039
-62.361
-48.502
-11.071
-42.316
-3.9594
6.9305
2.8993
3.4603
5.9153
21.571
