NaN
NaN
NaN
NaN
NaN
3.9896
-15.451
32.08
24.151
15.274
38.444
37.059
0.78705
-7.7905
-22.502
-6.9067
11.423
-24.806
-12.459
-14.336
-17.224
17.741
-0.26342
23.628
31.78
52.304
22.768
41.917
-10.846
5.2963
1.7753
27.105
-21.898
-48.326
-60.381
-55.585
-42.707
-2.457
30.262
29.848
23.587
43.734
24.509
15.557
-58.251
-43.17
-67.92
-18.584
17.83
35.205
NaN
NaN
NaN
NaN
NaN
NaN
28.931
92.287
89.071
-15.175
-1.3057
-11.206
35.554
-4.6323
23.011
63.498
NaN
NaN
NaN
NaN
-23.882
-2.2759
-36.294
-29.155
15.364
12.547
-1.6368
-32.169
-57.3
-73.4
NaN
NaN
NaN
NaN
NaN
11.443
-30.757
-18.256
-7.4705
34.375
39.81
33.687
29.703
50.31
28.426
30.608
-22.869
-27.567
-34.177
24.008
-46.896
3.2638
2.4465
23.334
13.882
3.0173
23.928
41.676
18.919
43.661
13.973
-23.558
-12.456
-14.9
-32.539
-15.528
-9.5378
-43.926
-27.214
-0.09494
25.314
-1.6563
14.346
-2.597
11.07
3.678
17.002
42.01
NaN
NaN
NaN
NaN
NaN
NaN
NaN
-18.554
-12.113
-13.483
15.944
47.052
37.662
60.363
10.669
45.2
14.141
1.5493
8.8008
2.8027
4.8597
7.1794
-30.604
-24.474
-10.593
1.7318
-2.4026
-16.025
-6.0404
-2.2662
9.2222
7.8645
41.215
33.757
7.6513
11.43
-31.278
-50.412
4.6236
-37.758
-83.069
-39.41
4.4256
51.914
30.225
22.655
30.987
-40.931
26.178
-1.1088
-10.687
5.2841
11.253
-11.982
8.7481
27.15
45.215
37.686
-36.963
-102.18
-69.998
-32.674
7.6829
12.756
10.863
17.022
28.006
37.302
28.24
30.127
17.094
13.604
38.105
2.5518
0.22199
-77.2
-48.252
6.1472
19.948
14.026
26.444
5.2288
30.024
22.599
24.897
-30.5
-41.955
-20.719
20.218
0.79194
NaN
NaN
NaN
NaN
NaN
NaN
-56.845
7.8532
15.949
3.5984
7.9843
42.317
38.219
21.161
28.907
7.157
77.439
25.867
1.8102
-12.339
-65.179
-30.663
-5.6636
10.868
35.958
6.2604
-31.251
-11.331
7.281
29.886
33.599
42.163
52.439
-14.703
-70.193
-41.182
-19.158
3.0692
-1.9308
2.8814
48.558
28.664
-0.71403
-20.392
-27.975
-54.72
-62.585
-54.182
-74.842
-35.35
-17.573
31.384
41.927
NaN
NaN
NaN
NaN
NaN
54.454
62.766
51.599
17.996
44.227
49.92
59.778
-57.823
-102.33
-59.958
-24.427
-23.669
-14.604
-0.14664
26.657
-14.989
4.3279
7.9007
54.944
62.603
14.737
-28.814
-54.736
-46.16
9.2275
-16.135
-13.079
-17.93
19.498
42.937
-18.703
