-64.761
37.694
37.652
8.0194
-2.8547
30.544
-13.169
-7.0635
32.64
-12.83
2.1375
-21.306
-27.688
-73.101
-72.738
-20.226
24.305
38.063
30.823
33.088
-30.069
-42.431
27.495
51.266
-7.0713
-2.1869
-17.276
19.79
-19.971
16.137
17.127
-28.74
3.2962
37.301
56.059
77.714
16.622
-56.507
NaN
NaN
NaN
NaN
-2.0819
-35.999
35.523
15.148
-9.1223
0.69288
-8.3194
11.434
27.083
14.497
5.6454
32.582
32.248
-8.2169
-26.278
-41.729
NaN
NaN
NaN
NaN
-14.003
22.74
-4.5917
-37.924
-11.9
11.963
26.998
50.92
14.122
52.109
-31.16
-56.08
-49.532
-36.577
46.229
30.484
25.288
38.538
19.673
25.04
12.96
9.5417
-12.3
-15.616
-3.2952
10.925
30.462
-47.3
-24.161
-6.803
-7.6327
-5.3746
-14.867
-8.7145
22.537
71.821
11.117
25.943
NaN
NaN
NaN
NaN
NaN
6.3146
-77.538
-19.27
12.189
31.414
37.95
44.095
18.76
6.1
13.948
14.09
-13.826
-6.8847
-2.6065
-26.825
-1.6563
27.023
38.668
40.37
32.178
12.616
33.075
49.293
4.6725
-20.355
12.044
3.7923
-47.479
-88.865
-107.85
-45.293
3.7287
24.463
19.308
28.51
6.6815
-19.879
-19.904
3.0838
-17.763
-27.658
-29.344
13.877
4.2372
31.995
40.017
40.105
13.81
3.0753
26.696
40.585
-11.753
-50.903
-31.787
NaN
NaN
NaN
NaN
-32.44
-20.401
-21.024
-15.778
-19.524
-21.791
-65.307
-60.911
-7.0844
29.881
18.609
49.757
-9.6865
-8.2232
-1.2678
29.853
20.251
19.91
16.715
9.2896
-21.679
-3.9971
-19.633
-0.38146
28.211
33.576
-8.87
15.922
NaN
NaN
NaN
NaN
NaN
NaN
-15.485
-27.543
-12.994
-18.058
-17.654
2.7671
-14.572
-17.634
-17.596
-15.695
11.009
-4.262
13.187
22.222
14.146
17.502
2.6463
8.7181
-33.181
17.504
55.43
77.67
40.635
3.7111
-57.053
-15.567
-13.507
30.304
38.5
27.323
6.3787
6.6496
-20.109
-72.518
-53.858
-24.486
-38.913
-23.716
-6.9353
-18.994
4.7319
-6.6415
14.54
11.796
13.142
18.211
47.681
-13.837
-50.26
-3.106
-5.0187
0.45577
5.6941
26.285
18.781
14.618
23.106
33.897
31.001
-0.35693
-46.688
-0.32075
12.165
15.022
9.5747
-35.503
-38.485
-26.284
-17.921
4.0972
58.471
-11.475
5.7037
-8.692
22.283
50.491
NaN
NaN
NaN
NaN
NaN
NaN
-36.453
-13.263
14.283
40.464
15.309
54.619
5.3355
-23.587
-49.37
-25.712
-26.012
7.6302
-7.0241
-35.809
0.10121
32.265
56.693
48.347
25.862
3.4275
6.2559
3.9967
11.458
10.119
NaN
NaN
NaN
NaN
NaN
-30.86
49.469
79.713
63.824
-5.7437
-33.958
-50.532
-21.813
-23.608
-29.813
-28.177
-9.5092
14.588
21.914
32.187
17.18
40.392
