NaN
NaN
NaN
NaN
NaN
-33.798
38.241
29.909
-31.033
-14.789
-12.784
-19.982
0.82861
1.0762
18.737
25.842
16.601
21.771
0.44682
6.16
22.698
7.5697
6.513
-4.374
-10.227
-10.712
-16.187
-38.258
-9.225
9.794
-3.6488
-18.57
13.209
37.218
-33.959
-5.7821
-14.814
13.191
-24.469
-12.699
-25.419
-14.456
5.9832
16.762
34.965
-2.2085
0.81377
20.14
-30.222
30.994
NaN
NaN
NaN
NaN
NaN
NaN
43.225
1.3813
-10.702
7.5458
-25.188
-8.4615
-33.328
-43.362
-42.467
-42.264
NaN
NaN
NaN
NaN
4.0547
-11.266
-19.662
-2.7169
5.3449
-21.223
-11.452
49.666
49.008
49.864
NaN
NaN
NaN
NaN
NaN
-19.746
-8.071
-14.327
-11.561
-13.014
-23.676
3.6555
2.5155
-5.4821
-4.3661
-14.046
13.922
0.52847
-30.052
-11.579
39.888
17.786
56.483
-29.081
-18.048
-33.323
1.0139
2.1268
-8.1309
28.824
2.8623
-19.479
-29.777
-27.962
6.9968
9.6262
44.877
40.988
12.917
25.134
2.8203
-21.545
-23.618
-40.056
-21.793
-34.392
9.1865
-17.48
NaN
NaN
NaN
NaN
NaN
NaN
NaN
-26.629
-17.198
36.846
42.029
19.214
-0.50148
-7.12
-25.209
-8.1027
-3.4809
12.012
28.903
-1.4854
16.365
-21.59
0.44963
1.1236
-44.069
-10.434
-19.695
24.801
3.6778
-0.79412
12.446
-27.641
-46.033
20.106
31.839
-50.848
-31.076
-22.459
1.0525
-2.4026
43.384
35.249
-3.0092
-23.202
-0.69459
28.619
6.6874
14.256
25.737
72.785
4.6296
-9.2205
-20.48
-22.278
-0.74656
-18.3
-28.299
-38.758
-2.9052
45.471
51.393
-0.62129
-2.9519
6.8551
1.1461
-3.1511
2.3832
-20.513
-36.474
-14.742
-6.8634
32.587
16.119
-19.75
-32.17
-8.3687
2.1952
-30.206
-8.7403
-9.6506
20.761
2.7443
-24.765
-20.613
7.3759
-12.506
-7.8137
46.9
41.053
61.962
NaN
NaN
NaN
NaN
NaN
NaN
10.564
-37.374
-20.461
11.237
-15.524
-12.984
-10.337
-2.5737
-8.722
-3.521
-3.938
5.6531
38.328
0.69671
18.172
42.603
-42.321
-59.911
-24.092
-23.97
4.2007
26.242
30.517
-16.492
-39.972
-37.908
-25.213
10.756
24.647
15.439
6.2238
34.768
20.297
48.301
-24.436
-15.566
16.669
23.121
-15.64
1.8567
2.1857
11.512
4.3516
42.414
-7.5268
-40.205
-7.1906
NaN
NaN
NaN
NaN
NaN
-2.7133
-1.0401
-2.9648
11.668
-27.492
-12.88
-29.52
7.3598
15.513
-0.53603
-0.10146
-16.896
9.6399
-0.97105
5.4888
12.717
10.723
-5.1582
-2.6223
-35.944
-2.9185
19.149
2.0582
35.447
-5.7412
4.3726
19.976
-19.526
7.4969
-1.6174
71.357
