34.736
17.352
54.216
46.33
18.374
70.631
1.0729
-53.023
-23.427
-28.03
6.4167
36.986
55.432
64.939
25.945
-35.159
-86.604
-79.848
-31.176
-5.2636
48.911
99.887
29.906
4.2794
-2.4828
17.119
-28.356
-62.662
-58.289
-49.504
-18.847
19.257
2.5564
-0.30564
-28.588
-37.647
-21.267
41.504
NaN
NaN
NaN
NaN
35.684
19.394
-4.7789
-39.656
-24.805
29.681
60.243
56.216
43.805
50.204
31.745
25.739
20.655
46.253
45.601
15.297
NaN
NaN
NaN
NaN
-79.177
0.43851
-14.297
-19.422
-53.699
-59.721
-33.315
-3.7744
-21.149
6.1453
49.45
61.617
55.499
-54.384
-40.292
-60.432
-45.227
-17.626
0.57377
43.335
71.284
71.859
15.161
1.4214
-38.47
-71.301
-20.056
-6.134
-20.131
-16.662
-17.169
-51.818
-43.782
-10.255
-0.98357
28.738
78.089
60.655
NaN
NaN
NaN
NaN
NaN
60.887
15.917
50.832
-15.467
-15.49
-45.301
-25.529
28.228
-54.297
-75.72
-52.047
-17.969
-62.856
-43.397
-50.724
-9.6163
-21.494
36.495
16.134
9.127
0.63252
-50.522
-28.154
15.927
49.489
2.0102
-25.737
-2.4798
25.913
51.08
47.201
37.243
5.4014
-6.6383
29.671
30.643
57.503
35.041
-39.935
-71.339
-4.7018
10.293
16.787
-31.107
-8.7825
-32.452
-11.79
-23.196
-23.671
1.3097
32.62
72.196
79.667
41.362
NaN
NaN
NaN
NaN
-3.4754
-21.932
19.942
26.139
11.613
30.734
70.7
26.62
-5.7208
-26.182
-37.763
-23.82
-19.511
14.741
3.9639
23.797
-28.651
-13.785
-17.626
31.849
16.955
5.6742
-50.035
-37.121
-62.145
-45.882
-19.522
-2.3574
NaN
NaN
NaN
NaN
NaN
NaN
-13.75
-25.934
5.6516
-18.922
-26.072
-16.351
-14.322
16.207
48.475
23.935
-10.533
0.19306
-7.1546
28.424
55.288
57.11
-52.202
-44.647
-18.675
-70.614
-65.936
-53.601
-45.422
-23.372
10.103
13.95
-17.26
-1.9233
-18.244
-15.954
33.456
5.6227
27.059
51.229
73.265
35.919
-57.737
-50.539
-31.602
-24.718
5.4025
14.614
27.406
-28.662
16.748
6.6957
-0.077912
70.552
103.63
21.155
78.244
60.954
-4.6107
16.237
-1.6249
-12.047
-42.429
-55.162
-32.155
-28.702
-33.261
-37.831
-59.652
-58.999
-22.843
22.568
32.958
14.144
7.8839
10.652
-25.835
-41.395
2.5675
-1.2848
-16.299
-79.375
NaN
NaN
NaN
NaN
NaN
NaN
-18.723
29.486
79.19
52.797
72.04
96.45
106.87
72.179
66.828
34.843
-25.011
-90.606
-53.204
-95.673
-38.838
-41.5
-65.587
-28.956
-31.989
-53.12
-22.7
26.054
16.893
49.273
NaN
NaN
NaN
NaN
NaN
-26.416
-35.404
-29.317
-7.5396
9.8755
19.728
-22.817
-52.837
-47.621
-3.1713
-17.21
-1.4801
-14.867
-2.7942
-1.0412
5.578
15.442
