-67.797
11.321
15.829
-8.0717
8.9616
35.391
-5.7696
15.114
34.058
-7.1927
5.0541
-20.333
-14.378
-39.542
-55.676
-6.5764
41.561
42.411
37.164
45.544
-2.9456
-33.213
5.9047
31.388
-34.224
-10.568
-52.144
15.648
-30.944
0.83857
4.7463
-23.401
-10.85
31.309
49.462
54.717
5.8429
-37.073
NaN
NaN
NaN
NaN
-11.049
-33.968
29.996
-0.060153
-13.284
15.944
12.588
17.247
32.421
22.807
20.018
33.578
23.952
-19.876
-37.655
-45.565
NaN
NaN
NaN
NaN
-22.776
27.407
1.2674
-22.476
-7.8177
0.14197
4.7152
17.892
-6.3854
26.855
-30.195
-43.321
-27.061
-17.057
53.602
28.496
16.573
24.473
12.995
18.841
24.278
20.747
-6.303
-25.67
-17.801
16.03
29.427
-40.475
-15.528
-11.202
-5.5564
-11.981
-4.8172
3.7737
20.551
73.539
21.664
24.826
NaN
NaN
NaN
NaN
NaN
-16.231
-74.866
-28.949
-1.5215
15.214
46.584
54.977
25.825
3.9597
28.034
23.354
4.9329
-2.139
1.9167
-45.941
-16.207
8.4205
38.487
20.318
28.523
-1.7956
35.872
45.252
12.004
-17.96
14.746
4.8947
-52.455
-82.926
-93.273
-42.224
19.08
15.991
14.885
39.365
16.703
-9.7709
-14.485
-0.4726
-10.397
-10.485
-19.295
1.0015
-14.543
27.221
7.9286
20.408
11.79
23.223
33.608
47.39
6.0891
-44.074
-25.291
NaN
NaN
NaN
NaN
-33.559
-37.157
-20.818
-14.132
-14.007
-13.714
-56.458
-51.199
15.026
34.065
31.362
55.742
11.484
15.709
10.133
28.185
-5.3045
6.0916
-4.139
-8.169
-31.138
2.4738
-24.134
5.1806
8.3106
20.78
-15.206
-10.5
NaN
NaN
NaN
NaN
NaN
NaN
-18.566
-22.694
-10.554
-13.064
-18.777
4.0223
-13.362
6.3131
18.946
3.9981
15.613
6.3138
10.614
19.673
14.37
19.593
-4.8255
-1.5224
-50.727
-13.615
27.362
29.272
15.509
-10.558
-42.978
-0.36147
1.1859
37.396
37.527
23.323
17.521
17.39
17.831
-45.248
-41.3
-16.511
-65.416
-33.686
-12.55
-20.93
3.1344
1.5849
23.024
10.669
31.121
8.8158
25.28
-31.013
-58.459
-17.856
8.2402
-4.7657
15.293
46.318
33.467
21.252
15.84
29.458
28.365
4.794
-48.653
-4.9179
5.6941
1.6244
1.5989
-27.831
-34.129
-16.932
-5.6519
-4.4756
41.991
-4.7731
14.741
-8.7044
8.7438
31.577
NaN
NaN
NaN
NaN
NaN
NaN
-52.497
-6.6037
10.448
22
5.3567
31.971
-3.0671
-5.6433
-26.534
-11.719
-6.6808
8.1129
7.5456
-35.767
-8.3973
28.477
37.81
30.948
26.283
-2.0747
-5.3365
7.8259
9.9511
24.793
NaN
NaN
NaN
NaN
NaN
-22.221
47.163
71.146
77.728
14.021
-31.063
-66.189
-39.221
-25.796
-15.864
-39.815
-9.6746
10.112
22.26
13.029
13.793
26.093
