-100.95
5.905
-1.6554
28.001
3.2128
2.5406
1.0309
-6.5612
-5.9028
NaN
NaN
NaN
NaN
NaN
-17.647
13.308
26.649
9.8265
18.036
4.7468
37.718
10.725
32.403
46.191
7.5186
-15.486
-32.33
-27.976
-9.4133
12.362
-36.258
-26.288
-27.848
-16.034
27.769
24.775
10.866
1.6464
-26.613
-34.286
-34.048
-14.069
5.6647
-8.7836
30.36
1.4954
-27.659
-12.478
10.017
-0.10543
-3.8416
38.447
38.365
45.348
33.842
88.53
68.215
29.228
12.724
NaN
NaN
NaN
NaN
-40.053
17.486
-34.229
33.181
-29.907
-6.5233
-30.398
-33.662
-67.156
-9.9502
14.11
-22.429
-54.481
-5.8203
13.553
-22.277
16.747
3.6344
47.227
29.35
12.942
2.7222
4.5467
6.2197
15.285
-15.978
0.43898
31.483
38.817
14.257
45.982
70.615
38.157
-6.5755
NaN
NaN
NaN
NaN
NaN
-8.0412
-40.62
-20.699
-6.7144
-33.182
-2.5518
11.175
-4.6852
14.22
7.3927
40.658
25.818
8.5561
3.4343
-26.19
2.752
8.5094
-29.669
-25.708
-22.42
-33.774
-31.009
-12.386
-21.939
-51.959
-1.4285
-8.1874
36.11
38.231
58.984
56.751
51.589
39.361
48.251
8.6422
9.7174
-26.4
-54.84
-27.489
-14.492
-19.337
-34.085
13.256
-17.031
32.886
45.635
24.886
20.831
0.38292
-33.504
-17.162
-3.0499
5.9723
-8.96
-18.693
-27.555
-47.382
-5.2362
-14.733
1.3544
-26.864
-8.5556
NaN
NaN
NaN
NaN
NaN
-6.272
1.6951
33.48
23.195
6.972
-20.862
-17.142
17.914
27.083
-19.381
18.778
-22.164
-31.129
11.263
38.757
8.6802
-9.485
-15.823
8.6526
9.4263
-6.4357
-4.9792
-1.5178
11.438
-69.659
-5.1214
26.96
8.751
-4.0529
-28.853
-33.651
-43.104
29.822
-5.5359
20.51
30.189
19.375
37.695
21.956
-3.7993
-19.284
-9.6089
20.528
-10.163
43.631
31.2
23.767
4.7651
-9.6838
-34.692
-37.114
-36.366
-33.021
-39.731
-22.111
-16.232
-33.137
11.165
22.832
34.102
34.921
NaN
NaN
NaN
NaN
NaN
NaN
-26.523
-31.511
6.1612
-6.7881
-7.7528
5.9725
22.89
40.067
20.452
2.8168
16.43
-3.6347
4.3254
-6.4373
-20.946
10.049
1.2762
14.038
-3.2015
-25.781
-29.795
10.29
29.256
14.893
-20.856
-14.828
-41.513
-53.533
-56.256
19.595
10.675
32.047
9.7714
26.318
22.327
14.127
25.321
3.3407
-8.2467
8.5362
-8.3322
-12.593
-40.804
-20.199
-0.71097
8.5882
-6.4411
14.589
33.27
11.927
20.634
37.188
10.368
20.981
53.157
-6.6876
-56.994
-60.168
-29.954
-37.809
-46.534
NaN
NaN
NaN
NaN
NaN
NaN
-11.76
27.063
31.241
64.403
61.144
41.366
43.157
7.9069
24.608
-15.362
-49.088
-30.854
-23.528
-40.252
-23.761
-36.451
-28.474
-24.577
6.0122
14.109
23.514
-23.619
-13.609
11.576
1.8152
-25.016
27.483
40.76
-11.565
-2.1446
-24.494
15.038
46.19
12.021
10.954
14.486
42.885
15.894
4.4119
