NaN
NaN
NaN
NaN
NaN
NaN
NaN
NaN
NaN
1.4059
-10.972
-6.8197
54.565
70.127
56.562
-27.313
15.053
42.312
37.048
-3.716
10.056
31.937
-19.623
-68
-54.165
-45.192
-35.842
-0.86293
38.852
52.595
-2.7283
23.505
26.387
21.056
36.475
41.178
26.651
37.027
37.23
-19.434
-14.194
15.958
26.375
5.9636
-3.6884
-14.092
-64.109
-59.109
-34.618
2.6672
35.425
15.899
-10.036
-23.599
-23.084
-23.316
-35.431
-44.148
-41.266
-27.01
-8.1341
-7.2823
-14.476
-15.12
NaN
NaN
NaN
NaN
57.882
60.374
42.526
16.994
23.432
27.314
-0.49053
0.66675
34.664
58.005
97.233
39.09
10.033
37.854
6.4348
-17.417
-5.3066
-42.935
-81.041
-75.649
-12.963
-12.424
12.722
14.039
-12.19
-23.263
-35.911
-27.708
-36.354
-16.183
-9.0222
-32.083
-27.53
-26.926
-29.377
0.80542
14.092
23.673
NaN
NaN
NaN
NaN
NaN
59.074
47.25
33.864
26.55
20.037
24.84
20.461
18.301
33.869
48.254
51.664
28.717
NaN
NaN
NaN
NaN
NaN
NaN
NaN
0.15567
-18.163
-17.507
-41.579
-3.8338
9.9543
-25.363
-11.436
-17.734
-54.62
-74.54
-70.421
-43.586
-44.473
-52.292
-27.89
-10.022
0.1733
17.941
33.241
NaN
NaN
NaN
NaN
68.903
70.2
55.856
70.798
65.605
44.842
48.258
79.796
54.103
-44.704
-52.844
-9.082
-9.7333
-31.758
-19.734
-12.184
-1.7267
-29.709
-51.599
-33.546
-25.33
-27.729
-43.168
-47.089
-8.9597
1.4994
-30.88
-9.3235
-1.3731
-14.773
-31.572
-47.757
-27.246
-0.44446
11.302
43.651
23.192
14.174
22.689
9.4011
18.314
51.953
63.107
27.063
-37.379
0.31734
21.874
37.678
31.797
10.4
8.2404
27.811
NaN
NaN
NaN
NaN
NaN
NaN
NaN
NaN
NaN
NaN
NaN
NaN
NaN
NaN
NaN
NaN
NaN
NaN
NaN
NaN
NaN
NaN
NaN
NaN
NaN
NaN
-14.491
2.2316
11.02
-6.1338
45.964
57.387
46.736
17.621
0.67918
10.187
32.844
29.67
74.569
58.767
33.35
2.6108
5.5795
8.2971
15.98
2.1401
7.7218
-9.6026
-34.224
