-70.484
-54.472
-16.25
-14.736
-31.141
-42.531
-39.634
6.3641
4.8212
-4.4866
-9.365
2.3013
24.355
33.122
12.807
-45.047
-38.225
-17.191
-44.504
-46.183
-25.464
-53.936
-67.881
-27.739
-12.836
-75.68
-49.234
-20.978
32.306
44.025
53.636
52.602
23.488
8.8652
-15.964
11.457
34.603
14.83
24.487
39.075
24.479
52.434
54.691
67.9
52.665
50.957
54.844
84.677
51.878
-20.085
-35.97
-62.68
-18.593
-28.879
NaN
NaN
NaN
NaN
NaN
-16.798
-14.65
-45.787
-22.06
-27.875
-42.831
-55.284
-49.926
-63.962
-53.778
-64.444
-13.259
4.2722
27.676
17.798
NaN
NaN
NaN
NaN
NaN
NaN
NaN
69.988
55.293
84.126
47.101
13.003
0.20416
19.254
5.5526
16.042
35.263
-3.5706
-47.475
-15.226
63.173
77.251
101.39
59.919
53.89
16.825
-48.991
-47.703
-79.949
NaN
NaN
NaN
NaN
-89.285
-77.239
-57.469
-19.261
-19.325
-4.533
8.4421
19.155
32.657
41.235
26.754
19.568
21.93
-5.3201
10.104
11.474
11.368
-6.7147
-21.148
-53.426
-1.019
-49.668
-25.017
12.041
13.74
33.003
32.308
-21.885
-7.4121
24.095
27.729
10.528
-15.097
13.172
5.1251
29.981
28.794
31.327
35.087
52.544
49.458
57.754
21.289
-30.993
-17.233
14.924
-9.0583
24.564
47.293
-29.311
-25.299
7.607
-40.184
-36.82
-37.546
-57.82
-53.448
-44.165
-40.595
-64.189
-62.146
-47.89
-59.733
1.2654
-1.84
-21.743
-22.115
-0.30488
-3.4582
3.8969
36.455
63.677
53.251
77.683
28.006
17.759
24.174
22.43
13.447
16.079
36.688
35.617
-8.2722
14.284
41.816
NaN
NaN
NaN
NaN
NaN
NaN
-9.1572
-43.269
-42.638
-52.764
-23.666
-32.404
-47.62
NaN
NaN
NaN
NaN
NaN
NaN
NaN
36.122
23.237
16.94
-14.075
-22.249
-5.408
29.377
NaN
NaN
NaN
NaN
NaN
NaN
NaN
NaN
NaN
NaN
NaN
31.76
1.3893
51.798
29.734
30.397
18.729
26.69
36.973
56.711
27.892
-13.994
-3.6708
-3.519
-2.5327
12.676
NaN
NaN
NaN
NaN
NaN
NaN
NaN
NaN
NaN
NaN
NaN
NaN
NaN
NaN
NaN
NaN
NaN
NaN
NaN
NaN
NaN
NaN
NaN
-47.922
-45.225
-21.61
-34.632
-63.541
-47.91
-11.891
20.955
26.899
61.763
58.334
60.688
56.589
75.866
88.623
55.656
69.854
85.439
77.128
93.519
40.232
23.814
-18.595
-27.973
-30.628
