18.399
-10.933
-51.302
-42.903
-54.507
-17.31
-37.184
-52.018
-42.889
-25.706
-8.898
27.562
63.045
72.44
74.648
96.627
96.909
30.014
-16.012
10.442
-45.684
-69.141
-46.054
-45.501
-29.746
-44.787
-63.78
-53.865
-39.971
-53.938
-55.806
-24.084
8.654
38.38
32.412
39.714
53.73
-29.126
9.9415
47.701
32.279
37.522
42.944
61.844
48.305
34.659
3.3163
NaN
NaN
NaN
NaN
NaN
NaN
NaN
NaN
NaN
NaN
NaN
NaN
NaN
NaN
NaN
-44.971
-29.52
32.826
31.864
-14.107
-23.781
-46.599
-33.204
-24.139
-46.714
-54.19
-46.066
-2.1836
11.429
10.928
-0.84439
7.4035
21.621
13.128
28.267
45.871
64.655
63.586
-1.5195
-11.845
22.242
49.344
32.312
47.109
49.499
58.814
38.885
-40.056
-71.553
NaN
NaN
NaN
NaN
NaN
NaN
NaN
NaN
NaN
0.41807
20.417
-27.209
-21.371
-19.742
-23.796
-22.419
-38.221
-41.579
-51.772
-49.054
-40.354
-32.161
-33.367
-50.339
-48.99
1.077
-31.076
-57.346
4.927
40.154
55.163
108.9
118.68
86.715
24.885
27.652
63.374
56.151
43.101
43.397
32.649
8.0509
5.3332
-20.035
-9.6407
NaN
NaN
NaN
NaN
-85.294
-54.253
-24.361
-42.705
-35.428
-2.0811
21.529
9.7485
-35.681
-19.3
10.503
20.26
16.797
27.433
29.243
28.692
8.6821
-5.014
3.4403
3.3689
-15.38
NaN
NaN
NaN
NaN
-7.7606
-15.971
2.8221
21.046
41.52
42.954
7.6107
-28.035
-14.51
10.715
15.193
15.973
33.926
43.695
NaN
NaN
NaN
NaN
-5.0536
-5.1023
-17.836
-24.825
-10.042
5.6138
18.954
23.49
27.264
45.851
38.797
37.194
40.6
NaN
NaN
NaN
NaN
NaN
NaN
NaN
NaN
NaN
NaN
NaN
NaN
NaN
NaN
NaN
NaN
NaN
NaN
NaN
NaN
NaN
NaN
NaN
NaN
NaN
54.277
43.177
42.497
34.733
36.985
7.9563
-46.02
-16.22
-19.406
7.0934
10.222
8.6644
-7.5506
0.23842
8.8071
20.773
6.1115
-25.549
-51.207
-37.171
-20.022
-25.465
-49.807
-39.606
-26.249
-42.652
-49.388
-29.031
-12.95
26.089
13.887
-19.113
-58.646
-25.693
12.73
59.99
30.358
14.127
28.131
41.777
12.439
0.39864
69.106
22.126
-8.2105
45.733
63.474
53.485
NaN
NaN
NaN
NaN
NaN
NaN
