-83.85
-3.2818
28.146
50.42
17.683
-1.9021
36.538
3.2806
-45.11
-17.49
12.353
-30.297
-10.119
-12.256
-23.477
-10.323
1.4992
9.0516
24.132
-18.819
-38.411
-37.804
18.146
6.6891
10.569
3.6487
-10.278
-0.33189
-3.4662
-16.951
24.632
31.009
-7.1889
26.051
-18.853
-24.114
19.508
14.146
25.855
45.815
27.674
5.1477
6.1514
15.422
18.523
0.11655
-34.744
-17.949
6.528
22.876
85.305
-26.873
-33.764
15.265
NaN
NaN
NaN
NaN
NaN
-94.535
-76.641
19.927
51.18
46.576
24.558
0.00046158
9.7084
28.346
53.345
34.909
1.5569
-8.5403
5.9851
-58.562
NaN
NaN
NaN
NaN
NaN
NaN
NaN
-20.204
4.3199
53.704
-27.25
-8.576
-32.575
11.145
19.237
22.065
20.611
3.4464
26.06
-17.563
-45.877
-45.447
-36.053
-7.6578
0.50398
16.879
4.2226
43.028
38.415
NaN
NaN
NaN
NaN
-23.326
-1.3562
23.081
-7.342
-30.073
-6.946
-24.339
-23.351
-31.221
-25.108
-14.7
-48.524
2.3549
-0.33175
-21.671
-28.738
0.37037
-3.588
32.995
8.8584
-11.073
11.103
19.798
30.636
41.398
18.669
23
-13.524
-11.619
6.9246
5.9663
37.325
62.601
27.234
17.816
9.1463
-19.629
-7.5214
19.089
-13.78
-18.96
27.798
-28.256
-57.734
-76.045
-106.99
-57.472
23.139
34.459
-12.525
-14.543
7.7819
-12.166
19.781
16.43
17.842
48.504
28.294
15.609
39.968
63.184
50.929
1.2117
-5.4763
-59.828
-46.498
-20.31
-24.301
-36.258
-2.7784
11.208
-25.176
-11.233
-21.483
-28.005
8.8659
-2.1249
17.144
66.623
47.925
17.471
0.70677
20.835
27.286
-32.776
NaN
NaN
NaN
NaN
NaN
NaN
-18.246
9.3312
17.311
30.356
29.186
-6.198
-19.393
NaN
NaN
NaN
NaN
NaN
NaN
NaN
23.136
24.89
72.176
63.664
73.534
-23.459
5.4213
NaN
NaN
NaN
NaN
NaN
NaN
NaN
NaN
NaN
NaN
NaN
22.942
14.411
4.8887
28.4
46.678
57.801
46.223
37.066
30.371
32.883
50.786
37.277
38.353
63.346
13.12
NaN
NaN
NaN
NaN
NaN
NaN
NaN
NaN
NaN
NaN
NaN
NaN
NaN
NaN
NaN
NaN
NaN
NaN
NaN
NaN
NaN
NaN
NaN
15.363
8.3289
23.029
37.676
-24.717
9.8917
5.4928
14.443
29.794
28.423
14.16
3.1926
3.2715
-11.957
5.6375
36.341
9.4562
-5.0636
3.8459
21.672
-59.662
47.104
-24.707
-30.953
10.731
