NaN
NaN
NaN
NaN
NaN
NaN
NaN
NaN
NaN
3.8959
-5.2889
1.5245
35.292
9.7416
14.692
-36.619
16.032
20.782
10.944
-1.4424
39.606
78.664
13.148
-25.027
-37.602
-56.039
-21.193
8.4412
31.593
17.015
-18.885
5.1188
18.95
19.287
32.275
53.16
32.817
38.907
26.967
-0.85542
47.303
36.289
16.798
-16.479
-31.239
-79.14
-105.98
-90.478
-76.93
0.19788
48.608
29.297
19.176
1.7114
-17.19
-40.109
-38.433
-5.3453
11.705
20.417
-2.2128
-16.965
-0.86335
3.2416
NaN
NaN
NaN
NaN
17.9
42.239
48.66
22.217
36.463
6.2444
-8.4438
22.722
53.96
61.537
85.619
14.407
-31.283
-48.046
-67.953
-42.574
5.6438
-24.038
-72.532
-38.132
15.642
28.797
24.126
41.26
17.663
-25.133
-36.406
11.178
7.2546
4.0144
-10.342
-49.872
-39.635
-49.715
-36.727
-4.4422
-3.8732
-2.2923
NaN
NaN
NaN
NaN
NaN
39.636
16.468
41.764
27.068
22.725
24.767
31.161
8.4735
1.0219
28.904
36.936
17.945
NaN
NaN
NaN
NaN
NaN
NaN
NaN
47.434
18.804
10.715
-32.54
-2.8157
-20.524
-51.808
-38.556
-15.254
-60.188
-34.18
-36.117
-54.016
-15.658
-17.905
-43.331
-52.844
-71.994
-34.868
5.0552
NaN
NaN
NaN
NaN
85.128
88.427
63.644
55.573
46.213
38.919
49.408
65.763
51.843
11.37
-1.8382
-19.283
-60.087
-61.134
-23.47
1.566
7.655
-11.337
-38.909
-18.708
-20.504
-51.921
-74.753
-62.506
-2.8431
-10.759
-34.677
12.393
37.195
-41.788
-88.54
-58.616
-16.27
6.9306
-0.77482
34.444
53.857
53.457
57.908
30.909
23.954
45.738
51.793
24.352
-40.519
6.4644
24.781
37.764
28.028
24.526
32.109
41.673
NaN
NaN
NaN
NaN
NaN
NaN
NaN
NaN
NaN
NaN
NaN
NaN
NaN
NaN
NaN
NaN
NaN
NaN
NaN
NaN
NaN
NaN
NaN
NaN
NaN
NaN
-26.574
-14.511
-22.572
-44.411
6.8127
20.003
29.021
36.466
25.868
-9.7439
4.3684
-2.7975
66.098
46.282
50.061
6.4925
-2.2585
-0.61912
12.458
2.8509
16.051
0.66773
-3.2556
