-187.96
-67.995
8.1413
-12.05
-28.149
7.6288
56.357
41.289
9.7208
-27.474
-39.019
16.39
-34.997
-74.766
18.541
7.6689
76.486
31.118
50.303
61.552
3.9576
3.2263
-9.8927
-28.978
-21.056
14.688
33.691
20.48
20.504
0.21559
-24.041
-40.845
-56.936
-8.8091
6.4955
-13.389
-24.552
-29.025
-50.965
11.747
27.074
14.269
20.598
4.6313
-3.6751
-7.7866
-22.656
-1.5034
-18.847
32.413
122.7
-12.238
0.76233
12.706
NaN
NaN
NaN
NaN
NaN
-106.38
-82.618
-6.8568
8.7367
18.226
-32.684
-83.992
-44.576
-48.89
46.627
37.794
65.871
8.8081
32.968
19.711
NaN
NaN
NaN
NaN
NaN
NaN
NaN
12.229
6.9979
42.181
2.7997
-43.686
-13.065
-5.0545
-5.4898
-11.714
20.389
-2.6554
1.1789
0.32509
-12.438
-19.812
-21.024
-15.61
8.7018
56.041
-30.356
-24.711
-34.732
NaN
NaN
NaN
NaN
11.728
-15.791
11.415
27.108
16.9
27.445
19.915
7.8142
21.702
18.154
14.544
-10.969
-5.5464
-22.961
-26.033
-10.824
23.772
-33.378
-14.301
-13.079
18.816
23.209
1.2364
20.632
7.766
-13.505
-3.7002
-72.451
-19.884
5.9153
27.009
8.1232
15.305
5.1991
3.9851
12.754
5.2554
3.8961
5.9537
8.3958
-34.059
22.686
-18.208
-99.94
-44.429
-64.639
-14.302
112.39
106.71
-66.319
-36.742
46.86
32.246
36.685
13.057
19.455
15.162
20.988
33.917
-13.368
-32.802
23.429
-21.997
16.611
-65.372
-120.12
-18.087
35.946
58.872
14.399
33.154
13.029
30.196
0.33708
-30.264
-13.393
-17.005
-19.603
14.166
5.4919
2.1476
-16.834
-13.589
3.8741
-28.151
NaN
NaN
NaN
NaN
NaN
NaN
-67.165
14.884
14.515
42.726
77.64
17.742
-12.702
NaN
NaN
NaN
NaN
NaN
NaN
NaN
13.349
-54.382
-9.5435
34.774
85.394
69.429
69.808
NaN
NaN
NaN
NaN
NaN
NaN
NaN
NaN
NaN
NaN
NaN
50.376
-12.651
7.3916
-21.544
0.16421
19.989
32.619
-24.606
-3.0687
-3.019
35.117
24.082
0.20403
27.514
2.1949
NaN
NaN
NaN
NaN
NaN
NaN
NaN
NaN
NaN
NaN
NaN
NaN
NaN
NaN
NaN
NaN
NaN
NaN
NaN
NaN
NaN
NaN
NaN
-40.147
26.981
20.357
23.714
15.283
30.671
28.447
38.835
29.555
-14.789
-32.011
-48.986
4.8162
6.7104
52.914
29.287
22.984
10.472
13.613
35.032
2.0473
62.268
11.969
-15.948
-4.5092
