NaN
NaN
NaN
NaN
NaN
NaN
NaN
NaN
NaN
11.321
10.646
-9.9576
3.6927
-20.561
-0.22929
-35.493
-23.541
-6.7674
-10.925
-22.072
2.9249
31.353
41.529
65.906
49.085
-36.825
-29.716
-9.9421
17.985
2.3206
-32.223
2.4605
12.833
6.3221
15.28
35.38
17.046
14.012
0.52854
6.0893
57.783
18.109
-11.694
-2.6761
0.57742
-62.864
-35.53
-54.31
-86.624
-38.053
15.068
7.3325
14.251
-5.0102
-11.106
-21.454
-19.49
8.9173
42.101
38.4
-1.8732
-25.758
11.51
48.062
NaN
NaN
NaN
NaN
-14.439
14.46
25.09
15.63
11.589
-5.0883
1.5868
37.787
33.094
18.487
49.738
-13.45
-66.068
-90.606
-84.441
-36.963
2.6095
-6.2026
-39.16
-13.397
11.623
25.745
24.876
34.307
29.46
3.4853
-10.221
30.033
31.086
28.831
11.167
-25.901
-15.693
-17.904
-7.3786
1.6679
-27.739
-39.017
NaN
NaN
NaN
NaN
NaN
18.726
-4.9288
13.655
17.422
10.667
17.292
23.113
5.1005
-6.6769
-6.1296
-5.0773
-8.7148
NaN
NaN
NaN
NaN
NaN
NaN
NaN
38.181
26.514
12.011
-18.621
-7.1173
-17.21
-36.852
-25.522
-5.7764
-16.636
26.893
24.181
-27.155
6.4615
32.521
10.617
-12.404
-59.197
-58.554
-23.027
NaN
NaN
NaN
NaN
52.447
40.285
0.93763
4.0544
7.3857
-10.203
12.705
19.852
20.353
43.099
66.335
28.392
-53.986
-48.183
-11.386
1.5867
-12.302
-16.209
-33.497
-5.9767
15.692
-1.3354
-13.083
-48.854
-26.478
3.058
8.3576
3.0683
-1.8371
-25.584
-33.231
-25.81
-11.699
-0.42326
-4.7042
4.924
25.7
33.511
38.914
23.89
25.095
29.844
17.043
15.621
-21.518
-13.238
3.8068
11.911
4.002
19.869
45.921
46.992
NaN
NaN
NaN
NaN
NaN
NaN
NaN
NaN
NaN
NaN
NaN
NaN
NaN
NaN
NaN
NaN
NaN
NaN
NaN
NaN
NaN
NaN
NaN
NaN
NaN
NaN
-1.2339
-15.325
-15.356
-44.287
-27.447
-28.726
-14.713
27.123
21.256
-16.21
-30.604
-21.6
25.3
13.966
29.423
1.1762
7.9042
-1.6452
9.7781
0.32394
24.002
6.5663
2.216
