NaN
NaN
NaN
NaN
NaN
NaN
NaN
NaN
NaN
3.0969
-18.246
-6.9688
42.19
78.591
51.164
5.2217
14.901
42.042
46.058
-7.0253
-21.439
15.51
-23.622
-54.691
-41.745
-27.369
-25.505
4.57
30.393
45.905
15.95
20.64
17.476
-2.5253
14.709
7.7645
1.6896
3.7131
-4.3358
-25.963
-35.69
7.2503
-5.3119
-0.060883
17.1
25.212
-0.86617
4.8752
22.811
7.6867
6.6444
21.154
7.2464
-26.654
1.6116
3.9859
-32.023
-29.083
-41.14
-11.098
9.1809
-9.2212
-42.691
-53.754
NaN
NaN
NaN
NaN
46.956
34.964
25.321
-6.0088
-7.1402
19.56
-5.8991
-31.535
12.639
34.608
65.265
41.169
23.302
87.225
69.934
48.425
29.819
-35.257
-36.038
-63.995
-43.722
-48.091
-40.721
-41.045
3.654
11.567
-36.201
-76.562
-71.822
-13.06
-0.73674
4.0657
6.2757
-10.874
1.3308
23.219
-2.6222
28.279
NaN
NaN
NaN
NaN
NaN
53.412
17.434
8.7476
-4.9289
-3.4418
-13.964
-26.742
-18.99
-8.9594
5.079
9.7727
2.7341
NaN
NaN
NaN
NaN
NaN
NaN
NaN
13.95
-8.9779
-29.935
-40.724
8.8762
3.5699
-28.188
-26.374
-42.283
-31.189
-20.593
-17.998
-14.186
-34.894
-35.726
-12.659
-3.6741
15.693
49.438
43.782
NaN
NaN
NaN
NaN
26.22
2.4077
-8.667
33.955
17.222
-11.151
7.691
19.666
25.49
-51.042
-35.448
13.234
25.242
12.908
1.9975
3.7477
8.2306
-35.202
-19.825
7.331
15.195
15.605
25.25
-10.9
-55.191
-28.097
3.3687
-2.5425
-3.5639
17.062
16.781
-11.784
-51.33
-39.417
-39.822
8.7866
-7.4814
-25.938
2.8457
3.2224
14.894
49.164
59.743
14.713
-19.333
-15.246
-10.248
14.683
17.258
-16.246
-17.194
1.0017
NaN
NaN
NaN
NaN
NaN
NaN
NaN
NaN
NaN
NaN
NaN
NaN
NaN
NaN
NaN
NaN
NaN
NaN
NaN
NaN
NaN
NaN
NaN
NaN
NaN
NaN
0.27889
11.34
27.747
-13.771
32.287
10.813
31.128
28.606
37.637
54.21
73.205
28.265
26.511
-10.334
-0.77401
13.602
0.93487
3.6661
5.2555
2.7356
8.9001
-7.1609
-30.886
