-4.4595
-5.3849
-5.5127
13.04
14.031
10.249
11.693
-1.4836
7.8491
-2.8005
9.6913
5.8466
-16.555
-15.928
-11.306
-6.7809
19.851
19.835
20.761
7.274
-3.7394
-20.645
-16.242
1.2448
0.10397
-14.999
2.3976
13.879
0.97998
1.1717
8.0592
2.9212
11.864
-1.1493
-9.1431
-0.93825
5.1706
3.2643
4.1786
7.3173
-14.94
1.6294
-10.785
NaN
NaN
NaN
NaN
0.97868
-3.1883
11.266
11.807
9.4672
-8.4028
-9.6359
-7.9701
-2.5827
-21.57
-14.528
1.4038
17.885
31.645
28.037
23.583
12.079
-1.2167
9.2046
2.0205
1.0243
-4.4393
-4.8657
9.3512
5.9309
11.462
-1.7266
-16.387
-7.2234
NaN
NaN
NaN
NaN
-2.9045
-11.762
-0.74839
23.775
29.662
4.5436
-4.8266
3.825
16.014
-5.0384
-13.266
-11.479
-17.103
-0.10203
5.5808
0.24901
-1.5508
-3.4545
-18.668
-0.64908
8.4033
NaN
NaN
NaN
NaN
NaN
30.928
16.453
17.41
-13.171
-12.108
-1.5606
9.3661
25.955
17.241
-7.3652
NaN
NaN
NaN
NaN
NaN
15.314
33.069
24.762
-13.438
-16.212
-15.306
-6.7789
-7.5732
7.3164
-9.2294
-27.142
-15.294
3.4042
8.5993
7.1983
3.2458
4.6241
10.797
-3.8083
5.0403
5.6638
2.221
-4.1614
-7.8736
-16.507
-19.565
-14.221
-6.5532
-9.1666
0.11867
14.067
45.55
-0.013282
-1.6448
23.883
57.334
49.072
-3.5854
-7.7189
27.571
29.623
0.5746
-8.9402
-11.747
-28.7
-26.227
-19.965
-32.797
-42.706
-27.544
-32.801
-33.962
-21.457
-29.898
-7.8821
16.842
25.758
35.669
-0.91483
31.153
19.028
-5.3478
-0.59836
27.64
32.728
24.809
-7.8701
-5.0063
15.479
14.19
-0.55503
-6.9408
-1.0876
7.7728
9.4285
1.8416
-15.092
NaN
NaN
NaN
NaN
NaN
NaN
NaN
NaN
NaN
NaN
NaN
NaN
NaN
NaN
-21.988
-7.1433
-4.351
6.3316
4.4386
1.1774
-8.9177
-15.54
-6.467
7.7114
17.322
12.08
3.2974
14.015
22.305
7.9355
7.2576
9.4859
2.6913
-11.151
0.77931
5.9731
NaN
NaN
NaN
NaN
NaN
NaN
NaN
NaN
NaN
NaN
NaN
-16.028
-12.608
-7.4351
12.335
6.6099
-17.371
-2.0704
5.3545
2.6738
12.458
NaN
NaN
NaN
NaN
NaN
NaN
NaN
NaN
NaN
NaN
NaN
NaN
NaN
NaN
30.264
47.475
24.322
-0.92869
-14.836
-19.768
-27.217
-10.302
-8.0074
-14.487
-18.435
-15.927
-3.41
5.9741
8.214
3.761
5.0957
13.227
23.922
18.652
5.0643
4.2871
NaN
NaN
NaN
NaN
10.332
12.43
-17.504
-22.117
-12.937
-7.9225
6.5052
4.6714
-12.601
