-16.181
-12.073
-16.179
-5.6876
-8.4103
-20.359
-34.458
NaN
NaN
NaN
NaN
-4.687
10.088
25.885
13.579
4.8227
-17.641
20.663
25.447
28.231
20.554
5.5603
3.6977
2.7955
7.4042
NaN
NaN
NaN
NaN
-36.33
-13.459
10.127
6.6816
-2.2762
-14.687
-10.563
-13.587
-22.479
-19.105
9.8225
27.815
NaN
NaN
NaN
NaN
-0.23258
6.5052
-2.4835
15.529
-2.8723
-5.9622
-3.2558
-8.7681
5.4378
NaN
NaN
NaN
NaN
NaN
9.9164
40.242
20.194
-21.549
-16.105
-6.3269
21.757
18.142
14.917
6.7648
-2.9808
-17.697
-8.142
-7.5159
-9.8496
-24.771
-18.161
-5.6623
-4.8178
5.64
-11.225
-5.1719
10.959
24.096
31.173
29.608
16.133
11.327
-11.211
-15.049
-9.3962
-7.5013
6.5418
17.789
-0.58907
-4.0462
1.5172
-12.515
15.467
14.499
-4.0977
-2.1287
2.877
-2.0773
-31.615
1.7533
-6.5801
-18.038
-9.4321
-17.666
-26.162
-7.2511
6.265
-6.0579
-6.1314
-1.8387
-3.8028
8.0744
12.148
0.91682
18.459
29.028
29.969
25.899
3.3656
1.1236
8.34
6.2754
-0.61911
9.4325
-6.2124
-6.7975
-1.1924
-4.8033
NaN
NaN
NaN
NaN
NaN
NaN
NaN
22.048
11.173
-0.0055517
3.546
-1.7944
NaN
NaN
NaN
NaN
NaN
NaN
NaN
NaN
NaN
NaN
7.8873
14.171
3.012
16.441
22.198
NaN
NaN
NaN
NaN
7.7596
2.9212
7.5932
10.287
4.817
7.7151
15.538
1.7404
-6.6351
NaN
NaN
NaN
NaN
NaN
NaN
NaN
NaN
NaN
NaN
NaN
NaN
NaN
NaN
NaN
NaN
NaN
NaN
NaN
NaN
NaN
NaN
NaN
NaN
3.8725
13.168
14.575
11.764
-7.6871
NaN
NaN
NaN
NaN
NaN
NaN
NaN
NaN
NaN
NaN
NaN
7.4623
-7.0994
2.5586
15.323
-2.2961
-4.7625
9.5863
17.921
14.003
-7.4465
-21.1
-8.6116
-12.667
-24.66
-2.9655
18.625
-6.1062
-27.011
-20.472
-10.379
-7.3959
-4.4765
12.877
-5.8723
-7.1235
21.37
19.818
25.973
14.642
-0.31138
12.708
19.807
32.661
-5.9444
-18.531
-8.0548
6.1921
2.1452
-15.169
-17.827
-20.293
-9.7751
-26.111
-1.6632
-14.261
-15.374
3.4055
13.154
19.597
19.942
23.623
34.687
21.454
-4.709
-9.6829
-22.479
-3.2008
6.6664
21.916
18.013
1.5692
-12.629
-35.565
-29.92
-14.406
-19.467
-18.595
-10.005
-3.2966
6.228
4.3818
1.699
11.005
0.63105
-9.8475
-0.5178
17.088
12.548
18.022
NaN
NaN
NaN
NaN
NaN
NaN
NaN
NaN
NaN
NaN
NaN
NaN
