-34.774
-17.214
2.0663
9.6386
8.9093
30.317
35.166
NaN
NaN
NaN
NaN
-10.143
3.9347
-2.5442
-20.978
-10.408
-3.0627
-8.8703
-13.346
-16.958
-16.683
-10.296
-7.5467
-3.0723
-9.5973
NaN
NaN
NaN
NaN
9.3744
43.145
25.29
9.9246
8.8132
-10.007
5.8569
-11.308
-13.268
-3.778
6.1081
-7.0307
NaN
NaN
NaN
NaN
19.4
11.86
-4.2181
-16.494
7.2767
-5.9676
7.8822
15.176
7.2063
NaN
NaN
NaN
NaN
NaN
20.282
32.953
-1.6039
-0.006535
-1.5017
-0.85302
3.6704
-9.7051
-0.88923
-4.509
-1.7145
0.009442
6.2896
-5.0778
11.434
2.913
-1.1818
4.2555
13.377
-0.13019
5.7917
-6.5799
12.636
8.9516
-16.84
-20.841
-5.8001
22.768
-7.7521
-13.384
-24.38
-12.558
-1.3829
18.383
-21.301
-17.798
-10.72
-10.034
10.333
16.699
7.3101
-5.9111
-9.3563
2.1128
-22.221
4.382
37.714
48.384
33.748
8.6422
12.857
7.915
15.291
13.709
6.0697
-14.035
-20.513
2.6829
-22.259
-27.776
-6.4298
12.275
-7.3793
-14.679
-29.395
-18.844
-17.826
-9.8452
-1.0137
15.854
-0.95217
-7.1369
-37.906
-54.256
NaN
NaN
NaN
NaN
NaN
NaN
NaN
7.6277
12.076
-28.304
-29.79
-18.708
NaN
NaN
NaN
NaN
NaN
NaN
NaN
NaN
NaN
NaN
13.035
18.862
3.544
-0.35128
-34.626
NaN
NaN
NaN
NaN
-18.929
-2.0865
-0.40956
-1.295
-16.476
-26.564
9.5137
-2.3093
5.3267
NaN
NaN
NaN
NaN
NaN
NaN
NaN
NaN
NaN
NaN
NaN
NaN
NaN
NaN
NaN
NaN
NaN
NaN
NaN
NaN
NaN
NaN
NaN
NaN
43.436
18.851
-1.7911
-14.701
-16.261
NaN
NaN
NaN
NaN
NaN
NaN
NaN
NaN
NaN
NaN
NaN
-11.08
4.5251
9.1983
22.451
22.355
18.65
-3.4072
-1.224
3.4943
-12.493
-0.43267
14.149
11.916
11.987
17.117
18.242
17.575
5.1093
15.659
6.6772
-8.7553
-12.353
4.1982
13.491
8.6658
-30.051
-11.258
6.0233
1.9257
-7.008
3.3601
-3.9279
-73.412
28.193
6.1399
-0.76268
15.467
2.8773
5.1895
-17.859
-14.456
-10.033
-15.013
0.868
5.3079
-5.0609
-14.791
1.1768
-16.133
4.2701
2.8162
-0.28515
15.381
-4.0656
11.982
0.37921
9.284
-7.6987
2.2413
35.838
8.6992
25.343
20.427
26.845
28.125
-7.9314
-21.079
6.3021
10.417
1.93
-6.6674
-14.547
-11.824
-19.586
-43.427
-31.495
-26.857
-9.1661
-5.4993
NaN
NaN
NaN
NaN
NaN
NaN
NaN
NaN
NaN
NaN
NaN
NaN
