-2.907
16.665
10.411
-5.7557
-25.313
-25.458
-9.4113
5.1666
9.4454
21.222
9.3876
-4.8426
8.388
7.0854
9.6426
1.1058
2.7885
13.139
13.904
-8.2964
-14.617
-14.25
-24.742
-11.399
-13.128
-17.489
-13.692
1.0967
6.2919
13.469
13.09
-3.617
2.9979
25.284
13.366
-3.5254
-13.146
-16.15
2.8359
17.843
7.0667
3.494
9.5698
8.1444
-1.2623
-11.851
-0.31017
-9.2893
-22.156
-16.087
12.874
14.222
-14.735
-3.7988
-2.007
10.036
1.9075
12.192
7.8825
11.023
0.75598
-6.9354
1.7019
3.3508
-6.2625
-4.1775
-20.421
-9.2892
15.198
18.961
15.279
13.209
-18.496
-12.047
3.2612
0.085571
-18.66
-1.9867
-9.6346
-3.5937
-2.2009
-15.57
-16.018
-7.1069
-8.2125
-0.9916
5.2143
20.295
15.073
5.8482
19.382
26.687
21.306
10.794
4.9152
6.4441
0.99435
-8.6779
-4.6129
-6.1212
-3.9155
-8.0906
-3.2182
-9.888
-15.4
-14.753
-13.786
-9.4965
-4.5454
-3.5829
7.2458
6.1384
4.7383
-12.303
-15.631
0.41738
14.275
0.12181
-3.372
9.5406
21.018
12.402
-3.1364
-3.2468
12.665
5.4058
-10.863
1.8458
3.9704
0.0087955
-13.584
-11.244
8.9703
18.248
16.644
16.937
8.3018
-14.443
-10.192
-16.967
2.4951
7.0789
-12.799
-9.6341
-0.44743
-10.189
2.777
-3.2407
-10.317
-14.532
-6.7217
-9.8344
0.23309
-5.0896
5.392
10.381
3.6476
20.947
11.219
9.8296
10.98
10.656
8.2737
2.8827
0.20405
-7.4401
2.0339
1.5758
-17.425
-13.284
-9.6953
-9.1287
-9.371
-5.7346
-12.864
9.896
29.174
9.7921
-8.6276
-6.7877
-1.0006
-0.69605
27.021
9.9632
-4.9969
-7.2376
5.3407
-1.9279
5.635
4.6932
-4.7763
-2.2208
-9.9976
-20.835
-5.0367
-2.4249
-18.016
-8.32
-9.2092
0.85951
2.8362
13.22
7.2939
-1.127
-4.2375
13.698
19.55
25.887
26.985
5.1956
-2.567
0.63481
-4.3073
-13.153
-5.8771
-1.2799
-5.4241
-0.62538
-5.6947
-19.017
-30.279
-15.913
-10.118
-5.9253
-0.36001
6.2554
8.0507
2.7733
7.5788
10.512
15.77
3.2641
9.775
26.425
26.718
17.775
-4.5794
6.2451
1.8349
-17.47
-29.064
-12.41
-5.8316
-17.382
-17.527
-22.063
-19.138
1.7498
19.575
7.3362
-0.32291
1.6294
15.66
8.9483
16.622
