19.139
0.22455
-10.301
11.061
-1.9215
-28.022
-21.495
-2.0186
1.8485
2.8626
-7.9561
5.3964
13.242
16.553
24.752
28.22
11.043
-1.8693
-11.417
-19.069
-4.2577
-12.336
-10.675
-6.3641
3.8136
-11.394
-19.075
-10.318
-6.6172
-10.19
-14.187
32.601
-1.9177
-12.868
12.384
1.4089
15.865
4.5595
6.475
23.58
23.856
-0.11103
-9.1132
-7.0762
-0.58622
-3.6934
-12.082
-7.2439
-26.914
15.969
-20.697
-4.6185
-8.1541
5.1299
18.586
17.264
29.291
21.374
8.4844
-13.013
-20.149
-14.758
-4.0819
6.6825
8.3023
6.8075
1.2114
-4.1802
1.087
5.8457
-1.6027
4.3052
-10.561
-12.631
-15.213
-4.1181
-30.747
-26.088
5.4632
7.7115
NaN
NaN
NaN
NaN
NaN
1.0857
19.251
-1.7105
2.1121
-9.2202
-16.611
-8.3608
6.2239
14.478
31.459
32.456
18.33
7.1953
NaN
NaN
NaN
NaN
NaN
NaN
NaN
5.7414
30.589
2.4955
2.1814
-0.45114
15.813
-12.01
-18.327
1.5113
11.402
26.838
25.839
-7.4215
-27.931
-7.1977
-8.5486
-20.128
-20.469
-21.465
-25.742
-3.7021
8.2672
4.2696
-9.1095
-10.712
-13.315
6.6531
4.0122
0.089448
9.9897
NaN
NaN
NaN
NaN
6.4473
16.719
18.448
14.746
18.328
4.7936
-0.93282
8.5521
-17.827
-5.1952
2.9416
7.4479
6.9847
7.4439
0.25549
-15.036
-30.283
-29.24
-39.155
-39.952
-25.42
-11.074
2.8172
21.382
4.8668
-17.929
-27.686
6.0784
28.843
20.325
1.3165
-13.328
9.3925
27.391
28.766
16.55
12.192
-2.4554
0.056869
6.6052
10.116
-0.17324
8.7161
8.934
-3.2079
8.9658
25.904
NaN
NaN
NaN
NaN
NaN
NaN
NaN
3.6715
2.2843
1.2983
-6.3671
10.919
25.424
9.3727
6.2605
3.1475
1.1266
3.0137
NaN
NaN
NaN
NaN
-1.2724
4.1916
-9.2865
-16.44
-11.955
-9.6406
-9.2329
-12.758
-8.5959
-13.6
-25.258
-24.757
-3.5268
5.0159
26.908
29.056
39.323
13.896
14.433
17.427
6.9085
30.93
24.179
13.977
-0.53331
-5.5014
-9.4044
-28.152
5.9422
-4.4353
12.537
2.4881
-7.7955
-22.643
-23.385
-24.188
-20.075
-19.457
2.7532
-1.6314
1.6299
7.0448
1.6104
-3.7367
-15.906
-0.1836
-21.006
-9.2417
-0.80833
1.5029
24.812
20.899
20.545
10.418
17.94
23.304
NaN
NaN
NaN
NaN
-43.863
-26.825
11.963
34.655
25.775
14.832
14.666
10.769
4.1432
12.609
7.8665
-5.5429
-4.7813
-14.193
6.963
9.9432
-5.7883
-32.974
-48.425
-40.258
-8.2669
4.4965
-9.78
-2.5358
14.559
10.942
0.3305
1.3676
49.998
20.457
6.6996
7.974
-12.805
-7.0461
-10.05
-0.88254
-0.48318
-6.002
-5.1518
0.36812
-3.3992
-8.626
-2.362
3.2417
4.7857
18.27
18.184
-16.707
