11.335
-5.5655
-21.969
-5.4968
-10.817
-21.775
-8.3841
-6.0167
-0.43716
1.1213
1.7928
15.88
15.102
7.2396
3.8127
-0.17386
-8.4598
-6.887
-0.61314
3.9772
14.469
5.0741
7.9331
-0.14027
3.855
-11.031
-8.3984
4.4891
-10.518
2.0516
-20.817
-1.7379
-13.277
-3.2146
4.6691
-9.4583
8.3614
19.12
12.188
10.777
2.6892
-4.9398
-26.598
-12.939
-8.6158
-0.6412
-1.5211
5.9133
7.285
3.8008
10.871
-35.736
-19.222
-10.186
24.578
35.06
46.917
35.048
16.403
2.7823
-9.4585
-2.4838
4.0444
-0.036558
-13.962
-27.504
-8.8053
-13.597
-17.099
-7.9946
-10.968
2.8639
6.6182
-5.0915
-2.0694
10.511
-8.9694
-4.5323
0.5463
-15.017
NaN
NaN
NaN
NaN
NaN
3.4589
27.797
12.623
17.772
4.0971
-20.421
-7.1634
7.6672
8.4069
19.619
25.459
20.68
11.521
NaN
NaN
NaN
NaN
NaN
NaN
NaN
-5.3205
45.392
-15.233
-41.557
-32.013
9.0723
2.8671
-4.8765
13.748
13.887
38.423
33.826
-16.79
-33.849
-9.4254
4.0843
-5.3352
-5.1366
-22.467
-25.788
-0.79118
6.036
15.388
16.743
19.57
3.6168
-5.3603
-27.129
-28.933
-14.984
NaN
NaN
NaN
NaN
23.668
19.892
13.15
16.471
9.5924
5.6507
3.179
12.31
-12.229
-8.4473
10.56
19.683
20.747
21.218
20.072
2.4422
-25.766
-24.292
-29.014
-37.832
-21.791
-14.97
-11.449
-5.6266
-15.424
-34.131
-22.315
-13.064
3.7608
12.545
1.9829
5.164
24.3
17.485
21.43
17.165
22.965
21.8
8.7431
13.242
10.458
4.1622
-6.4456
0.35106
6.1002
-1.4419
6.3441
NaN
NaN
NaN
NaN
NaN
NaN
NaN
15.369
-12.557
-11.271
-13.468
11.359
17.022
5.0059
6.1931
5.227
5.4374
-8.7309
NaN
NaN
NaN
NaN
20.569
-2.9548
-17.822
-26.836
-22.99
0.56486
-6.6966
-6.9888
-10.06
-10.09
-28.096
-18.848
1.6094
14.593
39.648
35.866
46.326
36.448
28.937
14.213
-3.0393
16.574
6.6272
-8.1604
-0.81028
-11.102
-12.952
-39.689
1.8314
-13.316
5.4041
5.4927
2.8128
-14.934
-24.256
-22.526
-24.374
-20.131
4.0369
-2.61
6.8966
0.28284
-5.6506
1.9366
9.8285
-12.304
-1.4883
8.6293
-6.0309
-5.5395
18.805
30.027
36.257
36.37
23.136
24.322
NaN
NaN
NaN
NaN
-51.453
-37.742
-29.366
-12.315
-6.1638
-6.3097
0.17596
15.888
29.977
26.391
24.366
14.151
21.118
17.083
16.322
12.244
-2.7776
-25.199
-29.993
-38.913
-33.543
-13.177
-4.4346
0.46857
-6.8836
14.598
2.7107
5.1158
23.116
9.5515
23.156
-7.029
-13.295
5.5457
-8.1921
-4.0195
-5.123
2.4907
5.3179
0.85957
-6.0092
-13.792
-10.698
5.4443
17.367
28.009
21.808
-0.88349
