-15.936
-3.1622
3.362
2.944
7.7446
32.134
26.336
NaN
NaN
NaN
NaN
19.463
18.876
12.562
1.4038
1.662
0.24589
-5.99
-2.8247
-19.3
-6.4196
-1.9907
1.0338
-17.701
-12.703
NaN
NaN
NaN
NaN
-19.857
-21.285
-6.8471
5.7552
17.273
18.252
21.375
2.5658
12.707
11.828
12.554
4.7029
NaN
NaN
NaN
NaN
8.9176
2.7542
-16.745
-17.083
12.425
-1.82
-19.23
-32.093
-22.461
NaN
NaN
NaN
NaN
NaN
8.5079
21.037
10.053
0.65229
-0.40452
-1.7083
-9.5584
-6.7446
12.677
-1.1796
-2.8467
-11.766
-1.5156
5.3102
16.813
24.531
33.065
11.726
-1.1806
1.7135
22.772
10.043
-9.5998
-36.009
-34.638
-34.991
-30.472
-2.5061
-8.1024
-7.6067
5.1407
14.355
20.341
-13.13
-9.6285
12.771
18.795
8.4091
11.817
-0.016634
8.9895
13.919
-2.4945
-12.599
5.6598
-4.6315
8.057
9.3638
19.32
2.0558
-7.3369
-19.823
-10.182
-2.4923
-8.2437
-7.2101
4.0977
6.0982
-4.9521
-4.2778
-0.1771
-12.992
0.44683
7.9111
7.5451
8.4405
1.8438
3.3211
-9.1924
-3.2188
-0.92466
4.3821
-2.3565
-14.33
NaN
NaN
NaN
NaN
NaN
NaN
NaN
21.672
15.022
22.236
7.1207
-0.84716
NaN
NaN
NaN
NaN
NaN
NaN
NaN
NaN
NaN
NaN
-27.144
-15.721
2.597
5.7817
20.931
NaN
NaN
NaN
NaN
-8.168
-4.3167
-7.0117
-3.9864
10.97
-2.8784
6.6237
8.2253
10.076
NaN
NaN
NaN
NaN
NaN
NaN
NaN
NaN
NaN
NaN
NaN
NaN
NaN
NaN
NaN
NaN
NaN
NaN
NaN
NaN
NaN
NaN
NaN
NaN
1.1332
6.195
2.4882
14.167
10.956
NaN
NaN
NaN
NaN
NaN
NaN
NaN
NaN
NaN
NaN
NaN
-17.673
20.076
14.915
-3.6414
6.983
8.0915
1.9171
-14.358
-13.785
8.2182
8.1973
-16.604
4.022
5.5842
-0.17095
-14.442
-11.471
-0.51405
5.3531
13.968
6.3302
3.2431
-3.8748
-6.274
6.3094
24.145
0.31578
-13.22
9.7245
16.673
12.163
4.2361
-3.079
-11.03
-15.006
-9.5867
-5.0733
7.6957
19.502
26.011
16.047
-9.2595
3.9978
-10.073
-4.0771
-5.4102
-23.814
-26.55
-22.029
-18.522
-16.689
-8.3358
-6.3422
5.4404
11.638
7.2868
4.5052
7.892
3.9325
15.06
16.976
12.547
5.8409
-0.8138
1.816
-1.3385
1.2636
-0.55099
-0.77946
10.001
11.011
5.7671
5.2681
1.2787
14.509
27.791
3.1193
-8.0682
-2.1497
NaN
NaN
NaN
NaN
NaN
NaN
NaN
NaN
NaN
NaN
NaN
NaN
