-3.4582
17.234
9.6568
3.0037
-11.996
-12.948
-2.5653
5.2789
2.5283
1.7894
6.1625
-2.2573
3.4823
-1.1968
-3.5481
-11.04
-3.084
-6.2071
-14.059
-14.63
-6.0276
15.808
13.703
0.52268
9.0211
20.26
21.547
9.9099
-6.0778
-13.815
-11.299
6.1291
6.3815
-2.1781
-6.9505
0.39856
10.316
9.255
-11.267
-12.14
-3.2955
3.6715
-17.526
NaN
NaN
NaN
NaN
18.433
12.996
21.438
1.014
-8.7718
-7.9691
6.7324
21.937
10.491
12.014
-9.4575
-2.3587
-5.4022
-16.136
-19.643
-1.8801
3.9208
19.255
2.2707
-7.3371
-10.095
-6.0887
-2.2876
-6.9203
-14.205
1.3043
15.158
32.819
23.692
NaN
NaN
NaN
NaN
-13.617
-5.5429
11.764
6.7656
-7.0091
-2.7971
-0.40834
-21.147
-19.629
-2.3844
7.3438
0.80031
-0.43609
-10.156
-13.461
-2.4258
-1.9646
-0.0050716
18.761
26.107
18.809
NaN
NaN
NaN
NaN
NaN
-9.3365
-2.3479
-17.459
-0.26873
-7.7551
-6.458
-14.753
-27.734
-13.736
3.705
NaN
NaN
NaN
NaN
NaN
1.5974
0.25935
1.8046
15.949
21.401
2.6642
3.8769
-1.4456
-9.8392
-5.396
-11.199
-8.4708
-6.7022
-3.9303
-4.5958
-0.6156
-12.569
-20.999
-5.1697
1.2039
1.4725
0.56163
-6.5176
-0.053335
22.156
13.392
-6.2121
7.1574
19.146
7.9917
63.226
-12.603
-10.395
-16.383
-3.7397
-14.32
-19.205
0.24754
9.345
-5.2257
-6.8316
-6.2368
-35.191
-20.915
1.1019
10.551
11.574
25.591
20.476
9.3194
8.1865
14.803
9.0768
12.802
5.0676
-13.672
-11.866
-10.58
-15.469
-21.42
-29.428
-8.2783
0.0058091
16.117
-1.2463
-14.981
0.99457
12.775
2.7662
0.41492
14.901
24.926
15.852
-2.4305
-2.9822
6.8079
9.3298
NaN
NaN
NaN
NaN
NaN
NaN
NaN
NaN
NaN
NaN
NaN
NaN
NaN
NaN
12.125
9.272
8.8325
-2.9067
-19.858
-1.7037
3.8066
14.703
7.1178
1.1747
-4.3318
-1.702
1.8856
-9.1633
-7.5289
-6.247
0.59697
-4.6215
5.0049
13.008
8.3823
-6.8581
NaN
NaN
NaN
NaN
NaN
NaN
NaN
NaN
NaN
NaN
NaN
14.411
12.473
20.425
14.368
8.8834
5.4385
16.175
4.4529
-11.774
-12.226
NaN
NaN
NaN
NaN
NaN
NaN
NaN
NaN
NaN
NaN
NaN
NaN
NaN
NaN
0.88767
-21.511
-15.297
9.4387
21.66
31.059
32.452
35.829
36.456
22.519
28.121
24.131
0.80671
-16.176
-23.178
-5.7249
-7.4831
-6.7458
-4.4471
-10.909
-21.941
-10.301
NaN
NaN
NaN
NaN
-1.3079
-15.844
-4.9809
12.651
11.341
9.9208
4.5259
2.9141
2.6682
