-10.712
12.14
7.2271
29.008
43.698
4.0761
-20.166
-18.253
-10.246
29.761
-0.43867
-32.03
-1.8117
10.182
-0.43503
-7.6793
-27.772
-5.1998
-10.678
-24.268
13.343
5.1935
-11.171
-22.939
-11.953
22.303
13.754
35.518
38.002
15.964
12.496
6.2632
-5.6318
1.7332
10.231
-7.7513
-11.649
-14.651
-36.524
-6.9444
-9.6225
0.50397
-0.58346
-14.827
17.631
-7.2717
-30
-20.402
-11.398
-32.505
11.806
4.6894
-17.515
34.207
38.119
34.758
42.375
40.875
31.27
20.345
16.156
-10.363
-25.66
-6.4763
-26.845
-23.578
-13.297
2.0998
-34.051
-49.374
-65.296
5.9652
42.806
30.373
6.8194
2.517
23.557
11.202
14.309
-1.9363
-31.834
-14.877
-4.0184
-25.539
-28.743
-6.6195
-3.312
27.163
20.838
24.184
29.243
13.272
23.102
22.831
-6.816
-15.662
-13.918
-2.109
-18.031
-22.907
18.428
2.9113
-12.539
-35.364
-0.86785
34.743
17.796
2.5058
0.93233
-5.2036
14.093
7.3648
-6.085
-5.6323
2.6681
-33.616
-3.5151
-22.462
7.7238
9.6583
9.6944
44.569
33.622
-2.2597
-48.98
-66.203
3.848
-16.771
-10.63
-36.775
1.7649
8.7948
3.674
5.2268
2.9145
50.193
56.852
0.39348
5.4445
19.551
-4.3384
16.904
10.69
-1.3804
26.884
-21.265
-9.8123
-15.119
-17.752
-19.5
-7.3192
-4.1313
-30.302
-27.786
-20.366
10.981
30.939
30.943
44.379
14.766
-24.057
-15.639
-0.58224
-0.69096
-21.865
-18.95
-23.478
-1.2044
7.8586
6.3682
14.346
8.4845
1.7486
10.874
-25.573
-4.1673
-3.6089
-25.926
-11.188
-5.7829
11.288
34.788
38.164
20.242
12.964
27.447
15.578
-6.9977
-5.6371
-6.7482
-3.8363
-64.406
-31.696
9.7811
10.675
19.012
-6.2053
3.7407
28.372
29.187
-8.1428
2.7056
-18.954
-1.1228
18.624
-24.052
-40.352
-27.029
11.405
31.857
9.4133
-40.44
-46.471
-61.557
-27.252
11.771
9.5585
7.2228
9.7971
29.094
73.502
47.592
64.029
5.9424
-20.77
-17.091
-1.2584
7.8437
-27.547
10.76
12.457
31.649
6.6005
-13.66
-25.881
-19.82
-13.249
-27.264
-13.787
5.6641
8.9689
-8.0331
12.733
19.208
7.2964
-17.239
-5.9113
-21.028
-56.011
-31.642
-47.266
-6.6771
1.4482
-2.2762
36.049
48.364
12.296
24.902
58.739
46.205
11.084
-1.5595
-3.9363
2.7092
11.321
3.2031
-30.529
-13.515
15.478
11.073
2.2774
-27.8
-47.097
-42.001
19.281
-6.7148
-1.218
-44.282
-12.872
3.4013
31.971
28.938
-3.3569
10.837
7.899
-11.005
-21.243
10.038
-10.302
0.69349
35.048
9.648
22.833
9.5542
-1.2406
14.323
4.8499
-22.862
-20.559
-40.802
-13.075
27.579
-9.4533
9.817
28.508
50.555
9.9608
-48.375
-44.099
-45.928
-19.938
4.7154
21.538
-19.644
21.81
27.466
17.983
9.7378
19.586
-2.5902
8.0325
17.699
-4.4946
0.75335
-21.195
11.378
12.638
-6.6075
6.9004
-8.76
-25.548
-45.575
-55.293
-21.165
1.3472
7.1668
32.802
28.847
38.617
49.014
26.577
18.32
11.614
-13.635
-36.207
-42.609
-6.3538
-0.26622
19.043
-20.136
-36.716
-24.987
-3.1086
-4.1618
-0.96926
14.526
5.3932
8.4222
14.555
4.3288
