-13.822
4.9297
6.4404
-3.7727
18.307
15.053
-3.09
-25.769
-31.691
-14.081
-30.798
-12.305
-25.982
-43.538
-43.977
-27.369
-9.5901
-27.474
14.957
42.378
40.695
30.502
35.892
29.33
2.5002
18.348
12.749
-0.70233
15.677
18.705
20.983
5.6466
-3.1133
-16.338
-7.2681
-16.207
22.395
42.892
7.788
5.8076
-27.307
-16.483
-0.6965
-20.862
-38.116
-16.557
10.773
16.966
17.77
1.9329
-45.203
-12.709
-13.117
-4.2991
16.669
21.871
27.098
24.516
5.9459
-27.049
-4.5978
13.464
-4.1385
-14.295
-25.93
-30.977
-12.163
9.9214
20.456
10.922
-15.067
-27.177
-29.624
-17.676
-15.945
-0.15066
24.958
18.202
8.0986
1.8129
-11.018
12.544
13.582
6.3419
12.732
-0.93149
-2.9612
3.4479
34.358
29.714
32.933
26.54
14.932
9.5041
4.5776
17.875
18.58
-7.0195
-24.994
-10.411
0.88131
0.94643
-13.801
-28.436
-25.046
-22.288
-4.5157
-43.358
-45.275
-22.894
2.9572
-1.7911
23.009
33.103
1.8092
-21.703
-6.4401
-18.719
-18.989
-24.467
-22.318
-16.251
10.266
19.532
22.104
29.466
10.64
3.4551
-20.551
-1.374
14.453
41.659
35.62
2.9285
24.229
31.503
19.248
16.234
36.683
14.245
-37.62
-56.359
-7.7079
12.5
37.614
48.794
-20.331
-38.408
3.0804
1.4671
-25.779
-32.443
-3.5179
10.87
-15.533
-25.062
-26.712
-6.5213
11.339
28.11
-4.4788
-37.944
-17.558
-21.02
-10.718
-34.847
-37.9
-7.7389
2.5092
-18.223
-10.964
3.582
40.563
31.086
35.702
41.982
48.97
29.461
-5.9221
-19.72
-15.624
14.267
30.308
27.096
8.6307
9.742
-18.599
-6.1255
0.82021
-11.417
-24.787
-14.571
10.695
10.624
19.229
54.358
36.048
12.534
-18.092
-36.161
-31.36
-28.834
-20.251
-4.0679
-29.442
-22.152
-9.0257
-6.7254
-33.359
-32.308
6.0154
9.5686
0.44835
-2.0257
3.5062
14.692
31.922
23.65
-6.6652
-16.799
-10.822
-4.4806
-2.1554
6.8547
23.36
14.638
7.3396
-3.839
-5.0521
-5.3306
-33.611
-23.656
7.6167
17.431
45.912
49.573
40.839
17.414
1.11
-2.5114
2
4.5567
-10.046
-3.1147
-27.246
-12.977
23.596
14.068
-21.261
-13.978
