1.9634
20.858
21.106
10.117
-12.563
4.8386
-19.238
2.7671
-5.0222
8.8051
-5.6047
-5.9348
8.1854
-22.276
-1.5224
-14.827
-3.3726
15.462
1.8957
-10.101
-12.855
-4.6349
-11.758
-11.261
-5.2317
-23.619
-13.973
21.273
2.2295
-8.5415
2.9064
13.451
16.895
11.826
16.655
-5.2371
7.7275
9.7817
11.686
0.22741
11.024
3.7207
13.039
2.1882
11.207
24.288
19.275
-28.19
-10.829
-13.464
-10.529
1.9748
-20.793
-28.895
-16.602
-8.5576
-0.42746
4.4888
10.763
5.3443
-12.241
-30.855
-19.545
-4.1872
22.108
46.654
22.101
8.5943
-15.038
-18.818
14.921
5.1925
22.981
8.6297
9.5159
-14.696
-32.289
-35.042
17.06
20.211
5.4927
-8.3291
-11.404
2.6715
17.292
15.524
18.829
3.9026
-12.013
-15.309
-6.4419
-12.295
-8.6163
-12.531
-17.976
-15.989
-9.577
-5.1774
2.8771
12.006
10.681
-2.9636
11.22
25.06
20.987
21.556
39.79
35.18
7.7778
-11.864
-37.621
-27.7
-0.71885
9.171
3.8498
-11.898
-12.625
-12.117
-9.7652
-29.235
-11.339
-8.8793
22.002
2.1839
-14.8
-15.731
4.7312
13.621
3.3603
1.3781
-22.749
-2.1914
24.009
15.746
-11.685
-25.254
6.9723
19.247
9.4611
6.9778
22.622
35.523
19.544
11.053
-2.8857
21.4
15.091
-3.7401
-37.303
-33.744
-48.592
-62.352
-32.258
-3.8589
30.181
39.183
37.098
22.132
-24.505
-36.184
-3.5326
2.7307
12.615
27.339
39.028
20.703
23.136
0.063626
2.3755
-7.1232
-11.771
-39.213
-23.098
-2.6667
10.184
-11.038
-37.153
-30.943
-5.477
22.612
23.668
13.471
-16.109
-10.066
-4.0214
1.6906
13.231
27.322
11.818
12.982
18.504
1.434
3.605
-25.423
-30.275
-20.801
-33.839
-19.695
-0.93736
30.692
29.337
26.715
14.872
3.5297
14.289
16.507
19.142
12.856
13.076
5.8697
-21.829
-21.436
-8.1627
-12.429
5.3787
-7.8218
-22.621
-22.348
-9.8482
9.888
-6.6604
-26.109
-1.6922
-2.6849
-13.433
-16.142
-14.436
-0.89352
22.685
32.281
39.321
26.024
2.1748
-19.947
-18.141
-18.196
-2.5593
3.4873
18.357
11.695
-2.4547
8.8493
0.73356
-0.45854
0.70519
-5.0231
-6.4987
-17.951
5.369
16.079
