-19.161
23.211
35.797
30.26
14.548
-2.5259
0.9729
4.0874
-13.529
17.941
2.8664
-21.635
-7.0022
-7.6836
-29.21
-15.296
-17.091
-11.806
-27.507
-22.806
-18.955
-22.28
0.91963
-0.9132
17.073
16.533
6.8597
20.76
29.134
13.682
16.378
23.722
-1.2712
8.7091
20.812
-7.3985
-11.638
-17.562
-20.487
-3.2753
-0.98266
-7.6157
-1.6355
-13.734
-0.17497
-0.14374
-8.8429
-2.5174
3.8681
-8.0416
3.1174
-2.6963
-13.149
5.7238
18.157
7.7028
27.214
23.285
-3.7401
5.2519
35.839
6.0293
-32.175
-27.345
-32.927
-1.2289
4.2991
30.302
-8.0487
-28.947
-19.816
11.401
29.461
19.625
-11.851
-12.616
18.979
-3.7858
-18.531
-17.024
-9.794
14.649
-12.332
-25.386
-23.614
0.84152
8.4482
14.384
13.685
13.542
15.984
8.7513
33.582
25.301
-0.71673
-9.1356
-21.255
-3.2373
-4.8161
-13.168
22.352
-5.2703
-6.349
-20.329
-6.5804
20.481
1.7875
8.5839
-9.1962
-3.4453
11.096
0.67079
-6.0437
-17.622
0.46916
-34.959
6.6999
-16.236
12.024
21.941
0.69889
36.832
35.143
-18.889
-30.798
-26.518
2.578
-22.224
-8.6521
-6.346
-8.5915
-8.7161
13.991
39.497
3.0537
26.096
19.942
-16.794
-3.9176
6.2062
0.14471
9.8535
-1.6351
-25.384
15.378
-24.365
-12.69
4.8062
17.899
10.942
-9.9873
8.746
8.4165
1.0434
-2.508
4.9696
21.893
17.831
30.18
-6.0307
-57.245
-45.978
-13.519
5.4813
-6.3945
-16.287
-23.447
-10.909
-4.9265
8.3373
22.056
15.405
20.193
20.179
-8.5179
-23.33
2.8154
-26.284
-1.7389
0.78201
19.623
31.609
34.653
28.422
11.588
17.397
5.6596
-0.70655
-11.945
-24.406
-11.937
-24.392
-23.369
-18.943
-19.831
12.184
-1.7692
12.08
22.138
24.689
3.838
10.44
-0.7219
-13.569
-28.571
-27.953
-34.292
-29.416
1.2337
33.873
29.105
-8.2188
-8.1003
-0.42137
7.6076
21.443
3.1928
4.6851
5.0469
-8.132
28.014
20.08
36.155
2.779
-27.654
-21.716
-0.82266
4.2827
-27.648
10.382
7.015
18.126
-12.261
-10.057
-20.368
-15.323
-14.773
-22.689
-4.0203
-8.6169
15.089
12.911
29.07
34.681
24.788
3.1608
0.43761
-6.7196
-29.838
8.9833
-10.416
-14.088
-27.377
-25.113
28.17
11.318
-9.1725
9.6447
21.887
13.406
-11.045
-2.9871
18.82
-3.1517
-16.954
-5.3537
-11.633
-2.5068
8.2504
-22.509
9.4162
-1.1704
0.85654
3.2436
25.57
-9.4117
1.1093
-13.298
-3.6493
-13.516
4.257
15.957
3.4897
24.409
-3.6451
3.6724
2.2972
6.3846
-7.601
-19.724
14.423
8.709
16.928
5.8515
-9.5129
1.7518
-2.9754
-36.614
-26.653
-30.885
-11.12
32.161
2.477
2.6585
23.28
51.547
29.124
-9.327
-48.028
-56.944
-5.0789
3.1315
10.424
-6.5579
11.713
20.961
-8.3868
-12.988
1.7451
-2.4351
8.6513
7.5096
3.4205
5.2572
-1.9196
19.488
1.2602
-7.7135
3.634
2.1744
9.178
12.106
-6.729
15.263
14.688
4.7675
-4.7521
1.1547
0.061326
11.165
5.8053
-17.319
5.831
-32.075
-33.662
-51.032
-5.0363
-16.263
-3.6861
-19.236
-16.391
-5.153
3.1485
15.699
1.9209
20.348
26.168
31.42
19.491
4.4141
