-1.8943
-6.771
-3.4788
20.763
14.211
14.042
17.437
4.1697
-11.139
-11.887
2.3924
9.2152
22.492
13.118
-3.6599
14.819
7.147
-6.9091
13.477
5.0583
-7.8965
-0.99585
-8.9912
-6.5045
17.85
12.839
2.5873
11.159
-3.6847
14.599
7.7646
-10.252
-13.576
4.7212
-2.7719
-5.2162
-35.882
-38.582
-14.833
-23.467
-21.486
23.168
23.692
8.9186
-37.665
-3.719
10.791
3.6823
24.521
-3.5392
2.9375
18.77
11.475
14.704
29.074
13.142
-1.4139
-10.082
37.616
-23.53
3.8275
-69.32
-28.851
11.462
19.055
15.81
-22.852
26.768
10.113
-5.3315
-9.1552
-4.8245
4.7795
-12.717
-6.5812
-5.0726
-16.539
-8.2196
22.341
33.291
10.498
12.319
1.8306
-15.999
-6.3673
-4.8068
-0.066894
5.4213
26.131
1.3495
0.21018
6.1323
-36.912
-21.733
-10.107
-22.489
-5.726
7.5857
-1.5805
6.8907
16.108
1.1357
11.931
1.9128
-4.1519
-17.216
-1.5984
-7.5346
-11.292
6.8499
9.6989
25.569
27.552
22.174
29.29
-29.675
-19.753
-19.913
17.95
8.3633
-18.06
-36.956
-19.912
22.699
17.451
0.18467
1.4121
-3.871
-13.46
12.829
28.476
20.942
3.0991
-14.738
4.7919
1.1682
-1.5741
16.101
-9.1529
-13.97
19.426
-16.303
-16.186
-14.739
-37.169
-34.638
0.23228
-1.2825
17.405
-10.418
5.7194
15.053
15.31
-12.393
-12.452
-2.7878
11.693
11.631
-8.3517
4.353
12.165
-9.1173
-5.4538
4.8462
27.79
15.254
25.233
55.236
62.728
16.406
-30.885
-6.8968
5.3933
-43.123
-27.663
-15.249
-15.546
-20.109
-21.232
-7.2403
13.138
-11.75
-29.663
-43.755
6.5619
-18.605
-12.75
23.944
42.161
22.048
20.961
-6.4388
-15.605
13.879
-24.029
-6.6976
-9.088
-10.191
-3.8477
13.021
12.742
3.0587
8.6303
22.814
18.976
-1.1513
-3.6575
11.25
22.783
-10.131
-15.322
18.764
24.113
36.221
28.416
38.229
36.627
-31.117
-53.108
-51.308
-23.82
-13.263
-37.614
-66.874
-63.923
11.06
14.477
-9.3901
19.254
27.021
7.4401
-9.733
-15.319
30.161
41.071
26.797
23.343
14.148
-6.1273
-6.6333
17.212
-2.084
-16.128
-17.891
-37.74
-14.729
-37.449
-1.7667
26.076
17.943
11.813
22.018
36.006
16.176
-13.533
4.7535
3.6074
2.4426
-10.075
9.3583
39.606
10.448
15.449
4.2686
8.2494
-15.301
-37.796
-37.459
3.5921
-31.241
-33.215
-13.344
6.3245
-17.24
-23.291
-24.311
-40.981
-5.9868
18.594
12.566
-22.648
16.706
36.308
38.558
31.781
13.908
31.781
18.646
29.848
-17.671
-17.244
-1.2375
12.544
4.8588
-19.402
-6.6924
-15.209
-13.725
3.1738
11.703
11.63
23.207
23.805
4.6391
-5.5821
-19.197
-8.8698
1.2672
-3.4984
-23.47
-9.4363
-19.504
-20.755
-1.3986
-5.0095
-9.1909
-36.352
