27.084
59.759
-11.814
-35.12
-14.896
27.897
52.77
25.188
-1.4412
-21.905
-96.711
-63.14
10.651
30.271
45.448
65.026
9.8143
16.598
22.285
37.468
24.622
31.467
-40.775
-63.422
-67.626
-23.953
-19.775
4.6215
-38.243
-41.762
60.438
65.132
-8.2901
10.667
-22.245
30.516
-12.412
1.1772
-18.949
-0.97436
16.205
2.6416
3.1456
35.286
11.186
-3.2403
-47.334
11.269
31.924
9.4147
-40.284
-9.086
50.094
-6.7126
10.764
-0.46877
-24.384
-17.399
29.905
-35.451
-21.725
-62.545
-10.313
-13.548
6.7112
-35.394
21.631
75.442
13.986
7.2758
1.7063
47.705
3.6107
4.3162
-19.329
8.8078
74.822
-26.804
33.601
-1.4384
-18.072
-38.337
-52.326
-44.105
-36.375
37.285
-8.1852
-12.303
36.493
60.879
-13.041
-2.2298
38.752
-21.013
-31.861
-41.844
22.749
10.819
-64.383
-26.555
-27.942
-6.3041
36.072
31.272
45.152
9.168
15.373
5.3228
17.335
61.117
3.3063
-64.453
-81.03
42.045
-0.28514
31.532
-11.537
76.93
-12.919
25.202
-29.792
-2.3813
54.342
-67.162
-50.363
-63.13
-64.286
10.851
26.671
27.686
-14.89
14.349
66.059
-20.689
5.5953
-19.663
-21.636
17.365
22.505
-58.881
28.785
24.03
-39.204
-35.66
60.286
67.923
19.578
11.727
16.474
-2.5513
-5.3385
4.5702
-16.46
-32.943
-64.078
11.744
43.75
-31.478
-5.5944
-33.637
-32.026
18.264
24.163
41.311
-10.175
18.724
-7.0377
-1.3689
23.691
-31.627
-56.444
37.489
-1.8715
0.86692
-23.531
27.234
0.15085
27.499
6.5944
-43.098
-49.52
10.801
93.161
-16.16
-14.716
24.085
3.5405
1.7462
-6.0877
-27.23
23.704
-3.3794
-13.139
3.8704
39.411
-6.658
42.699
-49.883
41.231
-24.727
-67.261
-60.355
-5.2068
23.461
-25.639
36.333
15.946
-11.81
-35.578
-18.011
68.451
30.254
15.368
75.009
24.591
-29.279
15.355
-64.034
-1.8371
-13.292
-72.75
41.189
26.233
-9.2145
-7.8128
31.57
-33.201
-40.087
-12.774
23.213
-6.2566
-8.229
-23.775
76.029
-1.1346
-60.65
17.172
32.967
-20.245
-10.858
25.017
46.411
13.404
-10.734
62.49
-18.002
-12.722
1.9048
-18.222
-9.333
-28.22
-35.724
-14.57
-24.784
-19.934
