35.89
19.916
11.73
11.131
-3.3825
9.6095
26.339
-10.826
-40.72
-21.68
32.353
19.106
0.34492
-30.227
-25.522
13.583
-0.14657
21.427
37.282
-13.61
5.665
41.788
25.068
35.329
-33.17
-96.373
-103.71
-29.614
-8.9139
9.555
-2.2298
-15.363
-10.392
15.804
34.513
16.803
28.956
29.02
49.772
0.29361
15.952
11.603
-5.9136
-8.1435
40.09
NaN
NaN
NaN
NaN
1.95
-19.055
-25.536
-22.055
-69.084
-40.59
-16.031
25.728
17.062
28.727
0.32999
-3.8832
-2.5528
-13.714
-58.077
-46.938
6.0448
13.161
26.104
11.952
-23.287
-23.327
19.777
21.018
15.864
13.542
35.627
43.979
66.775
27.174
-7.2581
-26.067
-10.933
-25.054
-20.759
-3.3255
-4.4525
-0.3501
-11.548
-17.692
-15.331
-21.666
1.8942
7.9065
42.052
7.7025
8.9433
-16.103
-21.237
-19.775
NaN
NaN
NaN
NaN
0.94853
-30.236
-12.256
-6.0632
21.394
0.47764
28.781
29.131
2.1753
-25.516
-30.106
0.92366
-6.0382
-14.075
-4.753
-0.70055
31.093
26.654
24.488
35.244
1.6743
40.569
9.6456
17.209
9.9696
-17.456
-23.493
-26.402
-35.993
-8.828
0.96207
-8.7716
-18.221
-1.6766
-3.3912
-16.2
-44.515
-51.486
-28.432
2.9813
22.189
56.618
9.2765
-6.2147
45.194
46.982
31.118
9.7058
-45.788
0.06899
27.882
12.811
-3.2731
42.753
43.12
3.3541
-81.294
-41.421
-3.1368
-2.1169
-29.113
-76.321
-64.043
13.132
28.849
31.251
19.025
11.32
19.927
15.205
29.504
32.799
-13.238
-21.556
-1.4423
-2.0015
36.617
2.4575
-8.6827
-0.65671
35.946
-2.0149
-23.972
-13.353
-28.196
-3.218
4.9552
-3.1447
-6.4436
-14.872
-9.4142
-30.735
-22.279
-13.115
-2.7673
-7.8995
7
49.235
39.429
25.781
-2.262
-19.896
0.016155
18.003
25.563
15.858
9.6791
-28.825
-6.5893
10.594
30.181
10.988
-31.142
-39.566
-43.034
-19.436
-12.006
-26.889
-7.5657
3.37
26.957
29.09
-0.85818
13.147
3.6096
4.9794
46.385
51.057
46.123
13.936
-14.734
-31.726
-37.123
-29.609
-38.05
-10.265
-17.625
-20.221
-13.135
-18.897
-0.056882
17.226
23.253
24.043
22.402
10.201
-13.964
-10.09
6.6181
-1.1366
-10.517
-8.6354
-12.903
12.128
9.2856
25.257
16.495
0.78054
23.138
59.769
3.9801
-67.313
-51.201
21.513
13.123
39.488
21.848
-29.687
-39.342
-30.091
-9.0048
-29.465
16.393
24.936
-39.469
-11.841
-33.343
-11.328
31.865
36.973
30.775
-3.4771
0.32186
-4.3992
13.65
60.621
51.602
13.654
-41.939
-33.564
-65.432
-15.972
10.365
5.1287
-5.9551
1.8763
-15.661
-2.6645
NaN
NaN
NaN
NaN
-59.473
-24.948
-16.264
15.465
-5.0347
-5.0728
