2.7821
24.538
-8.1295
-5.8176
-22.04
-12.772
-5.1218
38.722
9.9421
-9.6972
-31.896
-7.3671
-11.026
-15.371
2.4465
20.631
11.522
31.22
0.13751
14.41
19.704
-15.742
-31.202
-16.069
-5.4212
16.907
6.9884
-12.67
-23.679
-31.459
-3.2815
-10.122
7.2145
-15.51
-32.288
7.3178
15.065
24.5
4.1704
2.9467
4.7726
25.733
29.505
21.545
20.023
33.514
10.381
-15.145
-39.941
-28.648
16.481
16.139
35.73
15.94
6.8629
-18.667
-2.9706
0.73591
-58.125
-61.384
-27.846
-6.7791
-22.509
-45.416
-28.996
-39.385
1.7028
49.525
55.088
32.26
60.345
31.104
49.986
13.875
-5.4763
-26.069
33.066
6.7865
-13.833
-17.763
9.3425
14.092
-2.1946
-29.285
-63.873
-22.105
-22.162
-1.4938
11.691
40.169
-7.4795
-29.872
-55.804
-14.755
20.35
32.508
15.208
-1.5059
12.95
2.1857
35.294
33.872
20.931
1.4105
-10.009
-11.538
1.565
22.029
15.753
-31.209
-22.575
-42.52
-35.289
-9.6349
-14.914
10.002
-2.0294
22.129
8.7236
11.62
32.263
29.125
-23.268
16.583
25.309
-12.8
-53.452
-18.89
-3.4582
-18.072
-0.67208
38.114
33.868
4.4189
29.373
9.3713
-30.839
-51.321
7.1381
-15.939
-30.672
0.84978
-10.89
9.0892
36.012
32.07
27.472
6.0292
-36.116
-8.6699
17.306
19.111
1.8157
-54.201
-14.773
33.169
34.505
33.808
6.3836
-1.8021
-10.227
-0.88173
-34.792
-49.304
-41.82
-25.38
-10.777
-13.35
22.113
10.953
0.74131
5.0446
11.337
41.46
35.526
-5.252
-12.456
-3.1124
30.224
4.8072
5.1868
10.495
21.541
24.446
17.228
-19.776
-11.34
-14.769
-27.466
-47.256
-41.456
-12.42
11.963
7.5891
26.433
10.112
33.614
-23.941
-24.096
2.4974
10.534
-1.9251
8.3124
10.545
-22.684
-15.414
-15.149
0.35461
-6.9092
16.542
9.8978
12.061
38.496
40.833
-14.98
-67.052
-12.848
0.027339
-14.628
14.219
8.7262
18.168
3.6351
43.106
18.822
15.442
36.55
-8.4948
-43.01
-37.121
-12.918
9.7694
-3.2697
-19.907
2.5268
-18.654
-22.848
-24.147
15.985
21.126
-4.8793
-8.0551
-22.972
25.958
18.777
26.098
2.7145
-34.688
-42.419
11.237
15.287
19.495
34.553
13.354
-7.1826
