-22.906
44.812
0.70874
34.64
73.245
73.328
-47.857
-31.767
2.8823
-13.661
62.763
-37.736
-31.225
5.7453
-62.31
-91.932
-72.38
29.279
11.21
38.158
-10.465
17.222
-49.848
-42.135
60.745
80.44
83.002
-6.1109
-24.168
31.799
-8.5978
-58.671
NaN
NaN
NaN
NaN
-44.101
40.908
83.66
25.974
12.752
26.833
42.112
48.783
1.2066
-11.556
-32.107
-61.958
-74.475
-21.321
35.665
3.1978
21.429
-15.521
-15.009
14.905
12.396
35.422
54.059
31.115
27.884
-8.3042
-55.871
-30.878
-32.662
-36.206
-27.462
-71.659
-43.319
18.639
0.57934
54.047
48.749
42.658
3.2442
7.389
33.402
56.586
-36.188
-36.31
16.251
12.331
25.455
-42.365
-4.7969
NaN
NaN
NaN
NaN
-20.127
4.4609
35.122
13.766
-11.208
17.387
38.75
14.859
-26.949
-22.532
21.343
38.547
14.238
7.167
29.376
-14.78
-33.107
18.01
37.498
37.834
3.4798
5.7153
29.995
-1.1388
-91.633
-43.022
-114.67
-127.52
-45.414
-49.015
-15.932
-9.8621
37.346
86.749
57.619
66.88
89.163
58.344
-17.391
-23.063
29.979
26.541
29.457
-24.69
8.9289
56.671
51.077
20.796
-25.651
-41.272
-60.109
-55.859
-75.973
-19.99
45.136
2.8379
-18.214
-0.43953
19.433
-46.653
-43.475
4.5994
34.665
-41.408
-47.911
11.311
57.541
-16.124
16.833
15.697
53.536
9.9993
-27.012
14.197
-26.463
19.823
-8.3407
19.987
40.339
3.522
10.406
-9.3967
-8.9559
-1.3717
-13.368
-12.651
23.09
45.478
12.95
10.879
-22.704
-29.803
27.813
-6.3235
-96.856
-58.983
8.5888
38.561
43.026
18.704
-37.58
-35.466
-11.417
-2.6164
29.641
5.3578
-15.424
9.0104
18.361
2.1649
0.97726
-2.3391
-14.291
4.6047
14.551
-2.5327
15.053
2.4378
13.716
7.3768
18.872
18.291
-38.63
-41.793
-3.1148
-7.0753
0.80084
-14.286
-5.3542
42.03
56.691
44.689
10.863
12.2
-10.866
-36.41
-36.585
-21.935
-14.732
-19.057
-29.315
-30.869
-30.482
-10.289
44.643
76.482
3.9966
-36.815
-38.376
-11.818
29.768
45.191
29.297
8.5696
-13.501
19.034
-5.3352
8.5911
3.7103
-7.3702
5.4412
-9.5308
1.3171
-1.5951
14.185
-11.116
6.0221
3.1073
-8.7275
25.083
34.634
-46.898
-17.401
-50.922
-50.117
-43.877
-61.315
-37.307
-2.7126
16.207
43.444
34.467
27.658
87.662
84.464
55.891
31.213
-2.4471
10.201
20.835
-37.645
-40.035
-16.777
-49.969
-34.878
-11.417
35.396
4.3453
-19.803
-61.083
-11.376
-21.206
6.2356
11.3
19.02
-27.969
-13.978
18.14
-0.49277
-26.351
33.615
63.745
-6.9538
-72.077
-27.681
23.582
29.718
16.412
-16.9
19.678
