-23.936
49.098
13.486
-28.344
-14.866
-36.967
-85.537
-81.091
-20.604
-34.082
-80.701
-68.441
-20.534
32.302
40.575
99.671
42.807
38.689
60.871
44.329
132.8
105.8
53.473
54.146
-97.512
-30.743
-12.102
-74.293
-32.32
-9.9096
-52.506
-35.881
-42.976
-26.828
-24.059
18.684
-15.4
13.934
-10.204
21.421
14.931
-47.193
-44.544
53.073
68.933
13.309
-25.842
23.721
33.261
15.039
-41.932
-23.374
-45.616
-39.556
-21.454
45.435
-9.3789
18.884
62.498
34.375
-29.413
-27.744
4.806
4.4503
-14.397
-63.008
-26.739
-17.001
28.886
58.778
25.697
5.4917
87.562
134.34
126.6
41.194
-12.115
-83.495
-139.79
-80.128
-8.6896
-30.337
-45.072
-86.953
-56.818
NaN
NaN
NaN
NaN
-13.401
7.3683
13.481
33.281
47.641
42.482
-5.0556
-6.3564
-31.078
-36.509
46.718
28.17
-17.893
-19.224
-17.382
-36.665
-17.694
-15.051
-39.584
-5.3435
11.924
58.202
83.459
104.03
42.536
-25.919
-6.1353
15.933
61.962
34.304
-13.384
-74.728
-105.58
-18.941
11.876
21.031
-9.1405
-53.079
-43.119
-38.989
3.8628
4.0045
-28.435
-66.681
19.655
62.446
42.259
-7.312
-4.5329
-28.643
7.2791
-0.50651
42.888
67.202
8.576
-20.052
-12.182
46.015
-8.678
-58.983
-8.1254
-4.7924
33.443
6.196
8.4557
19.183
2.1694
-16.76
4.6092
59.99
15.881
-36.88
-60.001
8.9344
-8.0775
21.428
-47.834
-0.56192
29.433
29.419
7.4122
4.1946
32.613
54.495
-3.7116
-72.862
-91.761
-74.503
-22.567
-21.857
61.969
51.826
37.469
-37.531
-52.424
-21.289
10.732
-7.1797
3.1992
3.6199
32.079
36.931
58.25
62.179
28.099
-12.226
-19.782
-37.539
-20.507
-4.7153
-27.466
32.763
29.339
6.6777
-2.1432
-11.47
-31.217
-13.026
17.141
34.81
-58.656
-44.174
-60.001
-45.007
2.5744
37.478
95.965
23.061
10.714
31.951
94.699
-47.349
-11.011
-10.822
-10.459
-12.486
-69.644
-16.301
31.501
27.877
2.1371
-38.812
-26.966
-68.926
-23.19
45.054
38.828
36.594
21.804
-77.418
-5.7355
27.147
-7.9827
-41.634
17.859
30.684
-4.0944
6.8765
-9.3252
43.624
42.051
16.8
42.683
16.579
-9.6379
15.901
-2.0944
-33.524
-9.3609
-10.467
-57.827
-43.658
7.518
49.202
23.115
13.137
2.9707
NaN
NaN
NaN
NaN
19.95
72.528
35.8
-45.003
-23.335
-45.596
0.98744
38.145
-6.6116
-45.139
-106
-41.61
-55.691
8.9743
29.058
126.21
140.49
55.753
11.239
-4.3795
25.779
-9.6855
-38.556
-49.644
-14.802
29.751
-3.5522
6.9959
10.795
9.6572
25.413
-5.98
-18.673
-5.7837
-39.732
-12.431
-23.817
-5.3509
-17.831
-34.689
-4.4156
73.079
47.599
44.187
