0.70169
-25.51
-22.222
-0.38171
6.5058
7.8123
-3.1848
9.9388
-4.6151
2.4151
35.034
21.032
-45.8
-31.185
-5.6951
-22.964
-14.355
16.327
-1.0556
-7.8301
-7.3977
19.309
-48.207
-29.535
-3.5192
24.092
24.686
10.507
10.993
20.122
45.351
18.963
NaN
NaN
NaN
NaN
-39.322
-7.976
10.216
20.611
16.522
8.0365
26.018
39.234
4.5823
9.7539
26.809
48.431
4.0271
-24.882
10.718
-20.18
12.453
5.7145
-18.739
-5.2849
-9.6572
-23.115
-103.98
-58.873
-41.488
4.8817
32.177
32.839
8.212
-1.5129
-5.0444
3.9509
-10.04
17.833
-16.629
12.875
25.608
41.721
-10.929
9.4379
16.862
59.289
26.685
32.74
23.166
32.298
30.063
1.1736
-20.2
NaN
NaN
NaN
NaN
-28.142
-24.822
-3.4428
-21.858
-46.93
-32.796
3.7471
11.642
-31.633
-15.468
18.225
20.763
16.242
24.036
40.838
34.052
39.142
59.093
22.062
-9.4934
-14.571
-33.316
-18.598
17.869
48.627
42.208
-25.395
-2.3969
-6.2326
-22.323
-3.0001
-22.88
-29.318
5.3721
-3.5285
-8.594
-16.4
-21.247
-20.34
-20.899
-16.915
4.9587
-13.579
-7.0008
-6.556
29.429
-12.416
12.385
13.176
11.936
-11.35
7.1195
17.78
25.834
24.541
-8.8719
-12.026
10.731
17.637
4.7305
10.708
43.205
34.29
8.6772
-30.28
-7.552
-0.17868
-15.71
4.6973
-32.631
-21.551
-12.356
13.875
-9.366
3.4251
-28.823
-39.795
13.714
0.091099
-33.886
-15.484
-6.0331
-7.21
2.4356
21.139
-3.2608
-9.0794
30.317
33.466
31.696
10.483
0.97827
18.434
18.253
-3.3403
-18.963
-10.77
-12.579
28.503
4.9647
-19.42
-6.452
-4.4769
-24.024
15.552
23.451
16.159
12.292
-22.75
-13.356
-12.472
-41.495
-5.8443
33.832
20.812
14.456
-0.74852
-3.7023
16.009
-17.027
-38.365
-16.337
-16.478
8.6857
6.7215
16.603
-9.9112
-16.145
10.971
31.166
20.4
-9.1636
-18.505
-10.354
-12.104
-1.13
-20.979
-18.54
-10.04
21.643
37.573
5.724
9.6375
20.409
17.315
34.893
26.322
-5.2942
-32.72
-18.805
-12.246
-14.93
2.7923
15.299
-6.8538
-5.5835
-4.4546
9.1573
-8.3267
20.756
21.749
-22.158
-35.489
-7.597
21.581
9.0051
3.2096
-39.92
0.38974
-4.357
-2.0541
-11.682
-18.982
7.2059
-1.56
-33.687
-10.078
-15.412
-11.598
-31.354
18.133
20.111
13.371
40.294
52.982
48.604
33.745
44.426
41.777
29.34
-13.949
-20.765
16.809
5.9737
-12.941
-3.5412
-11.905
-71.621
-42.998
-58.32
-66.926
-45.284
-50.41
2.61
24.326
-3.3576
21.322
30.755
14.587
26.823
-1.4376
-7.2008
8.3743
18.436
28.483
48.499
31.946
10.877
-10.234
7.1838
