-41.008
2.822
10.023
28.217
24.999
24.445
-0.80429
5.6931
3.1792
16.687
35.32
-28.352
-27.767
-3.9254
-48.374
-68.706
-26.748
12.302
-4.0564
10.505
-20.341
-8.8533
-32.087
-33.522
-5.1997
37.943
72.557
57.842
38.831
30.774
17.835
-46.792
NaN
NaN
NaN
NaN
-36.219
5.1718
40.938
20.325
-23.329
-6.4463
28.528
54.442
5.9211
9.9623
29.41
22.043
-16.209
-27.128
6.3209
5.3351
15.298
-7.8122
-35.644
-3.9437
6.3418
5.8299
6.2247
-2.9572
-2.1752
8.6236
13.393
13.162
-14.889
-28.006
-46.22
-32.024
-39.895
-7.6653
-8.0037
26.52
20.246
10.742
-5.6384
-12.55
12.51
45.024
12.114
-3.2966
25.448
38.397
9.8534
-6.1901
-20.647
NaN
NaN
NaN
NaN
-1.9887
6.8548
30.114
-12.152
-42.958
-10.132
30.568
-3.9768
-9.2036
-0.25088
7.2973
21.956
33.947
26.264
16.855
2.2723
-8.9868
15.898
6.6393
12.201
-12.256
-20.252
1.5586
-5.7965
-4.0559
-10.322
-65.6
-72.924
-36.992
-24.177
-27.953
-31.888
-12.08
16.146
39.342
46.534
46.502
37.68
-7.1066
6.3645
14.383
60.347
52.56
20.2
-0.39035
4.4733
21.228
12.168
-5.2209
-36.287
-43.143
-26.365
-24.745
-3.0446
24.801
-9.6163
-29.49
-5.5124
-20.079
-24.31
-17.311
27.893
45.308
-11.705
-38.797
12.912
-5.3506
-4.5133
-13.675
-7.7097
34.113
17.548
2.9726
-2.6598
-7.2827
-17.226
-41.823
-13.398
30.493
32.259
23.369
16.047
-2.8073
13.666
5.3727
10.172
18.517
29.754
5.2117
-23.742
-20.385
-7.9829
21.071
15.114
-34.216
-59.311
-22.384
15.041
29.888
-16.122
-25.988
-28.252
-18.906
-2.5333
42.666
37.026
0.10319
-5.7215
13.052
2.2359
7.3972
2.5686
3.5615
10.468
11.104
-9.4329
-14.457
18.48
28.964
3.0804
-22.583
-14.284
-12.437
-13.798
-25.207
-13.607
-18.71
-16.35
-9.2313
15.541
34.296
12.064
6.4793
-2.2371
-10.458
-11.178
-17.57
-0.85959
13.837
31.318
-1.672
0.27843
13.16
25.956
31.439
32.671
28.4
-9.5738
-43.562
-22.176
3.9119
4.8297
9.9878
-6.6823
-8.0846
-9.6801
-24.602
-10.639
-12.093
-1.2472
-4.757
-27.436
-17.843
3.3698
12.953
6.6209
7.991
-22.829
-7.4033
12.999
14.165
-13.699
1.2246
-3.6455
-19.71
-14.455
-8.351
-10.19
4.8947
1.2122
15.928
24.126
47.994
54.269
39.586
29.551
40.124
27.896
42.527
16.893
-19.943
-47.88
-32.636
-47.99
-46.477
-34.796
-19.807
-18.336
-3.1568
-45.746
-33.057
-40.82
-21.669
32.918
15.756
-11.422
3.6785
26.799
25.811
11.682
21.853
21.577
-2.8983
-10.512
-3.2189
31.323
30.083
21.79
-18.055
6.4171
