11.668
57.883
27.715
-50.09
5.9931
18.854
45.733
-9.3531
-11.675
10.571
19.18
-20.062
17.796
-46.184
-22.827
8.2112
-8.2745
-5.3096
-15.234
-8.5555
2.8638
29.944
18.279
8.8704
-37.071
-47.282
-38.697
-8.5577
11.142
-3.3521
-33.759
-13.773
37.291
-19.929
10.877
28.261
35.109
29.982
33.652
54.519
1.5653
-17.264
-24.056
9.3088
12.513
-13.126
-2.7275
24.709
30.48
-8.6859
-1.7955
-48.411
-39.717
-14.317
0.49801
-28.181
6.3631
-5.453
5.1265
-45.083
-25.559
1.1494
39.446
9.7445
11.141
-3.4727
-20.174
-20.757
0.013304
36.017
22.759
28.825
32.646
-2.2165
41.313
-16.846
7.6453
-5.3405
8.0959
17.599
8.2578
-18.849
-20.973
-0.014461
-35.525
-2.7102
-13.586
-9.3924
-46.993
-40.206
-29.756
-3.534
36.102
51.085
2.5113
3.9722
7.3027
-2.6781
-19.086
-7.7968
9.9254
17.914
-3.7342
23.52
17.985
23.785
-30.695
16.059
25.118
49.425
36.518
-16.184
8.3467
-8.4966
-52.933
-3.8349
-13.209
-24.255
-26.829
-18.343
-2.9286
-7.4834
-54.504
4.4137
8.4481
1.9824
-59.629
4.5386
12.417
16.688
23.832
23.74
32.58
12.524
1.8573
14.255
5.1474
10.094
51.77
20.654
-30.247
-53.849
32.448
4.2961
-12.419
59.104
33.499
-32.252
-24.523
2.1498
-5.6439
-46.361
-43.817
-20.291
-23.419
-21.606
-28.035
38.485
36.316
-5.2789
-7.5358
7.552
3.914
17.374
31.673
-16.081
-35.646
-32.818
1.9578
45.936
13.194
36.763
-19.019
-17.867
-12.265
16.126
49.293
32.776
-8.8168
37.362
-6.8685
-8.5305
-34.178
-27.238
-24.964
-2.3072
5.4985
3.2129
-11.539
21.283
-10.643
-29.48
-29.901
-7.5224
2.9786
36.607
51.352
-6.1332
15.25
-32.486
-39.678
-1.7775
45.29
0.30031
-33.078
-3.2357
-22.447
16.337
53.52
27.164
-3.8428
-3.0976
23.539
-18.993
-60.543
-43.327
-13.117
-24.643
-11.473
-10.091
48.89
16.784
37.135
26.158
14.287
42.857
21.893
4.431
-33.33
-6.9544
-10.54
59.972
27.966
-17.997
-21.799
-40.441
-37.053
4.4845
-26.912
-16.417
-26.801
-2.6851
-45.133
-1.9826
8.9879
3.0014
5.9165
23.691
15.583
-3.9787
10.304
2.7153
-7.5082
-17.712
21.772
