75.66
52.649
-15.066
-43.223
-4.4556
-25.135
-12.772
22.097
17.778
-7.9075
-1.0623
-16.02
8.5502
-16.77
-9.7277
-44.853
-6.2829
-8.1024
13.017
2.6856
-21.131
-20.748
8.1575
0.51168
48.843
69.579
58.474
5.5529
4.8922
-7.7311
-11.936
-22.267
3.7605
-1.9173
-27.38
-46.45
-39.836
-1.2918
9.4081
16.566
32.158
2.455
-8.4697
7.1026
1.6265
27.991
42.374
-56.943
-24.614
-4.6232
26.777
40.588
-44.383
-51.19
24.262
2.4724
42.772
24.717
-37.706
0.67556
-45.244
-50.375
-11.662
20.753
-7.2497
6.9299
1.4246
2.052
75.87
8.7061
-9.262
-18.747
-20.991
30.47
42.809
-1.4237
-8.8006
-14.167
1.8512
-7.7225
2.7481
24.865
18.781
7.1663
-32.304
22.677
2.1727
4.5965
12.698
3.9328
-26.018
-10.41
-29.525
-13.394
-18.737
-56.823
13.612
-15.763
33.063
-20.115
8.9216
2.3355
-9.4439
-23.081
-23.196
20.752
15.211
-31.738
-7.0154
3.6849
77.714
85.86
29.722
0.91482
-16.029
-18.301
31.943
8.2759
3.2237
-16.382
23.087
7.3377
5.4404
1.7858
-39.941
-31.971
-14.212
-28.77
-76.556
-0.32946
-0.9547
19.792
36.329
-6.2714
-41.303
-13.38
12.363
-11.879
17.294
-2.1025
23.946
14.513
18.871
8.9325
32.036
7.1352
2.8809
-10.284
-20.974
-20.583
2.8762
-25.529
-29.651
-25.857
42.694
33.92
42.753
-14.168
11.499
33.298
53.479
5.2184
-42.363
-26.25
-24.689
12.244
-20.45
-8.2748
25.026
-3.5463
-15.673
-7.1066
-18.371
-21.746
-32.843
-5.1262
-3.404
-5.1654
25.536
-4.6684
1.8706
-13.76
-10.427
28.583
54.533
3.8599
-16.957
-4.2817
40.329
29.58
-28.893
-6.2434
-15.169
13.238
26.601
26.947
-45.865
-30.872
22.328
10.52
10.669
10.309
-19.868
-32.806
4.2277
6.4319
-10.396
-27.97
-24.226
-15.486
1.3742
8.6877
12.196
0.8561
-5.1807
18.085
9.7842
15.112
38.587
14.008
23.591
1.7437
33.005
-11.345
-58.743
7.5797
-1.0086
-5.4293
-23.17
-68.614
-32.701
-6.628
12.842
62.294
59.572
5.5827
-40.242
-16.404
-4.6403
10.068
-8.9397
-20.857
-27.615
17.463
18.472
33.999
-0.9721
-9.1774
-2.1422
-9.5474
5.4325
7.0884
27.042
-10.464
-23.486
-15.527
25.616
18.988
42.434
16.117
28.644
56.228
16.041
-32.849
-40.502
-34.593
-25.817
-70.095
-40.859
-38.651
-47.19
-33.493
-4.0045
30.863
-6.5405
24.249
63.094
41.069
59.24
35.751
-2.3382
5.5083
27.205
23.27
-0.15124
-47.497
-26.734
-6.5917
-25.141
16.344
-10.839
-15.469
15.047
9.6699
-28.825
20.64
-8.9197
-26.505
-4.2973
-22.858
0.053334
-10.365
24.738
