-14.808
18.176
-8.7101
-11.726
3.2494
34.474
25.982
-12.023
-9.0256
-28.113
6.4783
4.6904
11.145
-10.992
-17.49
4.8588
-5.2059
-1.4759
5.3594
10.07
11.565
-14.973
3.5554
4.3388
-7.8327
-27.938
-11.743
-6.2674
2.1259
-12.953
0.75981
-1.8826
19.974
-8.9972
-4.4967
22.719
-4.7548
25.696
19.442
24.622
-17.722
-7.7031
16.519
-12.979
4.4242
1.0163
1.3845
0.2359
21.413
3.9268
-34.33
-13.436
5.5358
6.8003
-1.1932
-5.5696
-8.1018
-2.7047
-3.177
-50.099
-4.351
7.0706
11.831
-2.596
-24.364
-6.8197
1.7308
9.0034
12.786
13.356
15.43
19.856
20.63
5.4032
24.67
0.85044
4.9032
-7.1676
1.1573
0.88456
-8.4027
-4.764
-1.1748
0.45735
3.5612
-5.1389
-14.11
-5.7376
-23.352
-33.762
-25.568
-12.476
3.1896
15.938
3.7924
17.011
12.514
24.3
-8.0633
-13.286
-2.6867
9.998
4.3692
14.57
-3.7848
1.5941
-7.393
9.0233
1.9063
15.826
7.4442
12.24
7.5792
22.299
8.2715
-18.718
-24
-3.7441
-39.015
-8.0593
14.783
-2.4678
-40.231
-32.494
6.0416
30.281
-15.301
1.7243
16.157
-9.518
28.282
24.042
12.663
12.426
-4.1478
-1.1651
-1.9462
1.6389
-0.1163
-10.278
-2.284
-14.002
-3.0784
4.8629
-5.1581
12.915
4.3743
-19.586
-23.96
2.6647
17.335
11.647
-9.7541
-12.684
7.7075
14.614
0.94662
3.1681
13.281
-0.054297
-7.5867
-2.5134
0.17502
10.495
13.047
-18.61
-10.303
-17.114
-14.427
-9.4782
5.8289
10.125
3.4787
-4.6985
-12.715
3.2557
29.199
22.197
7.3405
-5.4735
-0.78753
-3.6278
8.7576
-11.062
16.763
-0.62391
-27.183
-6.0565
5.1082
12.075
-19.412
-15.827
-18.41
-6.8273
0.038608
24.058
19.493
-3.631
-11.074
-4.0722
17.2
12.276
29.58
13.045
-23.254
-9.4404
-0.19887
2.9973
7.2808
-10.582
0.44525
4.3767
-16.036
8.3278
-33.004
-31.289
-6.5562
0.71729
11.679
6.2088
-7.6399
-3.1488
15.052
9.0805
30.956
22.455
13.018
-23.354
-6.1764
-11.516
-13.803
45.615
33.23
1.2164
-1.4287
7.5729
-33.419
-17.726
-18.225
-9.7286
5.3486
-35.907
-3.3019
-10.494
-8.7798
-13.532
11.778
18.279
16.575
21.922
4.2883
-5.3456
-0.72576
-0.165
11.979
