-23.142
20.958
-3.7
4.7006
22.554
61.609
53.664
-44.071
-33.38
5.5331
23.041
-21.747
2.6131
10.127
-26.954
-10.587
-54.534
-49.416
-59.587
-32.455
16.494
19.151
-12.779
-12.88
9.6719
1.4856
-29.148
-15.665
-4.5
25.172
39.06
38.033
59.69
29.268
-23.911
-7.9779
2.9121
11.121
-43.401
1.0498
26.301
43.692
3.3181
7.4154
30.493
7.8038
12.568
-17.675
-0.58671
4.046
8.7958
-18.562
-26.882
-27.247
-19.486
-11.759
-4.1654
-31.608
-37.77
-65.131
-16.541
13.475
44.744
27.132
20.519
-18.366
15.524
54.67
11.378
-10.262
16.885
20.174
21.414
-14.332
-27.852
-13.433
3.6685
-18.334
-13.381
-34.838
-11.439
-19.709
3.8369
29.129
16.824
40.52
34.981
2.2402
-12.358
9.6296
29.202
-18.457
-5.2167
9.521
-55.193
-40.303
-20.78
28.238
27.549
19.504
12.171
1.1927
-10.262
9.2922
5.6616
-7.1857
14.854
2.495
1.6049
10.375
-38.816
3.5134
13.933
24.136
-3.448
-42.793
-53.91
-38.005
-25.523
-44.093
-3.908
22.088
32.954
20.347
-3.3767
5.5612
-3.2398
-1.7691
28.025
2.1964
6.6946
16.023
41.216
38.317
25.79
12.627
16.211
2.9108
11.947
25.845
0.072983
1.8958
4.3738
-0.7793
-48.443
-24.058
14.336
8.4394
-54.874
-65.436
-38.593
-10.947
-1.5343
-22.285
-29.749
-27.22
-15.286
-11.184
0.73768
22.33
28.742
31.335
-10.802
0.61507
50.572
10.188
25.455
-5.3267
12.003
-4.3099
-1.286
19.548
40.251
48.532
16.673
12.349
34.877
16.897
4.8853
-4.9161
-46.232
-73.949
-43.236
-25.282
9.0517
20.043
32.309
22.68
4.0445
-25.063
-30.278
-17.959
-46.671
-40.819
-29.917
1.2446
28.239
8.2461
-5.9737
-4.5349
-16.666
-11.715
6.1031
11.142
15.749
35.136
-1.0896
-21.735
-1.9034
25.339
26.886
16.514
30.194
54.872
2.8915
-29.224
-25.636
-5.5982
17.095
35.211
47.653
23.556
8.0555
15.494
-0.15135
7.3849
-9.9291
-33.901
-43.788
-39.793
-49.47
-23.857
-41.663
-18.537
-30.409
-26.832
-14.032
-14.426
-13.083
13.753
32.082
67.37
-1.7514
-6.6723
-18.748
13.45
18.162
62.265
8.6267
-7.0923
-9.723
27.202
32.024
10.28
-24.335
