-66.105
-11.781
20.542
16.438
3.9103
1.6416
27.838
23.824
8.7806
23.759
15.232
10.467
-27.026
-27.647
-28.115
-15.691
-1.7553
7.1577
-33.07
10.36
56.594
43.181
36.533
-2.2953
-14.137
-28.425
-23.358
16.799
33.739
13.954
-32.596
-31.571
-23.609
-4.6985
-29.852
-16.496
-23.612
-31.362
3.5317
21.197
10.853
-27.343
-7.6846
10.887
19.798
9.7519
11.189
36.026
16.082
29.223
26.023
4.8857
-14.129
-27.904
25.748
75.059
71.616
22.519
-16.906
-45.892
-59.436
-50.067
-35.54
-42.128
5.469
10.362
0.63415
-21.096
-19.533
4.9431
4.1357
-26.742
-4.4938
-4.6296
-3.7715
-11.656
13.498
26.451
33.789
27.389
8.2399
25.215
18.38
19.229
-6.6885
-0.6528
-21.678
-5.9504
-9.3412
23.308
-20.533
-15.629
-6.251
-10.48
-5.235
3.3477
8.8717
-21.664
20.422
34.572
10.771
-29.922
-7.0974
-4.5978
12.137
-11.289
16.908
40.188
18.9
-4.2895
-99.031
-59.711
27.824
5.7793
-15.988
19.367
42.879
45.433
4.8267
-27.594
-36.651
-2.7414
-8.5992
6.5209
-1.9872
-18.27
-5.4377
23.717
28.473
-1.1384
18.176
-2.7797
-1.1797
-12.342
1.7688
4.6134
10.366
-8.8323
-12.33
-4.6717
-13.708
11.479
4.7614
25.543
23.761
13.945
-21.917
-10.546
10.322
3.5069
2.3336
11.077
16.307
-31.707
-40.604
-43.432
7.399
-12.29
-40.908
-27.782
36.194
36.129
32.5
5.8815
4.5856
-18.173
-21.687
-10.567
17.694
21.831
48.073
22.248
-2.6926
-19.994
-24.156
7.4638
1.7007
37.374
15.693
-5.3381
-26.779
-27.183
-36.367
-11.724
-4.8537
28.036
34.883
-7.5242
-27.619
-9.4719
11.63
1.9347
-23.88
-3.7824
14.485
9.4147
0.90586
-14.436
-3.0327
0.46003
26.203
21.845
6.8555
-5.5913
3.0612
5.9709
47.017
46.492
10.544
-83.763
-51.335
-47.566
4.2477
-9.2783
-9.9267
-5.3815
0.15165
-0.73178
38.978
3.7599
-8.4786
8.0673
20.954
23.638
3.2813
7.7663
-10.427
-8.9783
-14.31
-21.342
6.2679
14.313
6.772
2.1263
15.35
-5.6378
8.0887
15.713
19.187
5.375
9.4932
-37.496
1.5908
-3.8756
8.493
3.7338
-2.9342
-37.878
-26.395
12.786
-3.7658
3.5637
3.1544
-3.0667
-20.777
-22.669
-27.948
NaN
NaN
NaN
NaN
3.0618
17.055
13.588
23.697
34
42.51
37.077
22.641
13.508
-3.1858
9.7322
-23.647
-33.633
-29.713
-24.204
-8.1612
-29.461
-3.241
-8.2318
-8.2904
-1.439
18.085
3.5433
13.631
-6.4021
5.3191
-5.4645
-5.5594
-0.43953
1.1099
4.4381
2.8983
18.186
-10.262
13.196
8.5445
13.356
-1.3388
-8.2752
2.6462
-3.2356
-12.145
-14.857
21.584
-20.385
