-23.275
38.028
-7.8804
-19.683
-51.767
-51.365
-7.0835
-40.519
-19.294
-1.3418
45.052
41.718
45.095
40.304
18.763
29.809
26.473
12.637
0.88527
2.3118
-5.742
-12.553
23.585
1.3762
-35.354
-27.502
-16.851
-6.5842
-8.3736
-16.343
8.6278
12.106
-18.31
-14.14
2.0414
11.509
11.895
4.2928
11.136
7.6227
11.859
2.3525
1.5544
6.9771
1.0466
0.021341
17.02
16.605
-25.851
-17.386
-38.799
7.88
-20.123
-37.519
-35.391
-19.699
2.1918
7.8557
30.248
24.13
15.705
14.591
16.137
6.883
31.604
32.034
8.4392
-44.398
-14.292
11.708
14.441
-0.71038
-1.2285
7.7978
0.56721
-18.614
-6.1771
-13.496
-10.337
0.95991
-12.463
-4.6994
-1.4764
18.29
14.789
4.3766
-16.162
3.0898
1.9758
2.2806
-6.4905
4.756
5.548
-11.688
-8.7912
-23.239
-0.86527
14.275
2.5359
-0.23266
0.18941
-35.776
-30.248
1.3282
35.55
53.906
13.062
-0.16694
1.73
4.7541
-14.279
-4.1632
27.507
5.0424
-16.334
-13.348
-3.127
9.3214
-14.498
-25.501
-28.641
-2.7453
-7.9991
26.238
36.837
38.545
42.826
-20.852
-31.589
-22.712
-0.44882
-3.2192
-2.5566
-1.4291
3.1642
0.76627
-1.6477
14.64
-8.37
20.078
-23.393
-2.2503
-11.845
-6.8093
-35.623
-1.0838
13.567
-4.0537
14.9
6.0301
16.335
16.944
1.8747
-0.84408
-44.241
-10.623
6.1543
-2.0492
10.047
9.3888
6.6493
-12.125
6.3162
22.571
6.9315
18.255
17.445
-2.8763
4.6212
-25.775
-14.648
4.7646
7.849
4.3968
3.0623
-4.7057
-2.8944
19.253
-2.0163
-4.4982
5.2379
0.37021
-14.631
-29.924
-37.692
-22.277
18.376
16.07
7.1489
-11.314
-7.7877
-18.24
-0.56731
16.448
1.9903
9.8492
-3.4852
10.322
2.2673
9.5148
4.6949
15.067
-0.99909
4.605
20.374
-4.0877
-46.843
-18.512
17.492
44.721
28.7
25.799
-13.664
-18.867
-7.1431
-11.38
-22.015
21.216
32.395
11.516
-29.886
-24.042
-8.5952
-25.666
-3.7732
-3.7463
4.2626
-0.35854
-1.5614
-1.194
7.0338
27.588
3.8438
-14.739
-42.754
-16.338
13.396
4.5784
-3.3458
13.561
3.322
7.6355
5.2232
15.824
11.62
-15.446
-13.076
-18.731
6.4287
20.699
18.075
-3.6067
-25.605
-14.537
-5.4067
13.371
36.162
57.616
41.377
-2.581
-24.978
-11.77
-8.7403
3.4958
12.223
-25.922
-26.631
-25.854
19.655
44.104
4.033
-36.237
-24.716
-10.272
-7.679
-13.714
-68.058
-50.266
-11.706
17.673
-1.244
16.108
37.298
30.587
19.278
8.77
4.7277
5.1885
0.30936
7.0657
2.4633
18.178
11.015
10.723
37.352
31.874
12.644
-32.143
20.85
25.159
-0.88372
-39.915
-46.311
-20.388
11.971
19.967
-9.8665
-14.725
-14.923
-11.678
