-52.823
0.065631
-46.334
-58.742
11.535
60.876
74.71
18.989
20.98
31.798
33.574
35.995
10.268
-7.6115
15.377
28.709
7.5361
-27.857
-65.571
-12.744
-21.778
-38.297
5.1854
8.7909
34.136
14.111
-18.391
-15.155
-15.353
-23.296
-8.6045
7.8236
3.9792
31.781
-2.0633
-6.0232
-23.501
-0.0074282
9.1964
15.699
17.856
-20.15
-20.454
-11.792
12.309
-9.8189
31.11
25.098
12.085
8.1913
-27.864
-19.977
1.3521
6.9531
11.996
20.447
13.304
21.411
13.271
-14.523
-57.61
-64.254
-11.964
-8.7583
30.634
-10.703
-17.997
16.367
24.667
54.383
19.661
9.4783
28.321
33.588
17.189
-17.001
-52.168
-45.539
-16.035
-9.8392
-28.284
-3.8577
10.676
14.182
-10.323
11.48
-2.3567
-2.0908
6.3446
33.14
-4.8014
4.1478
-14.947
-12.407
-8.1674
-4.5194
7.5505
-19.364
-8.9539
-4.5879
16.325
24.862
42.325
22.277
16.194
-14.02
-5.4361
-21.686
-33.506
-15.556
-28.419
-44.42
4.5567
39.154
56.723
38.283
-17.477
-0.16634
9.8811
23.52
2.9047
-7.0364
-18.18
-7.8852
-17.67
-17.084
22.635
-7.5148
14.821
2.0211
24.661
-1.161
-20.143
-25.912
-25.327
-39.122
-10.029
-6.4029
-20.809
-14.178
-21.179
3.8993
10.98
15.679
19.276
22.449
58.537
41.821
31.699
1.4651
3.8653
12.052
14.28
0.12739
9.5453
-6.0758
-28.316
-43.12
-3.3218
-11.409
-17.391
-41.787
4.3798
4.931
14.346
51.898
7.6999
-22.412
-35.608
-37.795
11.132
-3.9891
-37.678
-35.531
-8.1026
37.577
11.887
25.335
21.687
28.788
36.9
12.216
23.166
4.112
-11.666
-4.4308
-16.875
-14.718
2.3008
-23.596
-27.113
-0.55009
-0.96566
-1.353
-16.398
7.8839
-1.6356
20.157
17.881
-8.5923
-25.186
-10.845
7.6911
25.085
22.929
6.4047
6.1443
-8.9257
-55.178
-53.904
28.399
60.17
85.484
37.29
7.5816
-23.909
-8.9007
-41.849
3.3582
-24.068
-18.748
-25.973
-41.95
-26.381
-12.448
14.171
25.41
-4.8186
-9.5505
1.0206
-1.9451
-15.617
-20.853
2.5972
23.686
29.281
13.966
26.835
27.445
6.3538
17.666
-5.8664
14.645
2.046
4.7541
5.0056
31.152
2.0344
0.14794
-11.936
-9.4021
-18.794
-12.209
-20.678
-6.2512
-22.405
15.659
NaN
NaN
NaN
NaN
10.934
14.282
-17.543
7.5248
-26.136
-51.679
-28.122
-5.3107
0.74165
15.034
53.462
33.961
27.251
21.058
10.427
12.548
-9.6345
-25.293
-21.503
0.92448
45.483
51.744
12.321
8.5883
-19.981
-14.894
-21.801
26.447
16.747
14.607
-25.788
-44.759
-26.121
-19.056
-5.8347
3.9102
12.069
10.18
0.66838
-7.1205
-14.666
5.4142
6.043
-6.804
-34.455
