-52.456
54.41
21.344
36.959
65.831
25.84
10.095
25.635
21.689
-6.7797
-16.467
-54.196
44.918
1.3897
-21.019
-38.939
-72.494
19.029
3.9431
43.032
22.195
15.36
-67.609
-28.437
10.645
20.587
-35.919
-22.461
-30.99
31.702
-67.1
-48.608
-51.647
16.893
89.906
-11.158
20.887
2.3273
48.357
85.995
49.665
61.833
19.82
-67.297
-34.215
31.191
49.422
6.097
-65.999
-6.1661
-13.355
-41.064
-58.241
-0.25565
20.088
-18.538
-79.271
-35.691
18.148
27.599
9.5171
4.3672
37.885
55.556
37.73
22.888
-55.662
3.5209
3.3534
-5.1718
-2.6761
-11.878
15.609
-9.2339
-30.719
4.8161
1.9399
23.432
42.173
29.134
-22.255
-81.888
-18.472
44.38
22.604
-7.5428
-53.166
-33.25
38.094
66.192
38.296
6.11
-37.18
-49.247
-128.79
-6.9479
45.458
18.33
-11.992
4.9739
34.184
39.088
45.295
-3.2512
-11.714
24.136
49.26
25.325
-19.371
-2.4509
26.359
-14.656
-48.1
-36.943
7.8862
3.0953
-30.449
0.4759
24.782
-22.254
-50.859
-59.845
-43.05
16.756
53.461
36.422
59.363
-6.5986
-20.91
12.955
-22.867
-13.571
-35.964
11.828
11.705
-56.917
-24.057
31.424
74.773
31.824
26.982
27.73
17.691
20.079
10.262
-15.11
1.7915
45.978
16.772
-40.107
-66.386
8.1116
-0.20355
-47.374
-45.648
-14.334
4.1684
10.358
3.943
19.778
-36.079
-48.252
3.8609
-23.617
-42.333
-63.25
-10.944
57.858
58.155
86.718
65.844
56.479
7.4337
-31.377
-14.709
-9.2017
-19.959
13.149
22.634
50.692
-20.223
-34.708
-7.8998
-20.879
-9.0484
11.553
-3.0493
-41.521
-64.843
20.335
8.9389
40.756
-14.531
12.77
-6.0954
-4.5388
-54.82
-28.444
1.8335
12.591
43.432
40.744
63.358
0.082489
51.414
1.4239
40.357
12.327
-52.454
-88.385
-66.416
-37.855
-52.955
-7.3397
31.113
45.186
-13.509
-46.444
-44.13
26.967
14.82
22.559
47.484
52.471
34.099
8.5567
-12.959
11.179
39.652
56.469
37.93
9.934
20.22
9.2772
-63.7
-43.956
-25.023
-13.783
-9.3017
-77.432
-45.17
-23.148
-60.067
44.055
10.107
-40.953
-36.354
3.0231
70.116
80.062
NaN
NaN
NaN
NaN
NaN
