-58.359
19.641
32.984
14.562
-10.9
-12.987
5.2494
-15.095
-35.425
23.914
-31.593
-61.388
-7.7721
-25.182
-23.835
15.433
30.538
-24.854
48.651
20.494
-0.56098
41.286
79.461
25.625
-34.842
-75.074
-50.874
-23.091
-19.843
67.076
66.896
80.629
-2.2902
7.1084
0.67225
-96.992
-47.378
-25.969
-30.957
-39.861
-40.56
28.807
68.984
61.402
32.542
-37.025
12.709
74.808
40.446
-31.861
-31.176
22.024
12.459
-21.499
-67.739
-35.022
-2.543
-27.091
-27.015
15.432
47.661
39.283
-4.2761
15.965
-52.464
1.2864
-36.633
48.896
1.6723
-32.184
36.198
-8.3077
6.1848
10.632
5.4064
-58.414
-21.066
30.528
-10.23
-70.707
-6.9345
30.539
81.296
111.68
56.598
-44.866
-48.265
-30.074
-19.609
26.417
16.686
10.701
-14.649
19.196
-49.21
-67.078
-13.847
-1.1757
49.114
23.325
38.8
1.4683
-15.904
-7.655
27.987
-4.3056
-50.189
-7.7329
16.206
20.137
-32.555
-48.011
-17.215
-23.302
24.242
47.703
-75.295
-48.389
47.372
33.063
-31.748
-37.459
-9.9295
42.067
57.924
48.855
51.013
20.049
-8.2518
-0.082961
4.5514
37.295
-11.469
-11.515
-4.343
24.608
36.057
-2.0163
-5.3614
-15.694
-17.075
17.684
-15.361
-63.154
-26.881
-22.503
-84.154
-24.535
-23.239
-1.1047
0.60727
-41.788
-18.724
-5.8172
9.6772
-28.3
-0.66935
74.099
73.402
41.206
67.722
51.618
43.065
58.96
-27.126
-83.303
-61.266
7.0684
15.713
-11.924
27.689
71.006
31.712
0.22587
1.3133
-36.837
-51.463
-33.96
-67.614
-10.128
31.109
58.437
70.706
15.777
-32.638
-120.17
-79.171
-3.4124
-31.033
-61.974
-57.278
21.182
-9.9691
-1.687
45.352
62.63
84.37
115.1
84.873
29.882
-74.161
-19.039
17.276
-8.7546
-54.219
-71.681
-6.4206
-2.0002
43.756
-5.005
9.2811
65.398
38.603
-9.1419
-24.094
-44.337
-16.051
21.558
14.408
-11.543
-35.225
-54.312
3.0498
48.275
55.962
25.222
8.1558
-80.533
-67.361
-21.146
2.8527
-39.105
-24.226
29.14
26.016
17.376
-20.842
1.1853
32.129
2.5048
-29.714
-40.2
-4.5063
56.56
83.368
88.238
33.084
1.286
13.701
-31.368
NaN
NaN
NaN
NaN
NaN
