-27.403
-12.766
39.654
6.5856
8.0938
19.777
11.924
37.639
-2.4322
39.813
37.912
-17.279
-54.178
-48.032
-42.635
-69.541
43.576
13.928
52.916
3.8643
-50.989
8.2501
92.885
50.309
-21.92
-45.804
-44.952
-28.698
6.5975
34.834
46.194
45.993
-10.266
-10.118
-14.916
-83.259
-38.105
0.39982
25.937
-59.352
-45.754
32.775
11.426
63.062
78.117
5.2201
-35.577
30.602
70.345
4.8946
-22.244
7.4281
9.2684
-22.699
-95.254
-38.456
-5.1318
-45.42
-34.005
2.9521
42.193
74.705
73.621
43.127
-2.3008
-84.25
-25.952
20.282
-2.2918
-57.787
15.819
21.214
9.7827
18.882
-1.2904
-45.974
3.3535
28.553
-2.7639
-40.292
-50.561
18.562
41.622
42.158
39.399
31.502
-53.961
-45.786
-6.1279
22.949
17.677
15.91
-32.913
34.293
-3.5153
-51.461
-69.042
40.876
73.38
34.026
15.524
-30.428
-38.353
4.6725
49.854
-12.905
-35.41
14.205
-7.2473
-17.078
-33.198
12.265
-10.938
5.7855
1.7722
19.961
-13.326
-55.349
-46.92
10.732
1.4233
-18.578
8.3831
24.727
37.772
84.221
68.252
25.518
-20.985
-54
7.7799
9.7121
-2.5834
-45.903
1.3463
55.232
53.953
7.4561
-17.262
-55.308
-30.547
-12.262
-8.8569
-68.188
5.5325
43.635
-32.493
-33.867
-26.037
-3.5309
19.902
-2.32
-59.863
2.9792
35.256
-2.0732
-15.137
48.082
32.965
45.069
58.192
47.677
7.7488
21.64
12.054
-52.645
1.497
1.3005
-29.053
-21.773
-26.848
-17.136
9.6206
11.884
28.737
-51.549
-32.51
14.074
-32.202
-51.015
16.833
72.737
69.597
25.314
-57.749
-77.944
-55.337
34.804
37.961
-24.895
-51.359
35.493
-6.4827
-21.742
9.7229
1.8093
72.788
55.258
87.485
9.846
-31.175
-3.6703
-3.8217
26.701
-88.301
-38.595
-41.725
-40.217
62.744
35.82
4.0479
0.66454
13.007
38.324
4.5891
-59.85
-26.651
-13.357
13.911
-7.8562
-2.9655
-52.208
-21.562
-12.978
25.915
86.845
58.163
-35.536
-48.782
-15.83
8.9427
41.774
-4.6743
7.8189
6.8334
32.154
-33.084
-48.22
15.289
23.48
-13.565
-75.296
21.59
37.549
33.299
58.429
59.053
8.1276
4.3102
-69.14
NaN
NaN
NaN
NaN
NaN
