-50.706
18.039
-25.874
-4.4307
-6.6217
27.301
-50.364
-28.695
-10.154
6.8993
45.058
56.332
28.369
-36.309
17.037
0.10923
-29.631
-7.7523
-31.949
-26.818
-65.33
-12.026
10.931
-32.478
-19.395
-4.8172
38.589
97.291
103.39
41.399
42.959
40.164
-10.713
-19.382
-33.14
-28.918
-37.284
-32.524
-21.479
-20.007
-70.97
1.0522
-34.568
-17.145
43.396
18.727
-24.187
-15.028
21.99
58.241
22.648
-5.0519
-35.926
-46.127
-15.255
116.14
113.23
143.68
14.943
-68.942
-13.11
-27.415
-46.117
-87.197
-85.535
0.89409
-41.805
29.04
4.7379
-7.0129
-40.647
-30.711
7.9444
11.688
2.4219
-7.1873
-19.469
-9.1594
-15.721
51.682
102.91
22.765
0.94655
18.528
37.527
45.784
-15.795
-38.331
-11.435
19.189
-28.022
-13.108
7.3178
71.294
77.501
7.8383
-61.961
-21.909
35.058
-10.669
-51.295
-66.466
-27.388
-31.403
-10.477
5.5405
-49.443
-56.396
-26.029
-20.897
13.782
21.875
-8.4444
-1.9084
-3.0911
2.9434
8.6409
35.015
-18.007
18.037
77.791
109.97
85.351
59.601
36.209
25.523
26.589
-36.639
-80.205
-39.112
34.532
31.235
-78.778
-41.544
-22.344
22.469
-25.281
-98.057
4.032
27.629
-25.288
-91.238
-15.872
-34.31
-5.5995
25.599
-49.719
-6.5828
23.023
40.533
54.218
-42.973
-2.5599
-5.5607
103.35
102.58
38.827
-0.6153
32.402
23.616
8.6932
-34.079
-33.194
16.272
17.483
43.308
5.588
-58.716
-30.2
-8.5051
-30.49
-44.036
-58.87
-36.287
26.492
25.708
39.841
-22.347
-79.872
-23.087
-10.849
4.5761
25.017
-25.478
-23.714
11.503
80.445
127.33
106.46
13.275
-51.498
-53.111
-63.417
0.66529
13.215
-31.463
7.4977
7.8369
-1.6791
-36.17
-29.346
30.459
-24.056
-39.69
-5.7376
8.0644
31.694
58.304
6.9713
-21.125
4.7626
58.61
29.716
1.9632
-47.158
-40.751
27.038
44.367
18.84
-26.405
3.1872
-8.7001
-3.2594
-27.504
10.125
-6.4878
-21.141
-58.393
-29.773
-8.6823
15.249
-33.195
-4.3312
50.09
24.452
33.179
-36.515
-44.781
-24.716
-16.198
9.6577
43.662
74.971
52.606
69.646
-14.595
-21.05
-3.2618
21.74
-32.905
NaN
NaN
NaN
NaN
NaN
