-29.543
-30.857
-49.447
-2.8002
-5.1758
-34.853
0.42837
53.844
14.008
56.323
52.286
-15.669
0.85036
-21.363
-7.6819
-7.7052
-10.002
-20.305
18.495
13.953
-30.756
-52.545
28.832
28.957
6.1989
-34.435
-34.836
-45.936
-35.331
1.3946
5.4661
55.19
28.023
55.357
26.106
14.374
2.1628
-43.134
-39.347
-35.153
41.084
68.028
23.985
-23.506
-1.3887
14.202
28.57
56.076
11.981
-0.39647
-17.072
-45.822
-78.527
-50.68
-22.491
18.304
-5.5911
-50.129
-27.503
-13.854
22.407
40.703
35.072
31.712
10.546
-34.168
-61.677
12.975
-25.141
1.3299
46.3
42.797
24.034
4.7686
40.935
30.416
5.146
-1.6981
-6.282
-50.952
-32.342
30.871
50.568
38.231
-4.7044
-40.033
-37.676
-8.9497
26.741
3.7578
-56.903
-36.778
-14.919
21.331
-12.295
-35.149
-45.896
20.753
73.22
51.357
-12.391
-75.212
-3.2104
46.399
36.861
-24.084
-79.484
-38.803
25.017
35.33
3.4343
20.551
69.225
53.435
25.425
46.261
8.1125
-42.085
3.99
-11.604
-55.515
-33.084
-19.665
-25.474
4.7099
-1.5716
-1.8633
-27.448
8.4378
-3.5357
-0.88369
8.6756
-41.674
3.6569
1.9317
-0.88762
11.604
20.339
22.974
21.437
41.655
51.723
38.855
-24.097
-26.726
14.933
-9.7976
-42.817
-54.509
-11.085
17.487
-12.638
-20.481
-11.63
8.0592
-21.698
-13.963
-21.11
24.237
35.974
44.272
-25.748
-50.499
5.3852
29.512
3.3282
-25.496
-23.637
27.434
24.595
28.457
25.357
46.021
45.018
95.988
32.713
-57.872
-65.06
-15.508
-6.593
-10.6
-49.733
-4.0733
-50.324
-60.268
-39.325
-36.607
11.346
42.744
-8.7771
-40.214
21.284
12.384
-7.0324
-18.918
-11.159
64.363
58.93
28.71
0.88146
2.6231
40.072
16.8
76.88
25.523
-17.468
-3.4284
-23.782
-0.20199
-37.507
-49.149
-2.0834
-13.497
5.9925
-12.195
-26.083
-22.239
-41.044
-20.224
13.52
24.892
4.9313
20.086
42.475
16.037
-31.522
-25.255
-31.102
-11.301
-0.3507
38.474
21.19
-8.7017
-15.628
48.684
35.718
-14.175
-45.604
28.368
29.199
-4.2689
19.299
-7.2676
-25.073
-36.279
-12.527
-18.187
-25.735
41.297
65.312
NaN
NaN
NaN
NaN
NaN
