-111.01
13.289
47.199
97.656
65.827
11.953
60.333
75.629
-39.899
-121.32
-70.979
-87.568
0.51332
17.108
86.526
-67.273
-101.37
-36.364
-1.8298
19.809
6.094
14.628
30.261
-7.0343
14.559
32.572
66.878
75.949
118.55
-13.028
-60.888
-31.408
2.0491
-0.55221
-10.894
-18.321
2.1334
-21.885
-60.052
-18.828
-9.45
18.964
-45.446
-59.922
39.508
59.663
-33.747
-82.637
-50.35
14.997
68.098
55.082
28.476
10.163
32.276
42.752
43.057
33.372
34.82
-56.922
-46.128
-25.623
3.1422
4.4022
55.748
28.913
-29.951
-39.428
-51.824
-56.791
34.921
7.7501
1.5992
-7.1357
-20.272
-18.869
-11.971
42.977
11.578
-59.487
-11.94
-22.988
-42.293
3.6741
10.11
25.184
-16.853
7.1931
38.22
21.191
-10.885
-13.801
33.163
19.899
31.864
83.489
99.342
1.2423
-64.991
-29.962
39.624
44.278
-19.679
-7.9039
-55.866
-39.9
-2.0548
-29.454
-9.0076
16.886
15.428
-65.966
-63.299
2.7521
-20.775
-32.173
-21.088
13.911
50.99
38.35
-29.742
-28.086
33.128
58.455
1.2354
29.066
-5.6489
-32.868
-26.267
-1.6562
7.7072
12.636
-9.391
-4.8168
24.105
48.884
-2.1903
20.959
31.922
31.914
25.326
-47.237
-2.5523
-26.545
-5.5689
-13.871
6.3884
-13.992
-44.764
-48.074
31.33
61.808
23.14
-77.728
-48.341
7.3508
-17.432
-53.473
33.705
16.942
43.29
43.925
27.184
27.859
5.0752
-5.6744
23.375
7.255
-5.812
-46.968
-76.595
-10.529
-11.255
24.227
9.2528
-33.384
-41.539
31.556
-3.0209
47.421
30.637
27.225
-47.949
-32.36
26.448
37.163
-20.383
-21.959
23.002
30.771
26.418
-26.258
-9.6624
14.983
4.6058
11.601
-28.99
-12.433
0.62743
10.992
-31.929
-56.747
7.3916
-39.519
87.896
120.04
39.966
-51.473
-2.2159
-26.942
-45.576
-20.106
59.57
19.912
3.5533
-54.385
-25.231
-3.2722
-1.6342
-61.909
-41.425
-32.07
-8.9513
-44.241
-5.2024
44.884
34.721
-8.4709
15.579
40.424
60.958
12.506
61.901
24.102
4.9253
19.112
-24.915
-42.88
-6.2149
40.039
25.826
-2.1228
22.289
3.1991
-4.5131
-30.61
-55.855
-28.738
27.611
18.734
-25.34
-66.325
-13.952
2.0194
-7.3542
-76.239
-102.14
20.909
8.3279
8.0528
4.2287
-5.9443
66.534
81.924
129.34
96.611
56.481
72.372
1.1067
-88.588
-70.025
-69.621
-53.275
-65.992
-20.668
7.5955
45.763
7.8548
-16.078
-44.01
-49.432
-17.36
-5.3522
28.266
39.261
-7.8206
-58.36
7.5274
38.194
14.823
22.97
33.117
15.638
49.04
18.427
7.8065
36.17
57.308
19.03
-54.325
-44.701
-7.6172
-12.292
-23.515
-35.093
-0.37004
12.709
-25.973
4.799
32.895
-8.1235
-87.004
-10.7
16.72
27.645
26.541
-9.3628
-3.4625
-41.817
-18.475
41.487
-34.644
-60.161
-10.751
4.3181
12.006
-44.273
-5.8038
6.9152
52.356
77.307
104.76
41.902
16.601
67.378
32.594
-28.218
-51.908
-57.159
-38.868
18.798
-58.884
-71.254
-15.216
44.971
91.482
56.91
-31.171
-79.753
-7.2958
32.722
-10.472
-49.395
-65.27
-31.927
27.816
52.14
20.244
4.6563
9.6317
-57.073
-21.89
46.416
12.985
-21.139
5.0386
35.482
-5.7991
-24.996
13.947
21.85
19.638
-10.909
-2.8002
-5.3504
48.12
33.313
-25.538
-71.756
-6.4728
18.491
51.001
-43.63
-43.981
22.326
73.864
-49.419
-12.688
