6.5527
-1.7645
7.2431
-0.81227
4.2062
-9.2772
-23.397
-32.685
27.563
7.8769
33.597
28.554
30.679
44.618
44.428
-11.615
4.1579
33.799
60.969
23.893
6.2657
-14.303
-7.885
11.591
-63.572
-86.255
-9.1323
-12.604
20.669
-17.527
-35.889
-83.505
11.636
28.374
-24.469
-37.303
30.643
21.571
-29.33
26.203
-23.972
24.367
26.146
67.439
34.043
-11.619
0.49009
5.4999
-6.664
56.164
-39.16
-32.942
-25.388
12.393
39.98
17.9
-18.754
-58.219
-18.443
-19.472
11.685
-12.765
94.107
62.415
14.409
-34.531
-30.703
-2.5633
23.133
51.941
-43.644
-46.974
26.723
29.545
-25.409
-53.723
-76.946
-83.025
-26.669
10.417
39.163
-7.7402
-38.532
NaN
NaN
NaN
NaN
5.4997
-70.169
3.5732
1.3209
-44.022
-27.701
5.3577
56.67
66.147
59.372
-22.22
17.57
-1.3939
-1.6471
-51.671
2.7902
51.397
34.219
11.469
-16.943
-19.708
-29.642
-60.672
-27.412
-43.397
-41.947
-49.764
-31.254
-14.183
31.63
45.385
18.796
-3.651
21.65
13.955
10.623
14.695
6.4587
40.821
27.237
-19.694
0.60349
59.137
-5.9725
-0.68447
7.0339
-31.249
-25.035
-15.665
-23.678
7.5357
6.531
44.592
-12.261
-11.513
20.659
-25.602
36.401
-2.997
35.364
-3.1006
-76.377
-85.496
-42.3
13.23
38.142
15.161
-12.45
34.154
17.071
-18.386
6.5735
8.1799
27.383
18.591
-32.852
9.2652
38.357
26.77
15.829
-17.224
20.933
-39.645
-62.116
-20.787
19.996
-9.4801
-38.095
-40.954
14.707
-14.434
7.9801
41.06
60.121
14.5
3.2799
23.23
40.784
2.9062
-14.352
-2.1638
8.423
12.728
-41.678
-57.235
-16.613
5.2231
-13.583
15.854
-14.66
-37.924
0.43544
14.517
37.888
13.307
34.256
6.3644
-37.454
-46.458
-4.4945
-6.2828
11.246
42.773
24.21
1.0747
-11.187
-14.014
36.242
-8.735
-47.709
0.93701
2.2731
-14.17
-31.784
12.154
83.88
49.125
-56.133
-58.117
-48.334
64.45
33.742
23.478
8.8595
-27.124
4.1762
43.019
22.987
7.6962
-26.08
-64.732
-45.552
-58.27
36.569
40.249
-13.083
-36.356
34.412
10.937
-17.259
-25.977
32.856
-1.021
-32.719
33.821
35.424
25.494
21.669
-15.615
12.973
-4.0415
17.963
-11.782
-8.8348
-40.985
-0.87255
-17.119
20.437
-12.165
-40.034
1.8569
4.0944
8.163
32.301
1.5124
10.04
13.153
-4.7728
-9.0613
-25.332
-2.1534
-0.54711
40.652
29.867
3.3025
-44.396
-16.205
8.4676
1.9568
2.6357
-28.741
-13.711
0.39758
32.204
-7.5034
-12.234
-19.275
-15.973
26.5
66.427
18.134
-14.537
-14.547
11.406
-17.164
-14.049
18.138
-48.253
-18.539
6.5525
56.715
29.047
-21.067
-17.312
-33.329
-7.4571
37.297
-1.2339
-18.359
40.864
35.322
20.106
-15.166
-104.91
-61.49
21.376
13.745
26.036
15.362
-18.263
12.391
-22.777
49.905
-6.9978
-77.266
11.214
21.612
-3.0189
41.75
27.364
55.155
88.345
56.078
0.018926
-67.87
-23.76
-57.224
-18.101
-20.168
-40.565
3.2956
37.057
-51.216
-46.033
-28.857
