-40.757
-1.3907
-8.8381
44.649
86.644
24.7
-102.17
-56.917
-86.857
-64.638
-38.631
-36.127
-76.866
-28.185
-12.052
-3.9988
76.42
64.663
109.03
80.669
18.856
-58.932
-75.253
-3.0259
25.675
73.244
111.22
53.377
-17.201
-84.628
-62.899
-68.058
1.7932
16.544
-8.0616
-60.579
15.781
86.967
104.14
34.418
-7.3143
-32.849
35.723
80.204
5.7691
-18.302
-29.245
-21.975
-72.056
20.273
-16.247
-59.368
-51.26
-40.862
-9.5375
-2.4475
-37.432
-93.761
-32.61
-26.25
14.469
2.0939
25.064
40.494
73.765
13.675
-19.643
-31.571
-38.397
38.094
52.653
70.88
59.954
80.441
66.226
6.7363
48.295
86.643
70.275
16.01
-58.06
-52.394
-59.743
NaN
NaN
NaN
NaN
1.0178
-127.93
-66.289
-72.462
-146.36
-79.702
42.044
66.623
15.155
-21.761
-4.3368
37.653
41.593
52.282
27.509
24.513
50.739
70.639
24.348
10.52
37.031
42.795
-11.181
-24.663
-11.332
-3.4147
-45.867
-48.502
-9.1198
33.937
-13.674
-29.007
-17.9
19.793
-14.976
-1.171
6.0202
38.653
71.186
-24.625
-29.88
2.7092
11.108
1.3015
-54.81
-60.352
-69.628
-13.813
4.1103
12.58
67.16
60.584
54.302
5.6887
-23.033
-13.784
6.3018
2.3116
0.65775
44.886
13.168
-59.283
-88.895
-60.543
-30.415
-14.201
-47.751
15.288
84.953
87.4
-27.238
2.6959
36.867
2.081
5.6825
14.244
-5.4159
7.845
64.358
45.547
-29.779
-23.269
9.521
14.982
26.595
19.672
-0.42748
-64.7
-68.058
-10.277
-4.9454
10.083
-6.6637
-11.886
8.6313
-49.537
-31.788
31.793
11.925
5.8419
-38.078
-28.442
-16.984
-25.694
39.101
-14.714
-4.2631
44.356
53.774
-1.2035
-13.117
17.751
24.808
42.512
65.921
4.9891
-9.3961
-33.897
-51.125
-22.729
3.0682
38.705
-5.8763
-36.065
4.5095
3.7146
-50.162
-8.4801
0.50848
31.083
34.971
-2.57
-67.823
-22.271
42.288
60.862
45.051
29.959
13.855
-17.221
32.119
33.116
-4.2126
-18.705
-47.847
-12.399
14.874
-38.637
-64.411
-46.159
-111.23
-159.72
-39.691
-28.651
25.3
10.159
56.532
84.685
87.634
54.968
20.9
43.953
36.104
52.13
43.209
91.847
56.752
78.034
83.414
1.904
-57.567
-108.09
-39.76
-86.415
-95.876
-110.22
-45.007
22.963
-13.227
-26.173
-56.46
-12.637
-4.4306
-6.7955
21.022
74.885
6.7749
-21.408
46.201
23.593
16.577
22.177
34.371
30.654
-2.0238
-2.5002
-21.872
11.078
42.256
-4.4054
-17.614
-66.29
-20.409
33.277
-23.398
-7.3903
-4.1989
4.8474
20.673
19.953
9.4404
-34.102
1.9428
18.482
-1.6848
48.779
0.87718
-84.043
-10.027
61.314
54.694
19.852
-41.138
-42.8
4.5455
-41.836
-19.971
-8.8895
74.269
91.679
28.644
-22.262
-57.182
-30.538
-26.485
28.284
8.6622
-29.121
-79.628
-65.096
-22.036
2.9592
26.454
-27.704
-86.222
-7.9742
25.453
5.733
13.439
55.52
77.999
154.5
82.332
-3.1466
8.4427
8.5587
2.9709
-30.9
-44.091
-23.056
-43.546
-2.5543
68.586
10.345
-15.716
