-71.04
6.8264
77.508
15.038
-3.1263
16.841
6.8124
23.965
-8.1063
-60.088
-8.3731
-28.705
18.876
22.074
-17.478
-18.581
-30.029
14.351
21.688
35.821
32.436
23.123
-37.457
-37.183
-4.61
11.472
31.604
12.71
-21.636
40.609
44.485
3.557
-33.151
-42.054
-20.032
-2.3485
-11.446
-38.854
-6.718
-3.3217
-8.1848
58.848
-10.349
-22.407
40.14
-9.2589
2.6555
40.689
19.127
-1.4592
18.524
-6.9442
-6.1053
-3.9104
-21.781
-5.4957
17.485
4.8068
-45.277
-37.431
-13.267
-6.8955
-13.572
-16.111
28.456
-15.993
38.413
35.927
30.818
23.653
-9.6186
15.624
-29.33
25.504
-12.341
2.5669
-32.121
-32.353
23.048
15.972
-6.9359
-58.245
-17.405
1.1733
-8.517
-56.663
14.445
16.468
-17.577
21.612
41.802
47.055
21.506
43.396
21.718
13.997
1.5522
8.2529
-4.6771
-18.956
-24.549
5.4319
-7.273
6.8969
17.602
37.602
-10.486
-63.641
-39.757
-37.498
-10.074
1.6149
-13.975
33.137
-61.965
-25.233
68.654
26.418
10.88
-13.477
-54.766
-9.1313
9.9757
-2.0404
-28.03
-11.879
11.232
33.103
-10.381
2.773
-3.3277
42.523
19.264
45.437
41.042
-12.649
15.49
-19.558
2.0109
34.961
33.443
14.535
19.579
24.398
-27.648
-71.967
-43.904
-29.589
-6.7494
-44.503
-24.287
14.409
20.009
8.0202
13.504
32.172
22.96
1.6913
-51.761
-28.8
6.4861
-25.854
5.4324
-17.553
-0.065101
44.341
20.824
-35.839
-55.645
-27.387
-44.393
-7.5998
72.485
24.895
51.122
28.487
5.8415
32.711
-40.497
-38.327
28.455
41.762
11.483
64.268
-18.529
-1.295
12.939
52.367
-6.353
-29.074
-30.093
8.3444
-0.87735
-65.586
-36.337
-35.538
-20.598
6.581
2.8374
23.733
-25.937
17.915
-3.325
9.7224
30.653
10.74
28.044
1.2604
-49.243
-113.17
-46.36
19.14
54.733
1.2697
0.23499
9.3723
59.68
38.772
41.057
-2.7733
-31.119
-11.72
-20.025
43.062
35.571
42.34
-39.825
-15.026
-45.688
-29.588
9.3265
53.729
24.545
-58.254
-18.961
-23.889
8.2557
24.476
16.881
-28.329
-37.714
-4.7494
-21.441
7.0064
52.135
58.07
-8.5991
-26.319
-20.726
73.914
36.407
-30.856
-53.841
-11.149
-0.34013
-31.398
17.641
3.616
10.907
20.489
-9.0539
1.5769
-16.751
-39.904
2.5515
23.126
54.171
-4.3389
-34.769
8.7403
-23.49
-24.219
-59.721
-13.813
19.599
14.146
7.7824
-26.519
12.487
53.595
33.718
5.7542
-3.9086
20.805
50.163
-4.634
-5.071
-36.632
-11.383
25.798
-10.277
16.372
-6.5599
41.025
34.886
8.7495
-38.589
-43.193
-62.525
10.631
14.091
11.41
-21.935
-1.5164
11.315
-16.681
-9.5008
-13.006
13.432
-24.095
-45.243
-5.5103
8.2168
38.968
-5.3543
30.25
11.42
-24.246
-33.032
8.9975
-17.344
14.877
6.9877
50.732
-24.511
-23.698
-14.44
27.175
61.085
63.61
9.2844
8.128
-54.614
-47.283
2.4112
38.554
26.882
-6.5227
-2.7781
4.5013
27.49
-8.0318
-18.128
-24.611
-2.6117
-19.191
-15.261
-23.475
18.016
-36.177
-18.333
40.986
50.881
-28.597
-16.629
22.438
-18.905
-20.377
-50.276
16.507
-35.728
27.58
-18.705
-18.957
-9.1551
26.884
40.633
16.366
-29.66
-30.849
58.483
18.471
7.3029
-2.6449
23.811
43.657
72.621
21.238
-40.535
-57.155
8.2235
32.853
25.775
30.044
-66.362
-62.907
-11.504
-25.117
-36.628
-4.7749
10.668
8.8709
-20.003
0.43269
70.781
-33.013
