2.0834
9.9859
41.793
7.4128
-13.29
-18.186
17.014
-8.4852
42.314
29.212
38.57
23.845
8.1736
26.88
56.934
27.031
17.736
-7.1293
-7.4951
21.909
25.653
-35.732
-51.558
-76.518
-55.908
-44.559
-6.0911
-23.079
-69.886
4.9201
16.852
13.52
57.665
9.4518
-6.4545
-26.812
8.8619
-59.553
-10.047
51.278
9.535
45.215
-9.8662
-2.8844
-6.7095
18.188
53.914
35.297
18.778
-38.455
-4.1693
16.354
-20.598
-12.93
-18.963
11.387
17.519
41.198
18.239
11.63
15.859
30.68
-7.2297
-7.1323
-14.373
-44.637
-24.32
-23.097
-18.861
24.927
35.206
-58.87
-96.61
-25.805
14.777
0.76785
-13.154
-11.702
11.832
12.694
40.444
-1.4246
29.392
8.9047
20.455
-21.529
-15.693
9.1354
-17.862
23.863
9.8806
34.477
36.111
0.026705
8.0542
-4.8756
-11.755
-26.189
-6.0664
30.857
-15.567
-24.198
-21.601
21.074
40.925
21.684
-25.002
-6.1416
-45.342
33.886
-6.4277
6.26
30.901
25.369
5.4466
-43.433
-23.537
-4.7358
4.8407
12.611
-42.193
0.47422
-0.69453
13.514
26.84
-6.8541
10.962
-24.242
-51.564
-55.363
-60.791
10.079
31.235
-32.558
0.7052
56.316
70.898
32.812
12.812
18.426
-24.846
11.636
-21.611
-30.857
-15.738
-4.7756
29.064
-2.4514
30.811
-3.691
44.943
19.374
2.4172
19.488
6.4091
4.0379
-11.811
7.9261
-1.4453
-14.077
-9.5318
1.4713
15.777
-19.181
-3.8659
-46.163
14.475
-28.325
-4.5553
-22.982
-35.576
-51.328
-15.902
-4.6863
13.737
14.475
12.011
-12.502
-29.254
4.6081
2.7093
-3.0168
40.872
24.869
11.656
-22.407
18.175
4.6958
66.206
35.075
4.0166
-22.916
-3.2462
5.3993
62.233
21.867
10.645
-19.782
-11.766
-83.006
1.9706
42.35
12.271
20.904
-30.347
-20.915
2.7083
22.365
4.5595
-50.504
8.2778
-30.506
-9.9109
-14.033
41.332
19.161
18.118
-53.908
-69.484
-42.87
-67.944
-28.714
13.015
27.918
32.768
24.963
56.537
-10.383
-17.265
9.0231
11.722
55.322
26.325
-21.796
-7.4851
14.053
3.8273
-16.78
34.036
28.653
32.653
-8.5162
34.231
21.71
-1.7083
18.718
-64.72
-31.01
-1.0798
13.457
33.772
2.1808
-45.078
-37.009
-3.492
-7.561
-64.419
-32.241
14.088
-21.738
20.627
-16.321
-52.841
-18.511
15.089
36.975
65.578
30.263
28.651
-17.151
2.235
-60.919
-45.946
29.93
39.489
38.637
12.945
-24.912
-13.813
51.419
13.16
7.835
-13.66
-15.56
33.95
55.89
22.059
-15.52
31.405
-63.076
-89.43
-41.629
-30.218
-14.813
-1.6753
-15.253
-27.934
47.84
43.271
73.158
34.702
35.109
27.279
-25.369
-22.78
-39.699
-37.457
-36.495
-23.577
5.9136
-0.8883
37.19
20.108
-23.189
-56.863
-24.035
54.934
43.185
18.932
-26.795
-35.605
-20.838
44.082
27.776
9.7007
-3.2397
-53.092
15.423
27.303
15.336
-1.4915
20.614
30.75
-34.597
7.8203
-33.862
-27.508
-19.762
13.396
41.848
-20.542
-28.53
-5.8278
61.282
65.792
8.9681
-34.139
-12.771
-10.075
4.8598
-45.38
2.6164
-17.757
4.0402
-32.382
-38.324
-18.75
41.152
-38.349
19.24
50.382
34.18
54.246
-2.3987
-22.659
-61.806
-39.863
-3.5013
17.207
24.453
24.362
13.225
3.6893
7.4521
-1.6587
24.592
-3.0645
9.7023
14.34
16.719
4.7579
-7.8593
-1.3064
-24.118
-60.106
18.946
48.592
42.477
-35.339
-68.786
-54.992
-49.968
-26.616
-1.8124
42.338
-33.746
