-123.26
1.0115
79.76
120.94
57.081
-42.323
-78.713
-84.063
-64.317
29.363
12.104
-147.51
-151.81
-149.64
-128.72
-70.426
-26.274
110
117.76
112.9
59.233
172.33
NaN
NaN
NaN
NaN
NaN
NaN
NaN
NaN
NaN
NaN
NaN
-16.62
71.359
65.547
-41.402
-7.3338
115.74
108.51
-65.542
-76.708
-21.628
0.88056
-0.49336
-94.477
-65.915
-10.068
-11.751
5.0998
25.378
14.202
14.556
-22.646
59.852
83.431
46.552
-9.3954
-112.27
-10.898
53.004
50.533
33.859
-59.467
-9.217
16.965
-75.097
-96.018
-91.405
-16.545
14.911
-31.584
55.162
115.45
106.22
1.6096
-95.653
7.6564
82.225
33.48
-84.826
-68.102
58.227
109.44
-34.363
-10.124
27.034
-43.41
-92.558
-28.25
47.775
73.177
108.52
25.019
-7.9127
-25.196
-61.924
-67.056
-23.391
-18.037
-9.0213
24.71
59.718
50.783
-9.0577
4.3685
-32.45
-3.2897
4.0498
52.165
62.827
-13.71
-105.05
-55.281
-49.927
-24.729
30.683
-9.0246
-116.33
-136.18
-38.891
2.1106
92.244
77.602
-61.85
-50.867
42.315
90.061
79.946
0.92165
7.3191
80.8
97.153
79.12
108.44
46.041
45.248
72.62
13.142
-98.769
-68.916
-62.836
-32.025
-34.715
-23.726
-85.84
-114.1
-20.316
-33.108
-56.095
-42.779
12.318
39.654
7.6537
-7.7394
-55.612
5.0566
49.979
65.885
-15.879
-28.852
-30.718
-16.777
1.7949
39.297
18.144
7.7669
21.256
55.653
180.77
83.766
-114.25
-41.476
56.446
72.357
61.071
8.5189
-35.813
-153.07
-70.268
-89.526
-50.135
9.3295
23.883
-20.164
48.105
130.56
72.936
-41.857
-103.86
-62.168
24.485
73.624
-3.0931
-3.6545
26.574
76.332
-53.113
-70.857
4.7571
14.769
57.955
-80.06
-35.362
-25.702
37.88
55.535
-23.546
-70.263
-15.324
7.0682
26.461
16.933
33.149
-17.591
-30.607
9.2775
-13.341
-103.38
-74.843
-33.636
36.731
84.981
49.505
-32.223
0.5525
52.451
124.91
62.003
16.91
-48.465
41.197
14.782
-69.762
-69.917
53.42
185.52
215.89
47.707
-83.482
-122.79
-71.584
-68.139
-20.508
-89.091
-185.54
-160.22
-45.933
25.464
43.263
99.467
78.476
-59.963
-54.734
51.298
126.93
124.11
-32.624
-140.26
12.96
89.613
7.3696
-148.24
-86.557
-28.401
-12
-51.377
26.895
93.086
37.4
5.3847
71.713
103.79
137.09
102.26
63.211
31.26
-13.641
-8.855
31.206
2.134
-89.651
-121.63
-73.989
-106.3
-57.356
-51.244
41.864
81.788
59.163
-41.09
-33.839
-3.6493
28.486
-76.598
-134.06
-8.7083
40.537
-11.268
-53.33
3.7239
52.151
17.694
-49.908
18.79
87.272
54.759
5.0378
-45.48
-71.915
19.782
56.586
31.688
-11.231
10.217
0.92351
65.847
83.462
5.9016
62.953
104.81
34.306
-92.214
-43.152
6.4851
36.94
-52.379
-27.457
