-15.877
-10.047
-27.666
4.5111
-10.66
-72.225
-16.966
-10.686
11.341
14.726
27.025
42.884
27.081
-27.21
-20.804
-5.4056
12.944
38.499
21.682
-42.961
-83.05
-15.735
18.745
65.614
-18.103
-35.725
17.583
64.511
39.722
-31.529
-14.034
15.53
-34.458
-28.831
-23.237
-21.742
-9.5726
11.456
41.563
96.194
30.994
-26.422
-55.622
-15.641
34.29
61.833
25.962
-9.5258
1.9087
-12.726
-41.233
-59.191
-54.533
-31.244
9.283
23.601
69.113
39.083
-76.604
-25.009
46.79
3.2338
-66.517
-65.564
-24.768
-2.0748
32.263
68.209
59.606
-7.5444
-50.934
21.954
8.1722
-26.544
-30.658
18.317
53.599
61.94
39.32
10.205
8.4211
-0.29232
-14.766
20.196
-19.35
12.755
16.405
-18.416
-45.784
4.991
11.924
-19.741
-12.448
-44.647
-60.171
-38.469
-13.724
-36.596
-31.967
22.343
70.415
84.783
16.027
-26.638
-56.059
-52.173
-35.426
-6.5292
13.86
52.359
28.828
18.913
26.904
90.279
96.057
19.073
-89.577
-63.155
22.746
60.99
49.156
-29.631
-53.994
15.879
35.287
4.2577
NaN
NaN
NaN
NaN
NaN
45.658
13.84
70.575
54.587
-19.798
-66.545
-18.416
-10.065
-10.776
-23.817
-23.167
-3.293
-9.0436
-23.881
-32.425
13.236
62.617
54.828
-12.466
-34.7
10.005
47.661
59.21
42.276
13.998
-10.22
-25.982
-37.509
-26.491
-41.884
-8.1042
34.816
78.78
73.967
-3.4929
-70.962
-25.221
6.6966
-14.895
2.4929
-27.908
-41.492
-30.551
5.5406
38.319
49.963
-9.1844
-88.78
3.4115
41.696
10.161
-25.629
-44.149
-25.837
-13.307
-21.694
-13.673
14.374
61.926
74.889
42.203
9.6524
29.997
24.939
3.7998
-20.574
-50.695
14.85
30.696
3.6153
-54.051
-37.939
-20.16
2.6784
20.936
12.692
-17.322
-35.85
-30.135
-3.148
-17.748
15.281
55.307
38.199
51.188
61.971
-30.757
-47.948
-8.1109
-28.903
11.589
-1.1302
7.9412
-21.917
-15.541
-29.558
4.5827
54.395
19.832
-77.211
-81.788
-29.665
-32.806
40.204
70.878
21.157
-9.8892
10.257
18.048
37.937
51.425
30.21
-24.357
-9.5329
18.417
-17.024
-31.195
-19.558
9.2555
3.1885
10.882
13.535
8.9238
15.706
