0.6514
63.892
67.103
20.949
17.917
81.218
74.975
15.706
1.5439
-81.174
14.852
56.71
30.825
-68.657
-26.617
-36.836
2.1055
10.903
-96.504
-69.281
3.4394
36.32
-97.834
-26.402
3.0255
6.8529
-40.176
-43.033
-47.891
-23.414
6.0944
55.42
-1.0172
49.98
45.371
86.69
83.637
55.065
63.263
34.339
-41.765
-109.77
-65.496
-40.235
7.4572
14.348
26.085
-18.514
47.736
106.38
64.507
-77.664
-20.055
80.336
27.509
-9.1288
-39.698
-40.872
-43.824
-0.6035
-90.932
-88.569
5.0793
-42.185
-29.263
50.505
29.746
-53.755
-47.099
-3.1789
110.31
80.377
-57.983
-71.723
9.7803
95.699
27.216
3.768
43.731
46.402
-42.372
-56.485
14.304
22.919
57.222
62.082
27.185
-83.561
-96.338
15.585
30.441
-25.782
-122.33
-31.481
58.742
52.327
-57.012
12.831
17.681
16.89
73.866
71.274
85.457
11.361
-65.905
-46.449
28.485
74.802
-21.744
-167.54
-107.99
10.215
30.301
-84.216
-59.526
33.38
-5.9522
-62.517
-59.288
63.076
122.63
95.877
78.2
42.185
4.5165
-59.251
-78.6
30.223
54.946
103.04
61.541
-59.483
-108.09
-65.997
43.647
49.519
-7.13
-39.762
-48.079
10.026
1.5575
34.621
26.028
12.298
-51.834
-57.593
-20.526
15.058
-25.427
-34.058
44.398
82.581
-22.965
-115.77
-95.578
58.137
18.137
-3.2868
-17.854
74.086
101.16
90.483
-30.617
-42.294
103.05
-33.478
-27.427
38.557
24.521
-40.377
22.146
39.533
-8.8876
-48.071
-16.959
-4.4081
18.785
-8.559
-104.18
-41.589
-50.454
-15.171
-6.2144
-30.302
-76.108
-63.377
-52.717
-10.301
51.986
130.44
100.99
64.484
23.219
26.473
77.747
22.069
-3.3462
-88.876
23.591
86.038
1.5319
23.291
-21.557
-12.001
24.836
17.826
-50.811
-52.803
65.875
4.9681
-78.666
-64.551
16.21
18.817
-46.299
-118.04
-30.039
6.8947
-135.91
-20.227
-41.334
-47.343
48.476
85.613
99.015
123.96
85.771
-9.616
8.4583
39.39
-63.209
-25.607
92.463
59.277
-67.301
-35.334
-41.48
-13.533
17.634
19.663
39.925
27.012
-16.847
6.8612
-4.8231
-54.976
43.007
25.126
-7.6071
-10.286
-99.399
-51.241
11.191
18.915
-51.603
22.72
36.67
37.055
-64.152
5.5309
12.72
19.338
-51.199
-14.36
58.719
33.861
-13.195
-106.46
-23.993
85.129
13.985
-97.512
-45.801
23.274
-3.4199
24.42
57.885
41.216
-8.485
-11.845
38.368
45.914
61.915
123.5
109.54
-0.68377
-91.137
-86.501
-63.509
22.516
37.235
24.274
-76.707
-136.41
-113.42
-57.519
31.584
89.798
70.91
91.436
-42.39
-37.377
-17.96
52.906
-16.566
5.4734
-22.688
-24.659
-94.934
-22.663
9.0824
17.589
-15.305
38.917
76.471
101.94
-95.023
-119.16
-1.4309
51.335
-48.373
9.9287
