-19.362
-24.664
19.248
102.92
66.018
-22.746
-15.206
-94.686
-172.8
-124.3
-38.826
-70.766
-28.504
-89.816
-95.957
-25.812
18.24
76.077
68.638
128.98
161.15
98.875
NaN
NaN
NaN
NaN
NaN
NaN
NaN
NaN
NaN
NaN
NaN
-33.65
15.922
7.176
-42.63
-44.479
49.874
35.751
17.807
-10.727
77.367
3.6436
-47.466
-71.302
-63.005
-18.732
-71.747
-28.066
48.094
54.814
32.98
-67.422
-100.32
-38.463
10.658
22.564
75.591
79.507
32.591
63.154
92.313
21.246
-23.047
-32.322
32.825
-8.5685
-66.221
23.829
27.221
-57.883
-103.5
-61.745
19.877
-73.82
-109.9
-23.236
66.359
151.54
56.312
-28.542
12.272
26.187
83.448
85.996
103.49
12.384
-51.91
-98.318
-47.306
-28.997
50.561
10.33
-65.125
-77.351
-60.068
16.173
20.564
-21.142
-7.1374
31.553
68.251
52.202
18.151
-35.753
-0.22825
-24.137
-54.816
-30.522
20.762
-8.7273
42.212
-39.722
-80.79
-74.773
14.115
43.938
24.039
-117.42
-97.144
6.8984
68.455
138.65
164.63
80.534
-30.605
-4.0956
20.878
28.331
42.909
30.443
100.01
12.484
-105.85
-49.366
2.4081
16.056
11.796
19.864
-4.9236
-72.237
-55.757
-59.178
-94.32
-72.612
-2.6919
-15.324
-119.5
-24.916
30.475
38.678
45.76
15.787
-24.737
-48.618
-16.034
91.364
104.63
27.69
-39.87
12.563
117.61
61.496
-98.319
-95.012
31.49
52.703
47.855
145.19
21.587
-46.819
-30.522
-13.988
48.571
65.655
50.205
21.856
-113.58
-96.712
-83.172
-80.848
-128.15
-72.193
15.485
21.733
98.064
84.463
57.476
5.3737
-16.521
-34.378
12.312
1.4862
7.5456
52.107
26.526
-13.06
-113.37
-73.405
-7.6784
2.9881
30.375
-8.692
-45.742
-39.095
27.189
40.269
41.057
68.885
42.527
140
9.2998
-13.33
-8.5916
-10.006
47.042
-28.618
-59.995
-111.7
-66.38
40.633
58.11
52.41
-38.587
-112.56
-3.2458
52.459
8.9615
-118
-111.07
39.613
71.089
80.552
81.911
29.269
60.836
100.61
54.205
-30.002
-78.76
-84.158
8.5453
-13.683
23.12
-14.317
-112.9
-117.35
-29.11
3.9439
68.05
60.213
-158.77
-85.043
-9.4251
135.5
117.25
60.323
-76.83
-19.62
37.801
7.2965
41.875
36.949
13.089
15.235
-55.559
-13.501
77.021
-58.159
-5.8705
44.971
27.225
13.67
19.37
3.7277
24.162
-23.32
-31.432
1.4104
49.808
-5.8865
-24.178
-60.892
-117.16
-12.762
23.801
74.133
19.376
43.947
-36.429
-148.87
-143.41
-68.7
45.63
45.064
45.614
46.815
46.46
-36.776
4.6923
26.086
65.359
42.005
84.269
-9.2608
-34.978
13.463
33.24
-25.023
-47.834
-47.131
-67.233
-17.08
27.744
29.067
58.424
70.951
-50.273
-54.429
42.041
49.684
47.597
44.303
-32.034
-45.749
-27.099
64.883
