-10.292
-7.1624
41.736
108.39
65.984
-45.923
-23.132
69.728
114.82
22.633
71.653
-21.82
53.92
83.551
59.006
-20.551
54.536
60.295
-15.444
-30.653
-34.667
-84.946
-139.57
-29.941
-36.678
-17.467
-82.954
-26.528
-35.043
-11.909
-14.985
-71.84
-59.066
-6.3204
22.863
37.714
47.371
-29.992
48.025
69.192
55.557
-0.94746
-13.563
5.9114
49.851
-43.779
44.692
57.019
64.286
90.568
63.458
-5.6235
16.19
7.9929
-4.6133
-29.676
-18.142
-83.1
-11.197
-0.17256
-56.658
-73.74
-76.309
-47.993
20.882
2.4595
22.131
11.455
-38.482
-6.0793
0.46102
60.388
32.158
20.954
-67.016
-40.584
-14.843
-42.367
19.689
26.578
-44.244
27.524
37.732
58.204
57.709
19.718
62.883
11.501
-50.876
-8.0559
55.287
9.2552
-85.645
-39.59
0.41438
42.272
-54.897
25.817
24.267
55.112
-3.5728
-8.5297
36.085
39.234
23.162
-20.715
-37.677
20.933
-35.45
-59.253
-82.239
-64.258
-35.628
18.618
-42.504
45.733
-28.509
-45.592
17.434
35.073
57.717
30.527
70.224
-8.4065
-20.842
-97.889
31.602
61.408
-0.95217
-23.977
28.593
26.836
-17.676
-1.8949
22.717
38.824
2.3976
23.12
54.226
34.738
-54.859
-13.937
-33.791
-27.966
-8.7826
35.723
-5.0515
-6.9086
-7.4507
-29.057
78.308
28.798
-19.758
-27.446
-46.697
-21.227
-26.276
-47.949
-33.083
26.672
-61.583
-56.201
-70.142
3.4205
-61.037
-58.957
63.06
103.62
66.282
68.451
57.113
91.325
67.006
6.494
60.629
119.89
35.577
-43.116
-41.528
-56.438
-84.237
-60.177
-1.4313
50.056
-5.3546
-143.07
-158.38
-14.339
-9.7678
-2.2162
46.64
62.974
16.506
37.577
62.894
-31.429
-70.062
-42.812
105.03
67.221
-32.939
-29.771
-18.392
64.595
46.345
-15.232
-60.204
-25.702
35.451
34.454
16.804
-29.678
-62.553
-57.425
-9.2609
56.439
-26.491
15.258
27.538
-15.304
37.087
60.102
39.655
-41.634
-14.714
-32.713
-28.228
19.49
57.875
27.397
3.5312
-22.833
-34.648
-54.964
-15.932
46.177
7.2428
-47.169
-14.2
12.589
45.788
33.205
28.069
0.16411
-86.848
-52.472
-1.0616
-66.864
11.109
-16.392
-5.1772
-38.509
39.731
96.237
5.8654
7.3383
-14.89
107.14
54.527
23.433
-21.225
21.049
2.0579
-41.491
6.6422
-39.079
-34.09
34.053
-0.41868
60.448
-28.263
-51.785
-20.206
-29.573
-13.143
33.214
1.2025
-93.398
-15.542
5.0894
4.1738
-82.447
-22.989
-35.169
-2.3653
2.6615
8.686
58.286
76.698
114.14
100.63
56.099
-16.999
-24.749
-78.179
-86.59
-15.759
59.756
21.805
43.68
19.656
7.1399
20.814
-53.895
-48.536
54.219
-1.1334
42.088
-28.329
19.078
-22.397
-77.458
-58.486
40.245
55.907
-2.8471
-119.93
-138.09
-62.439
30.904
-0.36857
-60.6
