50.219
50.216
-11.473
32.37
36.43
84.756
49.903
63.192
25.96
-1.7233
31.666
45.974
0.65157
10.51
-19.566
15.839
53.052
73.066
-74.865
-61.187
-107.58
-38.529
11.22
-40.9
-98.3
-110.03
-24.627
-8.0952
-60.535
-59.583
65.001
65.601
77.803
22.519
43.789
12.756
9.636
-5.7311
57.848
62.019
-32.939
-27.288
7.2297
32.445
46.871
47.879
28.205
-61.674
50.264
70.369
42.595
-46.48
-157.81
-117.93
6.7031
25.28
-94.577
26.943
99.849
-17.757
-3.0454
-46.911
-117.7
5.3708
15.331
-24.81
-56.753
-14.433
91.812
105.48
37.096
73.172
43.445
99.388
4.1736
76.094
-13.543
-32.961
-99.812
-41.988
-36.078
-175.62
-4.121
12.722
79.109
42.676
-13.916
-24.964
-34.218
-32.184
-24.839
-76.624
64.348
12.157
76.331
28.164
-38.776
-19.907
63.352
78.008
46.023
-19.114
35.511
31.086
NaN
NaN
NaN
NaN
NaN
-90.347
-7.7505
60.961
56.299
74.699
-15.057
-65.791
41.598
35.52
-44.913
-11.639
27.07
78.367
100.65
99.924
3.8225
-78.091
NaN
NaN
NaN
NaN
-52.93
-105.91
-48.889
23.633
9.569
-78.659
-46.441
30.074
47.064
97.014
41.528
-4.0256
11.627
-12.275
32.635
31.786
22.341
18.355
55.489
-10.885
-3.5504
53.393
34.485
-42.819
-3.2198
44.34
43.312
NaN
NaN
NaN
NaN
NaN
NaN
-36.9
-72.346
77.062
93.311
-6.6366
-63.175
23.067
-8.9412
-45.638
15.059
-31.624
26.841
40.505
-56.507
-53.721
-5.601
81.022
108.82
-1.6908
45.23
51.987
-36.096
-0.14314
-15.138
-34.254
-5.7495
31.375
72.593
85.907
-63.75
-97.608
-52.006
-47.054
-9.9804
55.048
-3.7077
-70.053
10.244
50.056
9.044
25.325
-11.527
17.67
-5.096
6.3869
-47.039
-23.537
59.801
12.164
-19.955
-94.929
-32.088
-22.978
-38.262
42.419
20.068
31.297
-34.54
21.286
42.585
132.59
120.88
71.315
-3.0869
-13.66
51.308
-66.559
-167.31
-97.406
-36.271
-6.0718
-66.025
-23.252
57.901
83.396
34.673
-41.121
-112.58
-16.297
-39.893
11.535
6.1249
34.687
71.557
65.604
39.623
77.797
28.089
64.006
-6.3443
-54.245
-34.482
-49.319
-13.032
16.962
-34.429
-29.696
38.728
31.333
-9.6898
-144.54
-68.104
-51.442
18.114
36.9
62.004
60.108
78.079
64.298
16.4
51.22
-100.92
-66.913
-19.165
-5.4115
-43.229
-80.081
43.448
10.368
10.638
54.168
17.261
41.209
23.063
20.664
-84.944
-145.14
-13.516
36.465
52.163
13.459
-55.791
-6.911
55.195
92.841
57.538
34.24
4.6159
-0.73382
10.155
-55.969
-23.595
43.636
76.396
16.835
-33.663
-33.944
-2.9471
-73.144
-80.556
-17.856
-0.65676
-30.817
-25.171
-46.219
11.618
-66.187
29.185
3.4713
-21.037
-71.266
