-67.081
28.495
18.766
-33
-16.253
-22.924
25.926
-7.6335
-34.715
-42.871
-2.7914
45.95
84.85
-30.288
-122.06
-66.395
35.63
26.28
-13.016
-25.399
26.894
101.52
-7.0972
-55.831
11.241
11.014
-36.785
-3.1211
1.1642
-18.158
-60.012
8.7847
45.16
61.055
63.114
50.496
-27.884
27.816
45.037
-8.1935
-74.09
-64.321
-41.058
-2.1265
11.275
-7.8662
-12.472
-45.31
34.256
55.321
64.213
-34.934
-15.453
31.439
29.358
11.143
-3.4253
11.055
-19.282
-33.244
-23.653
20.041
-43.315
-51.235
39.943
21.745
2.3731
-29.098
-28.339
-15.378
14.121
49.155
-13.223
-70.222
-28.067
83.504
55.585
-32.055
4.3126
5.905
-35.109
-19.73
-6.9616
-7.1847
21.857
40.159
68.294
-15.682
-64.51
10.222
56.02
20.677
-12.072
-55.469
20.078
69.976
-37.27
-27.846
-11.246
17.569
15.913
70.518
74.836
-6.1116
-68.086
-28.18
16.94
37.863
-8.1467
-108.02
-98.953
-46.379
21.794
-20.635
-87.031
-28.294
11.602
-29.17
-82.549
24.261
85.071
75.671
3.9215
32.429
109.98
128.13
33.738
10.393
16.034
75.092
69.209
-45.496
-134.31
-89.042
-22.03
-8.2683
16.237
-16.085
-39.536
-31.42
13.752
10.981
52.344
56.268
-7.8
-49.727
-73.453
-5.0034
28.357
-41.559
-32.584
30.544
37.269
-47.81
-90.305
21.365
45.326
20.51
-48.387
28.445
37.511
30.215
19.292
-22.685
77.319
44.598
-4.2609
-65.912
-52.664
-2.5924
59.372
18.237
-82.896
-10.826
55.367
53.475
51.188
41.779
-57.313
-43.157
-45.514
18.242
72.013
-38.349
-105.89
-41.229
-11.813
-18.402
-6.5733
85.327
80.558
82.32
-36.836
-39.882
18.429
33.627
-26.892
-123.74
-54.953
26.617
15.913
8.8596
-11.459
18.591
32.303
-6.5934
-9.2206
-36.326
7.5755
-6.2052
-11.052
-10.779
41.212
9.9469
17.967
9.7458
15.868
85.872
34.029
-52.031
-60.594
-29.214
6.5504
9.9492
42.684
81.362
84.798
-40.769
-74.725
-21.1
-61.959
-70.318
44.22
70.953
-37.264
-96.128
-59.389
-35.691
0.16418
23.035
51.097
66.417
-8.9755
28.539
-23.978
-24.303
53.726
19.621
10.934
67.198
20.576
-19.916
-46.916
4.54
-23.303
-23.769
3.4834
22.675
-30.572
3.8845
-38.854
30.304
18.643
15.318
-0.93785
-25.488
-12.326
-61.783
-31.318
77.831
70.479
-71.077
-67.894
9.4023
-12.427
-15.975
72.308
64.459
-15.954
-79.196
15.401
41.116
59.764
103.1
79.828
3.48
-89.113
-58.659
-39.248
0.76743
35.326
32.899
-54.553
-102.41
-85.468
-56.873
31.346
21.275
56.291
35.091
20.807
-4.1198
17.788
58.178
33.366
-38.843
-60.893
-63.07
-53.218
-0.57875
22.019
6.1338
33.215
4.8159
67.109
84
-12.028
-72.712
2.5504
51.951
53.441
13.906
