8.3233
-20.852
-20.516
13.216
21.043
56.192
41.055
11.952
-57.84
-23.839
-21.867
2.434
-6.7946
-15.658
-32.353
-20.13
-5.8312
-4.5443
-30.275
-9.6559
5.8933
44.87
51.143
9.7429
17.97
17.354
48.194
40.591
46.605
31.562
-47.718
-73.587
-4.514
5.8525
-43.654
-70.162
-22.493
-3.5084
-6.3815
-27.475
-22.389
-5.4573
31.639
49.482
-2.8653
4.8731
8.7716
-11.268
19.585
-6.7044
-18.807
11.968
24.216
33.418
-21.631
-8.671
26.528
59.535
2.9062
2.4214
22.083
-10.874
-0.9375
-2.9839
-42.076
-17.077
-18.255
-2.5307
-5.3735
-5.2685
-6.304
-18.083
-30.245
-18.902
-5.6515
72.069
14.818
-52.529
-11.898
-21.627
28.216
10.885
68.423
13.934
-53.073
-36.891
29.94
-0.0021852
-15.546
-13.839
55.463
37.044
-28.934
-85.871
-14.269
35.789
53.782
32.493
16.991
5.7016
2.6818
-10.521
2.9477
27.219
NaN
NaN
NaN
NaN
NaN
46.698
41.587
-39.244
-19.042
4.4961
-70.026
-83.151
-14.747
-2.2537
17.426
-20.723
15.899
58.715
33.673
16.487
23.629
48.078
NaN
NaN
NaN
NaN
-7.3302
-43.655
-22.959
21.088
15.127
-10.983
-48.019
-14.845
5.462
36.702
-13.61
0.21158
50.188
19.456
-2.8764
-0.07532
39.263
15.506
-1.7901
0.61323
-19.607
7.1174
-25.102
-47.657
-52.252
-31.915
17.322
NaN
NaN
NaN
NaN
NaN
NaN
80.519
40.348
18.178
-21.775
3.686
-5.3041
-45.152
32.604
69.504
6.9
-50.58
-49.603
-0.6445
16.295
42.33
60.057
38.913
-20.413
-63.792
-4.7814
29.893
-11.582
12.607
2.3835
-39.404
17.267
24.651
5.5127
-7.6739
5.5263
-17.287
-76.561
-75.274
-4.2925
42.115
22.382
-13.931
16.474
19.363
11.53
9.318
9.6889
4.593
3.4485
-31.183
-56.102
-26.996
18.791
9.8102
16.1
85.454
89.171
19.211
-23.917
-9.2395
20.603
5.5181
7.5142
-27.298
-15.591
-55.668
-51.803
-27.332
-48.979
-45.18
-27.551
-19.763
26.678
94.517
118.75
59.008
-54.324
-80.192
-30.044
-11.114
21.917
31.502
20.738
-5.0498
24.872
8.8052
47.405
50.775
-17.718
-78.663
-31.449
2.3466
20.292
-22.083
-38.947
10.712
2.7136
-32.044
5.1832
5.1435
12.353
-16.412
2.9726
15.392
23.335
-5.9067
-0.43529
-11.715
-33.853
-31.164
-17.003
22.543
38.824
50.649
11.592
54.105
39.067
-14.03
-6.797
-20.694
1.5709
-60.355
-11.301
28.669
-19.952
-15.994
4.3822
22.758
-15.09
-49.927
-4.7831
-40.079
9.2893
-26.835
19.357
60.705
72.654
-27.716
-63.152
21.376
33.361
-5.6457
-66.546
8.4986
11.108
9.9173
15.925
20.343
49.568
35.864
41.544
-7.8502
-40.634
-56.33
2.8708
-47.592
-35.235
-12.647
16.514
4.6957
25.145
-36.524
-1.1656
4.4732
15.829
33.832
