58.202
6.3728
-30.462
-81.101
-6.4668
43.607
-83.569
43.783
84.524
20.713
96.439
86.771
28.1
-84.406
-120.49
-90.242
19.24
41.914
17.861
-33.325
-73.229
21.405
112.67
96.542
-67.404
-83.535
57.264
117.92
0.0055413
-69.792
-39.365
12.151
-17.505
81.381
-29.682
-111.33
-88.519
62.993
129.98
84.592
-39.159
-71.614
-6.8088
-8.281
70.494
154.72
33.404
-36.314
6.4778
-36.032
-133.99
-107
-94.469
-50.427
66.98
101.76
62.486
-55.429
-86.519
19.944
123.23
9.8407
-134.09
-138.22
-84.283
-36.951
68.216
211.37
105.86
-78.181
-53.276
64.703
37.551
-96.149
-133.94
-1.2072
93.122
171
132.46
148.46
66.082
53.888
82.466
-49.425
-134.27
-72.935
18.071
-70.007
-86.518
-24.593
-101.21
-145.79
-42.663
-57.42
-49.585
37.401
98.556
-4.0613
-105.74
-27.798
63.128
87.181
58.911
13.621
-36.975
-89.781
-41.985
46.492
83.41
13.89
-56.229
-9.437
59.222
142.7
192.37
106.28
-19.766
-103.99
-3.5717
94.523
58.496
-64.536
-98.823
-31.071
20.649
-56.72
NaN
NaN
NaN
NaN
NaN
9.4902
23.2
96.925
21.172
-163.81
-149.9
2.3991
47.117
18.966
-56.548
-63.157
-15.555
-23.704
-13.044
-99.397
4.6586
121.49
127.23
22.504
60.687
142.72
147.55
76.741
-38.943
-10.036
-9.5584
-69.128
-4.2849
21.266
-112.8
-50.841
106.9
161.51
36.788
-115
-102.93
1.4913
-78.212
-46.963
28.021
-45.713
-140.78
-85.84
82.524
111.97
104.25
19.051
-123.96
-37.324
55.444
-12.521
-51.088
-113.44
-117.45
11.565
51.967
-2.971
38.209
62.143
73.549
43.214
51.319
60.467
23.465
20.488
63.278
41.697
78.388
137.67
20.641
-170.08
-169.42
-57.297
6.9428
94.798
56.8
-66.032
-95.846
-76.713
-89.718
-40.329
51.612
17.63
-4.1533
62.146
30.412
-24.299
13.641
-28.071
-110.64
-75.95
30.805
91.758
38.102
37.031
50.145
118.17
81.933
-92.23
-144.91
-91.355
-117.37
-148.46
166.87
152.18
29.458
43.13
101.32
41.864
20.881
44.657
-26.223
-134.09
-15.982
32.194
-35.667
-7.0939
36.993
87.009
84.687
-19.348
-175.72
-116.84
-22.954
