-0.68518
67.537
45.542
-19.582
-30.351
45.635
63.617
17.984
-29.827
-54.26
48.124
30.503
19.626
47.392
34.515
17.119
37.803
38.462
52.156
-32.255
-54.514
-224.76
NaN
NaN
NaN
NaN
NaN
NaN
NaN
NaN
NaN
NaN
NaN
-1.5662
92.115
105.86
73.501
39.355
128.2
159.11
106.67
-3.6935
-3.292
-58.31
-6.0607
-51.147
-69.889
-88.548
-58.591
-18.916
-32.531
5.7782
14.47
7.1592
-33.166
7.7054
42.634
65.395
5.9207
-151.32
-164.25
-37.895
2.9031
-47.76
-66.686
43.853
115.84
88.873
-41.63
-13.698
19.264
66.161
66.933
85.221
85.521
35.381
-35.277
-74.733
-27.922
74.426
53.882
-6.1157
-13.683
-11.937
-29.912
-103.55
-43.713
-40.014
-67.599
-19.237
32.652
40.477
63.711
16.076
-41.658
-73.858
-12.628
82.091
108.05
60.789
-15.926
-55.409
-24.807
20.951
38.403
20.654
-35.861
36.071
-5.0136
21.86
10.752
-19.509
-63.948
-168.52
-91.028
-4.943
3.0218
-74.159
-53.614
14.276
50.927
55.77
83.13
106.09
80.801
47.252
21.087
36.399
29.173
-30.182
-79.258
-30.198
18.741
-10.842
33.964
38.365
36.171
-36.34
-87.558
-85.617
-40.312
-29.131
42.962
54.319
18.786
-2.7426
-50.057
20.378
-10.232
-8.0634
15.658
58.293
-21.39
-68.113
-13.839
-5.9641
30.347
105.01
116.24
25.083
-68.656
-72.776
10.692
75.277
-35.188
-86.825
-29.67
3.7986
-117.05
-79.571
10.915
-14.519
33.051
91.252
101.18
-34.534
-27.25
-1.5872
-46.158
23.591
-17.089
-103.7
-44.333
34.446
48.396
76.987
118.63
76.25
22.475
21.734
33.67
21.876
-7.7408
-13.368
17.393
20.686
-20.626
-4.1481
-43.496
-63.261
-26.066
50.041
57.472
-67.7
-63.87
-18.003
-17.442
-75.333
-59.583
-26.14
-14.015
-46.706
-67.884
-67.528
5.457
68.166
11.093
-142.7
-42.014
46.497
11.307
28.226
54.767
106.51
119.06
152.17
149.61
111.44
18.743
-2.9126
-54.244
16.803
20.598
2.3366
-20.25
69.436
64.01
20.532
-91.784
-126.34
-45.999
-62.773
-141.13
-137.16
-74.119
-58.895
-75.551
12.131
50.424
14.946
7.5781
28.458
-11.053
-21.114
4.4872
44.778
77.591
40.414
-80.486
13.93
88.272
73.259
-18.826
-49.189
-6.2537
63.537
44.367
8.2433
-106.59
-6.0222
68.396
83.905
86.37
30.344
-4.1825
50.705
54.107
-43.853
-92.417
-9.4463
46.761
6.1154
-4.2693
-31.595
-72.757
-83.896
-95.382
31.779
32.086
-34.436
-100.15
-46.888
12.109
53.051
84.614
-14.59
-74.154
-72.332
-7.9919
-13.656
1.1019
-4.724
23.203
-1.4257
57.977
48.979
3.1121
52.456
91.966
54.794
21.838
8.3603
-17.508
-36.316
17.38
71.332
34.805
-10.378
-16.49
34.69
3.1125
-5.2086
-50.16
-104.17
-55.589
-66.318
-59.303
-61.502
