-22.815
31.553
-13.958
-46.572
-66.827
-59.489
57.88
19.534
-10.814
18.407
11.256
-41.032
-6.6625
32.832
6.8706
30.363
35.429
4.5247
16.08
-43.231
-26.95
28.889
24.506
29.519
16.971
-6.5466
6.5033
-70.282
-52.237
-6.7075
10.313
-6.3773
37.734
-48.373
51.041
29.039
-9.6203
30.504
38.794
15.109
-19.401
-9.1111
-6.8598
-33.878
12.808
-26.18
-5.7302
43.951
-41.187
33.314
-37.706
-6.1082
48.575
-7.611
-79.537
-6.3282
-38.452
44.415
-19.422
-18.656
85.261
43.157
-83.567
-20.229
2.5748
52.609
-18.006
-18.231
68.504
-2.3516
-4.5905
0.85342
-31.782
-9.7555
-45.09
5.8949
50.171
35.957
-18.23
31.848
58.922
-46.428
-33.396
30.787
23.725
2.5547
19.848
-18.526
-8.6955
-35.275
24.909
-44.368
-20.75
-0.34589
-39.579
-16.516
19.967
-2.6568
-18.609
27.209
-33.038
-10.033
16.827
-38.471
-0.99505
59.372
46.484
6.1494
-19.342
35.711
-13.789
-16.561
16.182
-8.5242
4.0456
53.889
-46.991
21.004
22.9
0.13916
-4.9799
-80.498
7.2085
13.755
-1.794
-5.4394
34.144
65.993
19.013
-4.8119
-15.204
-11.235
-81.401
-9.4628
6.5098
-4.9643
41.109
-13.545
-56.197
-22.127
24.775
-21.919
-59.444
0.21464
10.817
27.882
26.985
40.041
39.865
17.012
-4.0673
-12.704
NaN
NaN
NaN
NaN
4.0721
31.702
39.645
45.32
39.589
-21.28
-51.754
-29.614
-69.357
-37.224
-24.771
-42.939
-26.155
36.582
70.151
23.934
-0.21216
36.028
14.269
28.75
-4.6719
17.615
29.579
19.814
-6.3518
-34.097
-85.49
-23.927
23.739
-19.313
-22.837
-16.485
5.2519
-9.6554
54.649
18.107
-52.39
-61.209
-6.1906
15.53
12.708
42.389
38.942
-13.747
-10.524
10.062
52.168
5.6157
-41.059
17.922
-16.29
-25.776
16.545
45.859
57.687
-12.717
-9.817
37.321
20.451
-0.25866
-15.42
-50.631
0.39053
-26.832
-23.181
-31.894
5.9883
26.385
19.311
-42.605
-36.95
-58.799
0.73276
-48.067
-34.652
13.936
15.16
-7.4865
38.959
76.741
35.536
29.609
-0.20534
-20.84
23.979
-11.215
8.6864
44.919
32.846
28.9
13.957
9.7496
5.0858
-52.24
-6.7884
-40.61
-37.22
-1.8909
28.875
