NaN
NaN
NaN
NaN
NaN
NaN
-17.774
-15.239
-19.06
-50.803
-23.611
3.9197
31.142
0.73231
-17.786
-36.861
11.694
-2.9819
1.9843
15.315
37.764
30.621
33.968
-8.5267
-15.405
33.742
1.2794
-57.359
-63.072
-40.127
NaN
NaN
NaN
NaN
NaN
NaN
54.759
13.72
21.187
24.593
23.577
5.9035
28.836
-40.734
17.014
-8.8268
-25.494
-85.648
-49.071
9.1621
7.9965
-8.1238
11.193
19.698
-12.903
-8.0126
30.156
27.447
20.762
-31.204
-56.404
-9.9199
-14.478
-37.336
-29.468
9.8821
-0.67759
-31.595
-14.928
NaN
NaN
NaN
NaN
NaN
25.336
19.134
71.667
50.443
5.902
-4.9592
-1.5198
-29.659
-25.049
-6.5648
21.715
52.338
33.858
-17.83
-60.333
-9.357
2.4196
38.529
32.016
32.724
NaN
NaN
NaN
NaN
NaN
NaN
-10.672
-13.17
-5.7524
-14.429
17.769
-21.925
4.6308
7.6242
-2.2521
-7.2546
-3.9498
-10.939
6.0196
-35.063
-27.426
-15.394
10.642
-24.243
-18.863
-16.346
-16.462
-12.397
-39.045
NaN
NaN
NaN
NaN
70.471
54.176
72.718
54.846
5.3677
-2.298
28.699
-39.699
-18.236
38.372
46.512
47.729
-14.524
-57.304
-63.775
-12.859
-28.274
-77.598
-66.256
-47.338
-52.028
NaN
NaN
NaN
NaN
-0.35314
-7.3794
46.622
48.292
-18.368
-7.3692
16.531
15.837
21.321
17.933
4.9924
26.761
-0.4322
-44.714
-18.025
-82.412
8.1234
58.044
18.697
29.495
2.7488
-19.58
2.7036
-20.066
-16.205
29.28
27.971
24.764
57.982
9.848
-5.3857
-0.133
29.998
17.153
-8.2866
-3.5515
23.962
49.81
-15.491
-53.869
-22.241
12.623
-33.435
-61.836
-63.922
-54.866
-22.073
-14.749
-18.427
18.231
32.133
-3.4365
-26.832
21.605
3.3812
-28.705
-7.8832
42.334
29.5
-6.2204
-60.3
-44.562
-5.6015
42.954
54.336
44.063
25.181
20.824
40.041
53.23
65.717
51.095
NaN
NaN
NaN
NaN
NaN
-5.5711
27.401
-2.3636
-7.807
-34.945
-50.651
21.136
30.486
-31.034
-41.578
-19.284
7.0973
-13.769
-43.381
-34.181
28.981
-3.794
-42.332
-39.154
14.994
-1.2031
-7.5108
17.8
28.24
-9.2527
2.348
30.345
-2.5499
25.316
12.802
27.186
11.477
13.402
0.95245
-20.524
0.63407
18.149
-19.423
-8.2327
57.849
19.201
-17.75
1.3909
4.3572
47.433
27.711
50.68
NaN
NaN
NaN
NaN
-22.172
25.682
-21.501
-33.641
-26.282
-2.2053
-12.602
-25.901
-8.8875
10.727
-24.979
-80.225
-16.676
23.324
-55.646
-47.761
-15.47
26.915
30.899
1.5225
10.661
19.102
34.931
35.856
44.594
54.752
-15.018
-30.979
13.31
16.319
13.65
22.602
34.784
47.194
52.657
7.3615
-36.375
-29.61
-10.228
-8.6497
-25.953
16.677
