-40.083
41.302
11.684
-7.5133
-28.245
-27.73
11.445
15.164
-4.9331
-8.6272
35.506
35.431
-0.3482
-6.4974
-23.32
-37.822
-14.923
7.0612
21.188
61.878
53.425
3.8428
-5.4777
-22.331
-60.679
-35.867
-33.897
-20.059
-18.017
19.983
46.939
24.518
13.01
5.6935
4.3063
1.6615
-21.6
-17.106
-8.0022
-18.053
-63.82
-7.2981
42.259
-10.056
-11.082
31.766
36.122
16.611
23.088
9.334
2.6837
8.6161
19.595
35.909
52.288
-30.143
-37.44
-20.6
-24.049
NaN
NaN
NaN
NaN
NaN
NaN
NaN
-15.545
-0.8558
28.335
12.265
42.529
2.9445
-33.129
-3.1267
-1.9875
37.804
18.571
-14.02
-14.987
-19.81
1.4304
-5.4608
4.9964
19.826
46.445
36.244
16.361
13.515
-21.993
-30.218
-17.442
-3.9677
-9.0221
-20.551
7.3275
18.588
8.3306
-14.219
-2.2536
-0.57134
-0.30974
-23.117
-26.851
-9.1925
-2.6381
-30.587
-27.153
17.749
-5.7071
-11.429
3.5913
19.299
34.504
17.729
-28.008
-36.985
4.0838
NaN
NaN
NaN
NaN
7.9037
45.174
-5.4522
24.559
35.201
-32.208
-19.991
19.355
18.895
21.779
14.848
-35.231
-5.4942
-52.126
-94.423
-69.555
-30.898
4.6307
13.214
9.944
17.766
16.208
11.24
-17.336
-9.2058
2.1364
NaN
NaN
NaN
NaN
22.96
4.7346
17.868
22.851
19.188
-18.792
-8.1315
44.011
13.289
-15.039
7.1269
19.747
22.938
-11.481
-45.984
-34.013
8.4752
58.232
6.734
49.872
48.254
-13.47
-1.8671
6.465
-7.2007
-22.67
-48.367
-33.234
-47.803
-54.596
-46.983
-46.772
14.491
53.748
-13.82
-19.319
6.4121
1.3824
-23.432
9.0112
23.72
15.059
28.928
28.414
31.098
23.717
25.776
25.163
22.313
18.647
11.419
-8.614
-16.983
-20.934
-20.946
2.5915
28.895
14.711
-36.378
-27.552
-4.5295
2.1548
-6.005
-19.509
-10.733
6.2056
-6.9715
-22.541
-65.685
2.3061
15.939
-32.984
-0.60997
7.578
38.747
19.3
33.074
45.004
20.462
52.817
47.1
-8.7488
-41.241
-61.356
-58.719
-30.017
-41.015
-54.977
-37.381
15.853
23.222
47.411
33.449
11.331
38.099
25.117
28.47
43.916
29.567
34.246
11.163
-12.683
-28.308
-19.667
1.5214
-24.639
-53.618
-60.125
-46.605
-23.023
21.655
50.805
1.4188
-11.813
13.943
-20.972
-32.987
1.0907
5.362
12.28
20.669
29.654
19.143
2.126
-13.922
8.5245
25.281
12.651
0.018365
1.5054
-24.474
15.767
18.143
-20.643
-3.5382
40.171
NaN
NaN
NaN
NaN
NaN
NaN
NaN
NaN
NaN
NaN
NaN
-12.645
8.2101
-10.627
37.087
48.523
36.397
41.055
27.725
28.185
-14.413
-26.532
3.658
8.5572
19.766
-4.3104
4.7537
-27.634
-28.55
-2.003
-9.1683
-17.508
-19.582
-51.756
-50.312
-30.852
15.706
19.601
25.813
10.007
47.17
33.268
