-37.909
64.371
81.57
-43.298
-19.837
4.224
-5.6564
NaN
NaN
NaN
NaN
NaN
-36.033
-61.029
-21.866
-8.6285
-24.219
-26.522
19.373
7.3559
1.0519
13.634
16.544
56.194
4.9132
-4.2091
-1.6882
19.371
21.415
31.085
-10.858
34.294
49.441
43.162
22.568
-3.4377
-33.269
-10.648
-12.016
-9.4712
-1.1976
-17.967
-24.7
-28.125
-45.98
-29.949
-14.895
-21.164
-11.025
-1.7349
-20.713
-9.6509
24.044
15.08
-6.4204
13.323
20.851
19.783
31.874
23.05
35.674
-4.3779
10.822
16.239
-7.4975
1.7603
-24.214
-19.433
-6.3951
36.692
-14.725
-51.552
-19.449
-43.32
-33.607
10.001
0.55101
24.98
33.238
26.259
45.042
30.81
-6.5172
-41.865
-4.623
18.948
34.185
0.4112
-2.1999
21.145
-0.011434
-38.598
-32.284
3.2215
-7.5529
-9.3849
14.309
-4.4043
-4.3166
-13.218
6.0596
8.8835
-28.888
-21.973
-11.284
-8.3364
-4.2117
4.7524
-39.205
13.105
29.708
25.488
-24.811
5.5526
14.02
25.51
12.403
35.717
15.22
-21.358
-12.952
-11.239
18.144
-2.4278
4.182
20.836
8.4998
39.561
37.177
28.497
33.985
8.3467
-16.044
-76.254
-94.78
-33.038
-40.722
-59.377
-9.1952
-17.653
-30.961
NaN
NaN
NaN
NaN
NaN
38.768
124.47
64.596
3.5002
4.0777
5.4348
14.18
8.9345
-7.8922
-17.439
28.33
14.588
45.67
4.8054
-58.433
-44.366
-3.2774
-14.436
-26.35
-9.7337
-6.3674
-0.68195
-16.04
-17.699
-8.6951
-1.1414
-19.979
-27.065
-16.008
-13.993
7.6718
16.633
35.585
14.412
1.2032
4.6761
16.342
10.3
9.4651
20.903
44.836
30.994
27.732
0.1783
-41.29
5.1141
44.406
-4.2917
28.632
68.123
-24.73
-52.757
-53.412
-76.919
-78.645
-7.9087
13.958
-10.443
-38.262
-60.37
-13.253
23.776
21.148
25.245
36.517
14.556
39.483
-0.38275
0.1816
30.419
NaN
NaN
NaN
NaN
NaN
NaN
18.433
-2.1562
32.956
-4.6359
14.058
-7.4719
-4.9103
-23.382
-29.752
-9.8872
18.015
5.1987
6.032
4.9633
41.09
22.693
-24.476
-8.1785
-44.951
-19.105
-22.46
-12.176
-30.096
-13.077
2.4225
NaN
NaN
NaN
NaN
NaN
NaN
-21.176
-17.855
12.585
39.96
38.714
25.485
57.706
32.395
45.3
9.0454
-23.555
11.273
0.43758
4.676
39.38
13.451
28.121
7.1904
-10.231
-33.167
-32.345
-36.614
-1.5651
-1.9919
NaN
NaN
NaN
NaN
NaN
-50.361
-20.723
-21.096
10.039
20.896
30.062
-38.667
-67.725
-21.508
-23.031
-8.2056
13.946
18.171
65.534
11.542
21.765
24.181
8.765
18.779
44.429
30.235
27.629
24.784
88.659
-1.5192
-26.169
-27.333
31.184
39.293
-49.896
-80.912
-26.344
2.5821
-13.35
2.7621
1.2444
-33.504
-28.996
-53.375
-19.317
-47.169
-23.591
56.463
22.885
1.0826
-21.153
NaN
NaN
NaN
NaN
22.954
43.468
-0.49409
17.473
14.313
-8.1799
33.71
-5.5993
-13.871
NaN
NaN
NaN
NaN
NaN
NaN
57.377
7.5336
15.644
5.439
21.51
6.8974
-15.474
NaN
NaN
NaN
