-36.169
17.326
4.0473
48.331
17.508
-8.8562
-24.742
-10.245
11.518
-7.9885
18.183
33.055
34.494
17.521
-10.009
0.93651
5.1744
-13.446
14.715
-17.091
2.7485
-22.387
-18.557
-19.949
28.057
32.162
-25.055
10.331
-7.6018
3.7811
-7.0028
-44.86
-20.231
-19.323
5.1401
-7.612
-5.1107
-24.561
8.7394
21.083
40.286
25.71
-17.357
-61.914
-21.469
1.0398
-4.6939
49.863
26.104
29.42
31.352
3.9137
10.056
28.668
30.66
35.626
-11.025
-18.141
1.9819
-57.585
-41.335
5.3752
-36.592
-13.234
-13.587
9.7255
2.0099
-27.811
-12.511
4.4309
0.73481
26.317
7.9081
34.249
38.622
-10.532
-30.987
-15.467
-27.238
-36.237
3.2764
12.124
5.1574
10.777
37.148
25.03
18.211
-23.277
-0.60084
29.693
-15.18
-17.166
14.64
25.247
12.326
-7.4822
-17.557
-7.2013
-31.683
-41.079
-25.717
2.2902
46.799
18.089
-8.0728
5.1052
19.673
-3.298
-25.31
-25.284
-5.6547
11.282
5.9773
21.527
20.71
47.373
33.614
20.318
-18.443
-39.886
-53.914
-23.965
-44.823
7.7177
28.896
-7.8405
-15.189
5.4265
16.38
15.591
17.341
-7.1112
-30.391
-41.787
4.9836
14.693
21.646
44.612
40.69
15.668
-16.132
-26.939
-36.139
-14.644
-2.4059
12.462
-5.2545
15.607
-11.535
8.937
28.388
45.222
NaN
NaN
NaN
NaN
-9.9856
-13.864
-26.66
-50.838
-8.6456
42.023
-31.322
-23.684
-13.041
-6.7848
11.602
30.025
28.054
-17.215
30.171
9.2797
25.214
-12.134
-28.794
-2.0335
-9.5649
-3.2178
-29.698
-3.7755
-6.1221
2.2569
18.308
-27.495
-16.246
55.626
44.21
41.332
8.6166
-6.6519
3.7326
-21.911
-23.392
16.165
9.6407
0.69739
-5.1098
-43.253
8.119
19.11
0.026637
-7.4027
-7.4006
46.581
-4.3042
-33.168
-14.736
17.042
4.8985
-11.046
-20.776
-30.517
-42.476
-47.524
-30.132
-2.7113
2.9436
-0.35302
0.12756
33.723
19.376
34.793
12.963
26.655
47.128
36.529
30.287
27.58
52.341
50.89
16.312
-19.942
-35.238
-29.399
-50.818
-40.921
-61.706
-71.129
-51.559
-1.6858
8.0179
13.837
42.067
6.4863
-3.9721
33.805
22.345
26.318
-2.3607
-18.814
8.1918
-21.97
-20.352
-1.2893
-10.91
