NaN
NaN
NaN
NaN
NaN
NaN
20.151
41.109
27.293
14.344
9.8009
2.7651
-2.6122
-23.617
-7.0023
-49.659
-7.7835
-6.3209
15.959
-3.3981
-0.66024
13.922
-20.477
9.3101
7.7581
-2.677
37.421
33.356
44.021
-2.3551
NaN
NaN
NaN
NaN
NaN
NaN
-19.551
-50.906
-2.0684
10.135
5.0389
-13.011
15.892
-12.821
-2.6435
-11.99
27.898
17.591
15.7
5.7047
-12.645
-25.225
-0.51431
13.643
36.86
-27.388
-25.7
-7.0815
11.981
28.424
-43.587
-4.841
37.921
22.055
-11.356
3.7197
20.959
3.1469
24.648
NaN
NaN
NaN
NaN
NaN
35.412
-20.977
-69.855
-5.0537
-20.923
11.361
6.4491
-28.908
8.7378
20.516
-27.239
9.4698
23.857
-0.83075
20.807
-1.7624
-4.0427
-36.941
-14.394
-3.5867
NaN
NaN
NaN
NaN
NaN
NaN
13.522
-21.492
-39.318
-17.902
54.515
-68.455
-27.072
-29.433
-36.985
-18.343
1.0788
8.4416
-27.98
28.958
2.1493
47.394
-45.314
-7.3292
-5.6412
38.79
41.757
32.445
-6.9985
NaN
NaN
NaN
NaN
-8.8038
-3.5989
3.9826
-35.277
-2.3331
-11.974
5.4779
-9.1999
-3.4095
-25.31
-6.8858
25.276
10.025
-3.486
5.2448
-5.8726
56.635
41.827
-5.6364
37.004
23.715
NaN
NaN
NaN
NaN
-5.1793
3.5906
-22.914
-21.394
-27.616
-29.479
16.729
10.488
-26.799
13.91
-7.9959
-52.841
2.9955
3.3073
-18.557
35.241
36.655
-20.495
-22.022
-2.7756
-8.186
-14.932
37.502
14.371
13.439
18.059
-11.816
-13.444
-9.2685
25.186
4.8692
11.203
23.235
-41.392
-8.3366
-13.047
20.905
26.375
-8.9404
16.408
-34.977
6.381
10.091
-10.095
42.793
41.813
25.755
-9.501
-33.67
-35.747
-38.146
-17.104
2.1371
-2.9134
-3.4178
14.685
-15.727
-6.8364
8.3709
-1.3167
32.008
36.941
-21.1
-49.698
-24.39
-35.449
-5.9693
-3.599
-49.53
25.82
24.301
-19.392
NaN
NaN
NaN
NaN
NaN
26.215
19.717
-21.594
-44.504
-13.722
17.016
-8.9313
-4.399
-4.4224
-19.464
-55.001
2.3948
17.805
4.5883
8.1148
37.987
-15.957
-17.357
10.161
26.402
9.9154
-24.651
-3.5693
4.7
-2.3853
-49.575
-8.265
-21.159
21.746
5.9942
-66.483
-33.224
-6.6291
34.002
-8.8641
14.725
16.51
0.96272
61.191
12.323
5.1345
9.1101
31.148
42.095
34.015
-3.6702
-36.631
NaN
NaN
NaN
NaN
-28.231
14.407
-39.049
-22.894
-16.132
-5.0701
-27.461
28.708
-20.835
13.979
27.83
1.7624
-16.216
-21.463
11.274
-11.788
-9.9422
0.34708
15.144
10.554
-8.3118
-20.072
20.538
9.6757
-9.3995
10.28
-5.7156
-9.0052
1.6993
13.302
20.792
-5.0865
-10.201
29.393
10.25
-18.816
-9.6837
25.092
12.876
-11.631
6.8683
11.532
