-32.404
46.266
16.327
-5.1224
-28.311
-14.164
15.251
-20.977
-38.781
-5.2589
-3.7221
-5.0297
9.5245
6.8019
10.56
9.0614
-23.261
-3.2635
44.303
-29.424
-22.439
0.48794
6.8594
39.357
27.166
11.131
-22.567
-7.6784
-23.603
-10.489
31.229
-12.168
17.136
-24.714
10.782
24.461
-23.894
45.001
8.9775
9.0265
-36.447
-6.5675
17.796
3.7284
8.5756
-14.43
-1.1677
9.8592
-4.1653
15.233
-1.8088
-36.31
-3.9898
4.7229
-33.014
-30.573
-28.878
10.56
-0.32481
28.36
22.674
-21.637
-17.581
10.957
6.9214
42.847
-14.226
-4.8538
27.969
9.3615
0.19512
9.3427
-4.2129
-16.05
-25.612
-8.1259
22.46
19.034
-23.461
9.7309
32.309
15.944
-58.211
0.40874
7.905
11.521
5.6479
-16.962
36.689
2.1083
-6.3205
-0.57199
-1.9712
22.403
-4.1889
-36.973
-16.902
22.576
0.62734
-7.4237
-33.792
-8.5662
-1.2482
-20.802
-21.347
9.0047
5.0724
16.258
6.2273
-15.35
-6.9587
8.8513
32.651
-21.381
0.29745
40.716
22.573
-6.815
3.0189
16.415
-5.9137
-45.716
-4.2493
33.48
7.4252
9.0873
16.531
26.875
-5.4953
11.313
3.5264
7.4703
-45.51
17.152
-25.927
-14.244
7.6329
-29.458
-48.551
-17.832
15.318
1.3787
-28.591
28.235
24.174
-25.33
13.842
7.0322
-5.9384
-4.5252
20.916
-10.222
NaN
NaN
NaN
NaN
31.545
42.745
29.139
16.161
36.627
27.734
-5.8175
-16.357
2.687
-14.271
-30.253
-17.697
-23.91
4.2877
-3.8086
-34.635
5.9407
25.78
9.8749
5.2016
-3.2247
6.1087
3.7274
14.691
-9.9775
-30.347
-50.565
-1.4994
19.137
-3.9036
-6.7799
9.5263
13.148
13.205
23.562
33.563
-24.926
-49.349
-28.586
-3.1594
2.7984
15.62
17.657
-5.8567
-5.7556
24.766
34.305
-11.979
-13.704
25.286
9.4661
-36.683
-0.59668
37.887
30.633
-5.8701
-34.503
18.159
1.1155
-12.623
8.9928
-9.1216
25.451
3.1808
-6.5144
-4.9794
-9.8725
5.5028
-8.2226
4.762
-51.594
-52.289
-13.196
1.7978
-12.967
-39.316
6.213
22.046
20.115
-0.71706
13.891
28.878
20.945
-6.4909
13.436
6.4024
11.12
12.364
30.049
-2.336
37.163
38.526
-27.295
-56.742
16.147
-9.3283
-27.446
-2.4354
7.8608
