-22.71
-36.705
-15.563
18.852
-0.070184
-11.103
3.6205
NaN
NaN
NaN
NaN
NaN
-47.73
-26.269
60.494
50.21
27.374
21.137
35.295
35.051
33.235
26.966
-22.831
23.033
5.2111
-16.707
-18.502
13.109
1.5284
-14.195
3.3781
-25.799
-26.895
-26.638
-54.968
-52.033
-23.433
9.1499
-14.618
-6.3477
-12.695
18.622
32.501
-6.95
-6.3755
-13.636
55.676
35.471
40.321
40.969
18.189
-36.618
-1.9213
-14.35
8.4407
3.2501
-43.608
0.41068
-31.917
16.884
-4.5808
-45.195
-12.432
31.187
42.34
25.45
22.885
-20.991
-37.695
1.62
20.283
26.305
28.64
1.2695
18.317
27.561
-2.0057
-10.731
-46.607
-72.945
-14.036
-2.2312
6.1533
-0.53808
22.055
19.122
2.9665
-52.737
-60.934
-23.638
27.578
73.17
20.64
-16.759
12.65
26.598
10.55
-15.606
-8.0116
-14.15
-11.967
-4.69
1.5502
-24.386
-0.52992
14.116
16.274
7.047
20.543
-6.729
15.177
23.337
1.8542
-13.21
-9.4126
-37.123
-21.662
-7.0529
33.873
47.297
35.751
39.698
55.096
38.687
-11.46
-28.732
-103.57
-111.47
-25.457
-52.376
-29.775
40.765
22.868
27.094
-0.24427
-0.26821
12.384
-2.8298
15.836
39.825
50.892
NaN
NaN
NaN
NaN
NaN
1.5946
-20.689
18.613
13.531
19.499
5.6909
6.1139
2.9791
-8.2353
25.053
27.782
6.9437
6.008
-8.0717
-41.295
-27.451
-1.5286
10.226
2.5878
-4.2589
-10.663
15.021
-6.3758
-13.18
-5.8967
5.5272
8.2482
7.7074
11.196
19.536
13.672
-37.158
-61.456
-24.615
24.971
24.919
10.599
12.343
39.477
-0.6077
-27.4
38.742
0.64115
21.295
-18.203
-86.437
-22.162
-63.093
-65.717
5.1857
20.904
41.99
13.822
18.133
20.34
28.997
42.318
46.23
30.191
32.543
11.449
-1.3214
-30.452
8.7648
-17.814
-50.777
-7.3633
21.421
29.404
10.374
NaN
NaN
NaN
NaN
NaN
NaN
-50.182
-23.452
21.078
-18.148
-51.232
-10.238
38.589
-6.8101
-52.818
-15.323
-8.0965
-6.6605
64.824
11.784
13.268
-20.62
-4.9875
13.194
27.963
28.88
17.293
28.432
45.71
34.447
13.845
NaN
NaN
NaN
NaN
NaN
NaN
1.6497
-52.398
-59.693
5.2717
-10.943
-7.2792
8.4882
-24.066
-34.382
31.529
36.396
11.762
-17.022
-61.797
-32.802
-32.525
-75.889
-92.42
-43.319
31.486
13.012
10.69
43.752
47.519
NaN
NaN
NaN
NaN
NaN
48.523
23.285
-32.806
-47.781
17.38
11.992
-14.948
8.6771
16.531
21.273
21.571
6.4916
37.223
-51.713
-26.964
-50.254
-48.281
-51.384
-7.378
6.903
-7.1954
-11.829
-26.815
14.512
38.755
-16.701
39.37
40.925
-15.481
-47.34
-11.305
-11.317
13.923
12.34
-6.3183
-18.752
-2.1198
-6.9047
13.28
38.313
13.378
-29.699
-5.3357
35.321
26.783
22.452
NaN
NaN
NaN
NaN
24.415
56.819
0.61886
-11.661
10.352
10.428
-20.337
-22.802
-27.542
NaN
NaN
NaN
NaN
NaN
NaN
-11.741
-18.058
-31.228
-16.138
23.259
57.47
-11.563
NaN
NaN
NaN
