-50.721
33.236
73.196
-28.999
-17.139
35.606
14.611
NaN
NaN
NaN
NaN
NaN
-26.202
-45.362
-12.005
8.9503
9.3537
-32.863
-1.2255
-2.6513
-14.034
-0.81685
4.1189
35.842
-8.3333
-14.131
-27.278
4.6573
-3.9441
16.805
-5.3228
24.821
43.123
52.827
36.987
6.5421
-2.5163
22.761
3.3382
-2.991
4.6753
-15.493
-11.082
-16.918
-34.897
-42.619
-35.581
-36.565
2.6249
13.643
-35.526
-37.399
9.8181
20.125
-0.10148
12.395
20.363
24.57
34.166
16.46
38.279
6.0992
-12.794
11.373
10.04
-7.1794
-30.101
0.95156
19.487
39.911
-17.965
-69.028
-23.114
-33.761
-21.518
-8.8475
-22.266
16.563
7.9133
5.8449
68.1
29.862
-4.4539
-21.902
-6.4032
14.275
18.968
16.406
43.785
47.254
-6.1098
-46.998
-31.079
-15.991
-1.9544
-9.4221
5.865
-4.2719
-5.1726
-14.915
5.9009
16.868
-15.723
-31.115
-9.8923
1.7513
-21.392
-22.464
-21.773
11.366
24.668
20.54
-32.101
12.436
3.2636
17.332
18.952
27.725
3.2312
-23.512
-4.5146
-9.7546
11.948
-0.098054
14.846
45.249
40.821
68.965
44.254
41.36
28.234
-16.162
-41.483
-93.246
-117.36
-59.462
-26.421
-47.695
-19.523
-5.7262
-24.81
NaN
NaN
NaN
NaN
NaN
29.905
86.647
28.255
2.1581
6.3096
1.9283
27.281
12.132
15.37
-9.5308
24.105
23.606
55.623
19.884
-45.633
-64.337
-13.836
-20.204
-34.366
-19.039
-4.7099
12.763
-0.66667
-16.401
-26.876
6.4193
-15.077
-37.254
-24.546
-25.075
-8.4621
19.179
32.493
20.474
11.158
1.7442
20.021
24.837
16.479
2.5876
24.803
39.577
37.361
13.155
-29.809
-4.16
28.77
9.8621
47.985
70.458
-38.919
-63.461
-53.991
-75.314
-53.431
4.1747
3.2571
-25.951
-57.2
-55.848
-19.14
10.554
22.812
39.923
45.144
24.947
39.494
-2.0435
-30.389
6.3258
NaN
NaN
NaN
NaN
NaN
NaN
10.678
13.158
15.059
-11.053
-5.1379
-5.6718
4.7162
-46.423
-5.8296
36.196
17.684
-7.1298
-7.6903
-7.4688
30.617
14.527
-14.516
10.058
-43.492
-33.726
1.2821
-6.0252
-40.408
-13.188
10.642
NaN
NaN
NaN
NaN
NaN
NaN
-35.875
-24.184
49.623
66.844
67.03
35.583
45.64
5.9333
17.34
8.3252
-30.631
11.983
7.8396
24.054
41.144
-6.6208
20.116
45.901
10.364
-52.269
-43.234
-34.956
-18.478
-17.752
NaN
NaN
NaN
NaN
NaN
-39.894
-16.312
-17.81
5.3036
10.068
38.15
1.3346
-15.525
15.896
5.9534
-8.3871
-9.8435
15.938
47.593
-10.27
1.372
9.6611
7.2532
-0.049687
32.551
19.794
33.661
33.992
100.06
5.5717
-36.76
-28.103
14.016
-5.1547
-38.9
-41.667
-17.138
-4.333
-12.478
-23.323
-7.0499
-34.666
-36.595
-62.436
-14.791
-17.232
-8.8807
74.07
37.454
5.1178
-11.434
NaN
NaN
NaN
NaN
9.3661
22.197
-19.442
8.482
26.073
2.8266
27.231
-19.411
-17.712
NaN
NaN
NaN
NaN
NaN
NaN
51.708
22.327
0.6673
-7.6754
11.447
3.5038
-8.221
NaN
NaN
NaN
