NaN
NaN
NaN
NaN
NaN
NaN
-13.036
-3.0837
0.15865
-19.644
-9.0156
-11.575
11.004
-16.483
-14.196
-15.507
7.0216
-1.4507
-3.5404
-2.878
1.4286
6.25
0.62721
-27.303
-4.08
42.152
8.3374
-61.743
-65.188
-25.479
NaN
NaN
NaN
NaN
NaN
NaN
51.193
-2.7753
15.59
12.392
1.656
-20.795
15.034
-35.774
20.175
0.21638
-27.814
-63.071
-15.302
9.3367
-1.7473
-12.525
15.445
9.3305
-2.5648
5.6359
28.597
40.285
18.948
-46.296
-30.48
6.557
-20.291
-27.721
-7.8216
4.9374
-2.5529
-22.661
-5.6831
NaN
NaN
NaN
NaN
NaN
15.189
9.8898
33.08
24.236
-3.3861
12.368
11.15
-28.651
-19.621
-21.186
-4.5204
48.774
51.09
6.2666
-35.044
2.1616
9.2113
26.213
8.1355
6.9588
NaN
NaN
NaN
NaN
NaN
NaN
-11.095
-14.558
-2.2329
-11.379
23.772
-12.568
13.611
12.564
-2.1554
-2.3888
-3.2311
1.1632
2.9289
-21.657
-13.704
-3.5198
2.7912
-22.602
-18.984
-16.049
-19.578
-29.402
-19.784
NaN
NaN
NaN
NaN
49.594
38.375
46.873
10.052
-10.496
-7.1211
19.279
-23.766
-12.036
33.919
41.33
34.38
-10.514
-12.35
-13.707
2.1821
-25.758
-53.558
-29.423
-16.732
-18.741
NaN
NaN
NaN
NaN
-2.3004
-8.3613
30.852
33.66
-19.031
-4.3034
26.443
10.253
8.7154
17.458
13.388
3.9592
-19.798
-21.658
-18.784
-69.029
0.90893
27.132
-29.547
2.1681
-7.8621
0.47812
11.742
-22.791
5.5106
45.39
42.587
39.053
54.778
1.6856
1.8183
4.582
13.459
-8.5403
-7.5756
12.073
6.0823
34.783
-21.362
-69.125
-21.633
33.145
12.18
-13.598
-34.612
-45.533
-22.758
-3.2127
-24.225
21.699
16.003
-22.424
-29.976
15.145
-9.231
-7.7002
16.129
17.987
1.6193
-5.3222
-45.093
-38.89
-18.246
23.106
35.156
42.946
32.555
6.6472
13.872
39.317
42.553
10.669
NaN
NaN
NaN
NaN
NaN
-2.8028
20.744
-1.5349
-13.801
-30.248
-25.82
27.921
27.933
-25.679
-17.689
0.038541
0.13029
-27.65
-32.97
-12.727
16.385
0.55068
-24.775
-12.593
-2.7087
-7.8628
-20.172
15.677
20.873
-5.4818
3.1384
23.011
-11.209
3.7762
-6.9624
25.707
7.9757
5.1479
6.9665
-16.503
-5.5734
18.481
-10.32
-8.7642
44.097
10.771
-16.865
2.6891
15.573
36.109
9.3992
36.799
NaN
NaN
NaN
NaN
-15.46
10.23
-4.6681
-30.338
-23.089
14.776
-2.4581
-30.305
0.49881
15.126
0.67987
-61.05
-23.081
8.3118
-40.556
-19.812
-3.5784
29.088
35.893
11.486
14.556
1.4943
3.6599
34.348
29.913
27.806
-23.606
-54.585
-12.953
2.8268
13.219
21.475
18.981
28.774
30.277
-8.2929
-24.241
-17.624
-11.625
-10.185
-9.3758
6.0858
