-58.744
19.818
26.584
13.941
-27.848
0.16553
-21.28
-1.6346
-7.6044
-16.16
-27.235
-6.7303
10.585
22.268
38.805
23.516
-14.561
34.418
17.433
-7.9116
-8.5571
-25.16
-26.126
-17.256
15.699
18.524
-5.7775
-30.367
-23.247
28.193
23.034
30.056
1.8199
-6.5056
-10.257
5.551
9.8068
-9.4245
-15.677
-28.552
-25.151
0.61954
35.029
-34.737
-6.703
21.182
21.906
21.925
32.04
29.203
-9.0726
-2.3502
38.376
12.781
-35.132
-31.76
-28.277
-38.903
-23.75
NaN
NaN
NaN
NaN
NaN
NaN
NaN
-11.641
20.196
34.499
18.628
16.249
-37.841
-9.8756
7.3667
-19.868
6.1931
-7.5522
-26.954
-3.1864
27.57
-5.1693
2.5135
11.546
8.4443
6.2935
34.867
15.737
-17.675
-1.1899
3.2575
13.319
-9.4838
-1.6421
1.0948
19.728
-17.882
-20.642
2.9577
-31.545
-6.9186
-13.359
-27.302
-31.339
4.8519
15.562
7.1941
-22.184
13.87
9.7243
17.468
11.867
17.004
12.301
-4.6889
-19.806
-26.176
-5.8109
NaN
NaN
NaN
NaN
-2.1293
29.361
24.984
44.071
24.1
-4.1518
6.2174
-1.4101
5.1887
14.643
-20.832
-22.578
6.8249
-18.207
-11.84
-15.947
-28.489
2.323
-17.413
-3.1498
-10.433
-0.58405
-9.8687
-10.635
-5.6282
-11.97
NaN
NaN
NaN
NaN
8.189
3.6543
20.764
22.058
11.126
-6.8637
11.695
40.164
9.2892
22.524
49.444
30.449
16.583
7.078
-4.2558
-15.683
-36.981
-10.65
-14.758
-16.113
-31.121
-6.5949
-7.464
-25.258
-15.865
-6.9962
13.631
-13.432
-9.8219
-4.5986
-0.26692
1.5032
4.1616
21.515
19.625
2.4441
-18.188
-1.3848
-20.604
-15.226
7.9893
7.5624
35.787
-2.2716
24.518
25.355
22.982
-4.4375
3.7256
9.9463
5.3372
8.0706
-12.227
-28.473
-17.567
1.4193
17.22
3.322
-16.753
-18.491
-17.87
6.4404
7.5168
-8.238
-6.715
14.467
-3.8683
-2.0226
-37.732
3.7596
-11.849
3.232
2.7421
-11.245
-0.73178
29.73
15.149
-2.8493
17.996
3.8513
16.218
9.2909
-11.902
9.1951
14.944
-13.031
-13.158
0.54295
-14.74
-18.569
-13.321
-3.8871
21.297
7.4304
-4.7681
-2.9019
14.937
17.404
33.121
15.503
-4.078
-29.66
-23.242
-4.1674
5.7603
-4.2403
-20.361
-18.782
12.729
-13.975
-12.372
17.88
4.5847
-6.5622
3.3239
-2.1932
-12.701
-14.765
-4.3593
25.843
26.486
-7.7638
10.511
14.289
26.217
-5.7532
1.5803
-8.3362
-42.616
3.6022
15.634
20.218
26.494
24.528
-36.484
-25.989
NaN
NaN
NaN
NaN
NaN
NaN
NaN
NaN
NaN
NaN
NaN
-22.446
-11.046
-28.888
-1.5443
0.6584
-0.7086
26.191
28.005
24.414
-33.772
-11.402
24.659
29.621
30.513
4.486
22.304
-26.943
-17.109
6.7034
12.515
-1.5856
-13.762
-21.53
-11.946
4.0716
-0.27498
-3.2154
17.298
0.33552
19.348
1.095
