-33.359
-19.457
-6.2939
-2.5858
-23.83
-30.777
-40.112
-1.6374
4.643
4.6224
-28.215
3.6967
34.539
15.24
15.781
33.188
12.646
1.7192
2.1342
-19.428
-11.641
-5.2649
-5.3704
39.498
35.786
12.629
26.073
33.951
22.121
-1.1064
-14.051
0.044032
-27.55
-22.003
3.6733
11.95
-24.538
-16.957
10.645
-0.1262
26.541
21.677
-37.256
-30.387
9.4877
-15.113
-35.855
-17.076
-18.477
-10.54
-16.486
-22.276
-6.779
-0.44581
-2.7328
-5.6695
-16.375
14.032
18.335
NaN
NaN
NaN
NaN
NaN
NaN
NaN
10.958
-5.522
13.121
5.367
-4.5468
27.194
30.697
11.572
5.8267
10.697
-18.719
-39.9
-18.153
-31.377
-6.5428
-31.151
-23.254
-14.397
-40.465
-6.66
-11.153
-13.925
2.8074
4.7943
6.8461
25.411
33.638
-4.223
10.17
10.357
14.18
-26.076
-3.1722
9.4646
-24.291
-22.118
9.5866
37.281
18.009
23.235
14.856
13.11
20.6
14.144
-14.425
-24.188
-1.5403
-21.31
-16.481
1.2454
-16.409
NaN
NaN
NaN
NaN
-19.004
-21.246
-13.484
6.1215
32.402
39.177
22.278
8.8881
-25.707
-22.326
-12.051
-17.641
-1.8616
13.318
14.111
10.657
3.3203
-21.828
5.0399
-10.427
-15.477
13.003
22.377
-8.9235
-4.8318
-7.341
NaN
NaN
NaN
NaN
6.0989
24.724
4.563
-16.734
-29.864
-12.71
8.8972
2.3755
-12.237
-0.11603
-24.947
-15.569
-4.5219
23.95
43.603
64.68
23.383
-23.903
-30.578
3.4674
47.575
46.469
18.713
12.559
-13.729
-33.404
-39.343
-26.998
-31.617
-12.362
-2.6212
16.988
1.1172
-8.6643
-20.52
-11.545
-8.3645
9.839
8.8405
-3.1591
5.4885
-5.5315
1.9346
9.1038
3.1141
-20.11
-28.532
9.8169
18.434
-7.1596
-3.921
9.6365
23.347
36.015
57.407
11.837
-40.687
-29.548
5.4737
15.041
12.7
5.4777
-9.6773
-11.186
-24.224
4.169
-12.588
2.7417
18.006
19.591
-0.88477
-12.739
-28.303
-16.013
-9.2378
-2.117
-13.188
15.97
19.783
-15.581
-13.186
-0.61966
-4.4187
14.619
20.325
43.442
37.061
-16.548
-15.39
-23.225
-13.644
-12.731
4.4293
-2.2983
1.3737
13.64
0.26452
-5.9254
-13.663
-39.707
-9.2208
-8.8327
-0.5735
-6.6991
-19.754
7.8287
36.687
45.07
44.043
19.886
-10.711
-28.362
1.1857
-0.58233
2.4652
33.135
19.725
-17.975
-4.5071
-19.199
-15.897
-12.509
10.52
-6.6267
-11.05
-1.7721
1.5656
5.3471
-8.0985
-0.03618
7.2742
4.8268
-13.436
10.014
10.518
-5.6756
NaN
NaN
NaN
NaN
NaN
NaN
NaN
NaN
NaN
NaN
NaN
3.3228
8.1467
23.121
21.266
-9.5226
-48.018
-33.657
-5.6032
12.814
28.117
-2.7275
17.249
-3.0659
4.8413
-17.628
-7.9769
21.853
32.04
12.559
22.72
18.074
-12.255
10.477
31.535
26.801
-20.394
-8.7541
-23.155
-15.969
0.22836
-15.779
