-35.456
27.255
10.01
-3.2666
-58.448
-26.083
2.0835
-19.506
-19.685
-11.927
-41.161
-17.936
30.243
38.485
43.069
42.699
32.221
39.088
19.874
-13.317
-7.0259
-10.748
-18.405
-1.833
11.364
16.652
14.746
15.736
10.258
7.2564
-23.361
-12.563
-7.0552
-10.752
-8.7337
10.257
7.335
-8.8687
1.2269
-18.624
-6.782
-5.7228
-18.428
-22.893
-6.2869
-21.538
-0.40384
17.773
14.475
21.413
15.737
-4.8628
8.4537
-12.512
10.257
-16.304
-33.391
-38.652
-9.835
NaN
NaN
NaN
NaN
NaN
NaN
NaN
24.187
24.224
39.654
25.129
9.3448
-28.703
-10.407
17.053
-17.325
-20.915
-38.705
-45.11
-18.276
-24.176
-15.238
-16.988
-20.733
-10.565
-6.8394
12.809
26.059
18.924
31.466
26.839
14.683
17.517
27.618
29.323
24.167
-17.188
-20.982
-18.722
-42.987
-27.493
-18.79
-39.089
-45.743
-14.842
22.548
29.124
28.842
58.557
35.549
15.179
1.8361
-10.915
-26.34
-8.8835
-14.372
-27.139
8.0696
NaN
NaN
NaN
NaN
-4.4396
30.802
18.447
29.409
9.5566
-16.368
-0.78175
9.2776
-10.487
11.043
1.3754
-15.632
35.431
27.041
1.9266
11.438
22.817
-21.161
-28.824
-35.811
-33.494
-8.8273
-1.3606
-18.872
-1.2098
-23.27
NaN
NaN
NaN
NaN
-8.717
-17.076
-0.90476
5.6541
10.177
7.8522
28.951
36.51
28.639
18.013
13.659
24.476
6.9564
12.447
21.001
42.054
-32.529
-21.402
-1.6092
-10.058
-20.787
-14.266
-30.154
-43.55
-22.942
-30.288
-18.171
-4.4677
-4.9757
-0.58316
25.571
40.577
26.401
5.3213
8.0416
20.664
4.9956
24.551
6.3883
-0.86167
-16.694
-13.385
-0.98842
-23.84
-15.614
5.744
9.6409
3.345
3.8338
-1.3793
-16.37
-15.055
-6.5155
2.065
1.5478
-15.471
-0.937
10.908
13.73
20.61
6.0568
1.0386
7.4859
-1.9583
-4.0789
-1.3105
-25.389
5.0824
30.113
39.377
-16.091
-27.059
-9.8218
-5.1796
-26.558
-1.8571
22.65
35.918
5.4936
-5.3288
8.3467
16.529
-27.576
-16.272
-2.6972
-4.4619
16.462
15.02
-43.5
-45.981
-26.421
-4.5817
19.562
25.641
23.524
30.663
28.465
5.4371
0.571
-21.622
-32.706
-10.822
2.6169
-33.57
-27.757
19.048
33.066
21.448
30.168
7.9526
-26.893
0.16305
-3.1295
-4.2597
-3.4816
10.496
-2.7432
-25.011
-6.6506
-4.7341
2.0672
-8.085
16.842
25.865
20.52
18.69
3.1001
-0.6261
3.5684
27.697
10.725
-12.488
-27.99
-19.689
-37.215
-3.3378
NaN
NaN
NaN
NaN
NaN
NaN
NaN
NaN
NaN
NaN
NaN
6.1045
7.88
-15.628
-18.362
-32.167
-43.26
-5.9136
16.518
46.843
22.566
15.189
40.997
12.896
27.475
3.9199
-11.245
17.269
20.181
2.3442
-5.616
4.519
-13.881
-3.0392
33.557
32.66
-28.688
-34.596
-13.608
-27.32
-6.0969
-8.962
