NaN
NaN
NaN
NaN
NaN
NaN
-13.912
25.711
-7.4252
-18.401
-1.3644
40.349
56.11
7.0715
-4.5642
-33.202
0.16724
-23.329
1.3874
34.498
35.46
22.403
17.352
4.7838
-11.574
-19
-25.586
-17.738
0.082006
4.7618
NaN
NaN
NaN
NaN
NaN
NaN
2.1716
0.98327
-6.7646
9.8461
18.385
1.2672
29.302
-26.23
22.376
-13.365
-20.164
-42.129
1.7835
18.542
-3.9957
-10.396
11.523
23.042
9.8532
6.1038
23.196
8.6049
9.9326
-11.707
-15.555
-32.588
-22.273
-15.296
-26.889
-1.4677
9.5321
-19.272
3.3488
NaN
NaN
NaN
NaN
NaN
19.315
29.649
47.618
-4.3727
14.764
36.663
35.829
-2.6692
-6.5773
15.968
21.121
-11.478
-24.148
-32.831
-20.002
21.759
-10.253
33.154
17.144
46.321
NaN
NaN
NaN
NaN
NaN
NaN
-30.004
8.4831
-18.575
-6.0218
27.827
-17.639
29.894
31.055
10.441
3.1915
0.26783
-5.9675
-1.0768
-23.373
-3.0194
17.417
34.805
-3.7603
-16.135
-20.962
-7.9875
7.3275
-7.8296
NaN
NaN
NaN
NaN
39.253
23.987
24.769
0.59122
-20.313
7.4686
26.749
-10.412
-14.891
-9.7606
3.1302
8.7662
-14.58
-27.979
-44.242
-8.8716
-6.8346
-22.082
-26.203
-9.3442
-15.4
NaN
NaN
NaN
NaN
-9.4375
1.3916
32.615
31.598
-10.814
-14.32
-6.0071
-12.906
22.078
11.143
15.406
10.034
2.9463
9.3198
14.39
-13.933
32.564
39.173
15.112
7.8539
-0.081826
-42.218
-7.3319
-23.878
-22.282
2.0272
-6.3684
-22.429
10.707
5.3719
-14.934
-4.9097
34.99
26.326
18.799
26.906
-5.7891
17.557
-16.598
-24.222
-20.992
-7.5981
-11.386
-42.729
-43.973
-31.431
-16.163
7.0363
11.139
27.819
26.024
2.6352
1.0196
17.293
-3.2786
-20.306
-4.0747
32.379
18.457
-4.7834
-30.843
-17.339
10.697
18.983
16.332
7.085
29.434
49.035
35.006
34.319
29.194
20.505
NaN
NaN
NaN
NaN
NaN
3.0071
27.641
25.884
14.424
-42.893
-38.241
19.572
16.778
-0.63711
-10.054
-16.888
-1.7225
-9.4481
-53.589
-29.223
8.9553
-23.894
-28.611
-10.221
20.696
25.071
31.627
34.67
37.408
5.2754
4.2327
19.107
11.576
30.378
15.758
17.98
-1.7203
16.034
-22.557
-23.233
6.0927
1.8785
-40.957
-20.876
35.432
-9.1174
-15.985
-13.767
-14.399
8.2927
33.999
40.111
NaN
NaN
NaN
NaN
-24.169
8.5261
4.9685
-39.986
-21.365
-1.1675
-2.5244
3.2526
17.045
0.66987
12.126
-12.711
11.81
28.76
-21.267
-7.0188
-11.815
4.9612
11.115
10.575
15.595
0.60065
11.15
19.928
9.1404
15.612
1.0102
3.1083
11.399
-16.898
-24.785
9.0377
8.1246
35.624
31.182
0.91506
-7.3583
6.8949
-4.0784
-22.609
-21.345
-5.8208
