NaN
NaN
NaN
NaN
NaN
NaN
-26.078
35.412
30.41
7.6788
43.342
42.543
37.667
-1.797
8.6063
-4.0189
0.40213
-20.94
-33.673
-8.163
9.8761
5.6155
9.9905
28.163
6.6482
-23.896
-18.915
9.9851
20.951
42.41
NaN
NaN
NaN
NaN
NaN
NaN
-27.263
-51.336
-34.073
8.2141
17.79
-10.594
-12.173
0.98211
-5.9524
-5.2271
13.255
6.9509
35.641
9.8699
-19.04
5.9027
-3.2952
3.6236
-9.3208
-37.603
-32.058
-8.7225
22.644
15.194
13.23
5.5475
56.959
35.504
14.146
10.046
4.178
35.27
62.148
NaN
NaN
NaN
NaN
NaN
-15.123
-12.798
-17.834
-53.507
-4.5495
13.582
12.281
-3.1383
8.661
29.702
-39.742
-42.324
-53.918
-26.404
-7.4647
10.624
-13.013
9.1172
1.8745
30.728
NaN
NaN
NaN
NaN
NaN
NaN
-20.763
28.938
-6.9982
8.9374
67.519
28.436
28.331
18.536
3.318
6.3321
18.638
6.9859
-5.1711
16.7
31.889
-17.034
-16.553
7.7932
-42.243
5.1844
16.315
-7.3765
4.4534
NaN
NaN
NaN
NaN
-14.848
5.0253
2.9099
-67.751
-25.789
23.77
37.751
1.719
9.3286
16.968
23.103
42.687
30.526
42.609
12.19
0.7476
-10.517
-20.732
-11.012
5.6984
-4.6669
NaN
NaN
NaN
NaN
-14.617
-11.366
-8.3679
8.7366
6.8727
14.375
15.162
-13.15
9.4296
22.464
32.183
-26.511
11.946
48.312
19.759
15.031
-15.616
-29.078
-10.369
8.9019
15.899
-38.768
8.1972
4.3666
8.0803
32.51
-2.203
-46.675
1.6241
-28.023
-22.231
-14.45
-1.3205
-39.803
-21.986
-14.51
-38.328
-5.9094
-17.233
6.7768
-12.807
-15.428
10.956
9.0494
56.293
75.653
54.851
17.289
14.319
16.911
10.292
9.8606
8.4746
7.2807
-9.9744
-20.459
-9.9638
-10.217
-1.9042
31.615
40.798
15.115
-1.6757
-6.0197
-6.7092
-38.099
-3.3906
-5.5064
-50.77
-33.357
-27.719
-24.452
NaN
NaN
NaN
NaN
NaN
-0.6609
1.5996
-7.4323
-19.92
34.114
57.26
1.385
-17.237
5.4158
19.246
-3.224
-10.461
24.16
10.887
20.979
20.529
-6.4507
19.092
49.668
-2.6321
-54.253
-4.0541
7.1972
20.053
10.577
-14.109
-7.5918
17.327
10.552
-0.55526
-4.3981
2.2284
17.348
-35.217
-32.169
15.798
16.745
-2.8187
-0.94308
-10.823
-44.382
-2.7269
-29.81
-0.86833
-13.884
-18.596
-10.357
NaN
NaN
NaN
NaN
-0.60646
-32.49
-10.996
-8.5245
30.978
45.405
9.3485
-4.7102
45.318
3.5151
5.3269
16.008
20.066
5.5627
41.246
13.331
2.5474
22.546
0.80475
-15.391
4.3186
19.326
16.409
-32.285
-38.072
-5.1988
12.239
-4.54
1.592
-22.878
-38.118
-14.822
-13.295
-29.783
-7.3242
-8.6212
14.959
26.304
-35.748
-21.614
13.097
-14.748
