-49.672
-6.0559
-15.354
18.4
25.204
16.845
0.1426
-48.57
-45.119
-12.393
20.893
-7.6225
9.8098
15.261
-0.13121
-9.4215
22.525
27.045
1.0381
16.35
8.0704
-5.0834
31.325
22.754
38.206
11.122
-40.153
-26.548
-17.612
-21.037
-15.236
31.083
-3.6575
24.725
18.052
1.0191
-31.399
-22.025
-29.336
12.817
0.52596
0.28909
-26.441
-5.8612
-3.0731
-21.149
-2.3994
8.7082
7.7303
8.0947
8.6475
0.43483
-3.1935
-2.2407
13.631
26.193
6.4403
-19.295
15.237
11.443
10.042
-8.3942
-9.4419
-18.82
3.8681
21.896
21.2
8.4451
-5.1358
15.939
16.667
-0.9922
-7.5725
-15.473
-36.705
-5.8491
-32.185
-31.24
12.552
8.018
8.4252
17.853
16.021
9.2397
0.50337
-13.242
-9.9889
-12.692
-19.538
-1.9612
12.495
4.3466
-17.834
-4.7351
21.133
-20.658
13.39
27.653
23.7
4.1525
0.040963
13.043
15.713
-12.536
-21.28
1.7658
20.986
3.1461
-1.7302
-45.573
-3.4505
-10.805
-7.2536
10.901
19.514
16.112
-15.573
16.07
7.8957
-4.4277
-53.831
-16.374
1.1993
-4.2133
-1.6003
9.4294
29.798
21.159
29.9
28.61
2.587
3.6927
-34.822
-26.882
-8.276
-11.117
-1.3451
-15.478
-31.68
5.8499
-10.977
18.927
34.276
20.013
8.8518
-5.2821
-33.754
-8.0431
-0.46058
-16.054
8.61
3.2196
15.606
7.7122
22.002
1.4426
3.2394
-5.7009
-22.991
14.993
11.015
31.057
36.795
-3.6012
-16.075
5.7122
-18.19
-8.2759
-35.167
-33.634
-1.435
5.6177
-23.455
-12.16
15.045
0.77756
0.56388
-3.4414
-12.187
2.5372
-2.0709
42.159
23.578
19.027
-15.456
-2.0311
-9.2895
-4.2211
-9.2602
0.37178
15.123
-3.2408
-7.7969
8.7908
-3.7854
0.66851
-3.4179
9.4723
4.2891
13.33
14.976
-9.1256
-22.175
-18.522
-0.2888
3.6649
-4.5171
10.642
11.095
4.6526
28.963
19.486
0.90001
-20.396
-39.461
1.7486
3.4176
19.149
4.8807
-22.576
-36.508
-20.001
3.5351
-8.6019
-28.861
-6.4028
9.0883
13.733
-0.38004
-1.5022
17.9
19.003
16.33
25.607
38.843
4.8906
-29.513
-17.506
-5.5488
6.7024
11.002
5.9383
17.427
4.5962
14.144
-6.8692
3.3385
-3.98
-16.544
-17.807
-12.648
-6.5826
4.2676
10.28
8.518
