-32.56
-10.183
12.311
17.234
-4.9028
19.132
-14.037
-54.118
-32.845
-13.683
1.4826
-24.697
-24.692
-30.048
21.84
19.322
-0.14556
1.8478
39.531
35.079
33.384
22.795
41.711
27.368
6.7464
-7.1007
-18.047
-13.447
-0.75823
-25.635
0.19676
5.4039
4.9161
-0.63608
-20.088
-13.072
-14.599
19.531
-1.1277
-37.914
-13.923
25.87
24.897
5.6674
-46.372
-17.903
-26.8
-13.027
-7.4004
-9.6009
-20.402
4.8977
12.327
43.292
12.142
8.4456
-16.81
-16.094
12.687
50.718
13.813
24.285
28.153
-0.77232
7.5512
5.7392
17.298
9.8217
-7.1925
5.4212
-18.744
-14.755
-2.0956
0.78072
-41.573
-43.05
-6.5978
-0.89506
-20.618
-18.286
5.4009
35.026
0.9867
-46.23
-0.036931
3.9002
-5.5318
16.523
51.728
20.827
-18.3
-45.89
-1.0022
-3.8894
11.744
18.92
3.8835
32.437
30.207
-16.763
7.1293
-7.71
-9.7622
-29.232
-7.5528
35.681
10.341
-0.53967
-9.1912
-12.888
-15.296
-12.835
4.8327
24.183
28.658
18.533
4.6248
4.1721
0.2177
-36.993
-51.515
-36.839
7.7409
11.146
-19.253
27.519
38.623
46.94
15.932
26.615
-3.938
-30.306
-41.223
-53.385
-33.865
-1.7741
-11.04
-9.2376
-27.336
-15.701
24.3
11.997
6.7507
52.674
51.387
18.186
29.434
-18.639
26.948
-31.727
-13.693
-2.1029
18.467
10.92
5.3916
-4.6773
-3.5955
9.795
-2.3227
29.598
7.1976
10.436
14.949
-41.976
-74.516
-18.946
7.6607
-1.0634
-10.991
-68.279
-9.4988
-11.24
-13.045
-10.224
10.728
30.431
0.02459
-18.249
23.987
9.9933
29.903
24.576
15.965
61.511
8.2387
6.8711
16.19
-2.1022
4.5078
4.6613
7.6909
-12.097
-2.1587
3.1395
-7.2902
-19.435
-30.662
-11.14
-12.466
10.572
-9.1194
-30.282
-51.171
-25.284
-2.6282
-10.095
-16.764
-9.2622
22.137
43.808
41.118
33.858
29.357
11.876
6.9386
0.17424
-11.811
9.4423
3.4506
8.5512
-13.079
-4.961
-34.606
1.8525
-35.712
-4.3074
16.351
-24.376
-9.4724
1.6568
-3.6576
9.9853
25.528
21.313
20.705
-19.873
-46.404
-0.96364
12.437
7.8209
-11.061
19.616
1.9927
22.086
20.269
21.499
-6.158
-8.9335
-13.085
17.993
-34.612
0.42694
-17.966
20.963
33.687
