-33.578
-0.6944
3.6671
13.894
16.739
13.153
-7.0172
-14.263
-1.3828
2.642
-13.103
-1.3141
-14.176
51.417
27.38
-1.8123
13.025
17.106
42.873
12.657
18.73
14.912
-0.92422
34.16
-0.29785
-39.434
-13.062
-1.4415
-3.2664
-10.004
-21.955
-20.084
-26.977
-9.4176
-9.714
3.0643
-28.871
-15.128
-13.796
-4.0492
-25.009
-17.874
9.7807
-5.4694
-4.0788
27.742
38.732
28.812
-6.3559
8.9875
5.7801
8.8199
16.072
20.481
-1.3578
-13.99
-28.149
-26.749
-5.3545
12.396
30.187
15.757
-2.8371
-0.91621
-14.735
-12.305
-1.2495
18.278
28.372
21.199
22.362
12.959
3.3174
-6.4467
-12.326
4.6882
-29.096
-10.792
3.0958
10.408
-10.935
-9.7487
-4.0941
-11.604
-20.832
-21.149
-15.378
-18.16
-32.33
-9.997
-31.032
-3.892
6.3198
26.64
22.569
40.576
13.149
41.959
4.2455
NaN
NaN
NaN
NaN
-5.6337
-2.043
7.912
-7.5312
-12.564
16.805
12.921
46.902
25.763
6.1674
0.91969
13.855
-3.2675
0.82151
3.7772
6.2505
-1.3737
7.8966
-13.635
3.4731
-4.7482
-5.8531
-2.3211
-49.553
-27.822
-26.101
-4.3761
-15.019
-26.111
-7.1604
-7.8925
-16.89
-15.218
-17.861
-11.464
5.5924
20.809
4.0822
9.5074
18.749
16.441
20.15
0.81145
12.578
27.765
9.5943
19.848
29.675
10.051
-4.7715
9.7095
8.8405
16.046
29.39
33.192
25.396
19.763
-8.7352
-33.309
-36.663
-45.886
-14.939
-19.474
-32.752
-20.991
-21.372
-21.219
-13.397
9.3039
11.295
3.7068
-4.5741
-7.6552
-1.3576
-8.7813
-24.076
-21.447
-8.7482
-21.789
-14.287
3.3066
12.568
25.991
47.052
29.193
39.228
47.687
44.723
33.827
9.627
19.078
3.4816
-3.6542
-19.977
-18.924
-1.6632
-36.331
-37.084
-18.204
-24.23
0.47209
-10.96
-35.253
-21.408
-4.2798
-23.77
12.563
38.107
19.774
52.136
37.066
30.495
19.729
4.6557
-18.027
-6.1579
-26.009
-43.906
-44.603
-36.969
-16.861
-3.4275
-23.241
NaN
NaN
NaN
NaN
18.033
-0.2009
18.835
7.0863
1.7611
8.2721
8.8501
15.048
14.397
20.064
8.4387
-2.849
-11.578
3.9145
3.9465
3.9681
18.728
18.71
18.209
28.991
14.961
2.5301
-33.931
-25.154
-16.858
-3.0537
-17.686
-17.38
-30.159
-16.899
-11.477
2.2984
10.67
3.2786
-6.3782
3.0086
-11.263
-11.497
-0.34112
