-26.87
15.571
-36.231
-22.288
22.257
-16.315
36.655
-39.827
-67.228
-29.383
11.96
-9.7969
-16.467
55.831
37.891
41.159
26.076
-36.269
-9.3219
-0.0061744
-39.155
-34.641
11.222
33.522
17.171
-32.48
-12.072
-39.605
5.6008
14.108
-8.2779
21.039
21.429
-5.5112
-18.19
-21.677
29.372
22.948
-1.9016
33.136
-5.0752
12.626
-5.493
-3.5881
43.261
-7.4181
31.945
25.007
-64.423
-43.649
-22.432
17.815
19.461
66.701
49.15
-37.07
-1.9818
-53.655
-0.2917
1.174
5.1226
-31.649
-65.021
-36.911
-34.176
14.272
11.034
-43.159
-0.59455
-8.8388
6.8429
32.411
18.275
28.661
21.294
-1.0732
10.715
39.389
31.578
8.1478
11.345
10.802
12.144
-19.815
6.4908
15.336
23.372
-22.865
-29.632
-39.642
-13.212
1.7829
33.814
14.568
38.909
1.1849
-70.968
-9.5587
-17.628
NaN
NaN
NaN
NaN
37.312
-0.69128
-10.888
-34.993
14.1
-36.626
-9.5535
-14.693
-39.936
-17.26
32.764
56.626
49.107
-11.036
-12.225
37.613
30.344
-9.355
2.5109
29.256
-1.9356
-15.963
-20.676
-5.0678
-23.375
-16.342
30.376
20.741
14.202
-1.5658
-8.283
-32.669
11.203
18.545
-16.533
13.415
35.82
-15.151
-3.9688
-21.198
-9.1194
25.203
14.304
6.4293
-5.2329
-21.969
-2.9816
-0.92102
-4.665
-56.997
-54.957
-50.113
-45.908
12.882
19.748
-17.086
22.94
33.322
40.437
37.965
49.804
34.65
14.195
-16.455
19.532
19.201
-39.316
-0.7255
11.463
3.4627
17.48
-1.3464
11.257
3.0747
-5.9834
-30.401
-27.702
-8.4562
50.715
-17.698
17.52
-17.809
-60.6
-29.112
-78.392
-58.275
1.2393
17.077
-9.1288
32.663
58.353
97.882
28.067
35.298
-19.249
0.15618
29.094
26.763
-4.4189
-2.4614
-79.215
-35.177
-72.959
-39.066
-9.6481
-2.2146
-10.908
-3.1946
34.827
70.352
7.2319
16.433
29.572
36.839
29.347
17.206
-8.896
-40.86
-0.86431
-21.304
8.6601
-23.723
-11.992
NaN
NaN
NaN
NaN
-18.927
29.629
22.388
42.803
6.0325
7.3076
23.324
-31.869
-26.651
-2.3523
-78.976
-7.7751
-7.1427
2.9368
11.416
17.719
52.444
-22.73
12.879
26.158
-21.041
14.797
-3.0214
-55.987
-39.741
4.9123
20.633
14.838
11.812
-33.659
2.7732
26.871
34.137
32.373
33.172
9.7282
56.398
-19.37
-24.911
