-2.758
19.802
-23.971
-12.981
4.4625
13.223
12.369
15.453
3.4339
-29.646
-33.871
-33.08
11.589
1.1955
11.686
5.1108
27.725
5.4865
7.2173
-0.089287
12.063
8.3118
9.2327
-8.133
7.2398
-6.7167
-20.54
-3.611
-10.528
-26.222
-11.896
2.574
16.318
-20.985
-21.608
15.205
20.918
8.177
1.9366
-26.136
26.799
33.882
19.843
7.2207
29.318
15.434
0.66962
-19.835
-5.2913
-24.506
-24.407
-32.824
-9.4907
2.6889
-29.717
11.203
10.324
26.906
-10.897
-6.964
-8.1702
-4.4369
-14.423
-12.208
11.575
19.519
-6.5681
-0.05433
-2.6853
10.236
22.243
29.131
40.023
9.08
-3.8158
-9.618
6.8757
7.3589
4.036
-5.5852
-22.423
-32.685
-32.956
-26.936
-1.8626
-7.3047
-5.8749
17.04
31.947
-5.734
-6.1172
-6.8934
25.253
33.334
19.754
-30.136
-13.803
3.338
-0.79827
-0.097329
10.05
-9.8994
-18.909
-17.205
-9.9416
-16.096
10.71
18.214
-2.343
4.3036
-12.643
3.4311
8.5266
10.401
25.357
40.669
16.093
-26.944
-11.277
-10.846
-17.594
1.7037
28.373
9.4417
16.566
12.992
24.689
-33.871
-23.563
-17.331
-0.46907
-26.832
-32.096
-12.336
-0.677
10.377
-6.3411
5.3995
-39.006
-46.571
6.2352
24.11
16.68
19.972
-8.7681
43.58
67.508
40.648
18.593
0.43628
-4.8007
-11.688
-15.521
-20.995
-3.5627
-8.4309
-0.86427
-1.5981
-5.8475
-20.529
-0.21727
28.675
-14.492
-36.224
-27.218
-11.407
-0.21806
8.9775
-8.2334
-8.268
4.603
11.618
8.2033
-2.9674
18.892
32.612
27.601
-32.143
3.6666
14.346
22.17
-6.8212
-34.671
-5.0093
14.367
7.2545
-39.21
-26.596
16.906
21.394
25.453
-0.85966
24.174
7.6295
-38.256
3.9552
-3.125
-14.478
-19.475
29.69
19.864
-11.461
-46.751
-21.946
1.4895
28.985
17.8
11.333
-11.574
-2.7331
-17.002
-8.5097
-4.0759
-10.72
18.148
36.817
29.017
-0.66856
17.818
-11.74
-6.4742
9.1688
-2.2064
-16.344
-39.228
0.62181
10.809
-14.667
-12.625
-15.564
-11.195
22.484
12.248
9.1261
3.6086
-16.246
-9.4192
19.769
6.1624
19.8
20.519
22.337
-11.51
-34.943
8.1868
-2.3511
-6.9433
2.4106
-10.722
-19.267
-10.862
0.80255
15.46
17.069
6.0612
