8.4413
12.181
1.7429
-17.88
30.909
28.271
38.476
16.037
16.674
4.7001
3.2561
-3.8331
15.482
46.749
-4.3037
-16.923
-31.845
6.846
14.898
1.0294
-16.549
-15.212
-16.949
16.358
5.9761
3.0899
5.0603
-1.5733
-6.441
1.8688
-9.7982
-1.1203
-0.9077
-6.1739
-15.121
-30.773
-6.0806
0.14243
4.5849
2.7805
-6.4224
17.749
-4.2812
-1.7467
-6.4602
-5.386
-22.449
2.8023
24.995
22.089
-1.9945
-19.912
10.699
11.079
25.758
7.4942
22.912
12.023
4.5997
-6.7485
-8.2994
-6.4155
-23.609
1.6592
-1.9883
3.486
-20.677
-38.097
-21.283
-9.3412
16.13
21.85
13.414
25.355
30.281
18.174
0.90647
-21.001
8.2111
5.4513
3.6599
-6.2003
-1.5117
-24.537
-11.785
-11.374
5.5474
0.92331
4.8758
-23.718
-8.8684
-18.491
-4.1481
-7.4916
-5.158
-2.3305
15.187
13.633
12.926
NaN
NaN
NaN
NaN
-5.0387
-6.5699
-12.92
-3.5096
26.266
18.38
-1.2206
17.778
17.533
8.5732
11.798
11.548
-2.1529
12.845
-10.572
-10.4
-18.323
-10.749
10.741
8.7152
-11.253
-6.8708
-22.358
-25.051
-19.81
-8.2409
1.8196
-11.734
3.084
7.9902
1.4462
9.1075
13.783
6.6454
-3.9298
-17.033
-16.15
-29.826
0.25222
-2.5102
27.144
27.24
14.903
31.976
39.525
41.175
10.94
-19.794
-23.615
-21.256
-34.929
-25.363
-9.1155
-1.7237
-16.919
-8.7768
1.4335
1.7849
11.462
14.684
0.84067
32.164
15.059
10.517
5.7243
2.2521
-2.2758
2.9565
11.685
-3.7475
10.424
-18.786
-11.999
-15.834
-12.299
1.8642
-10.439
-10.438
8.5948
-24.224
-10.749
-27.804
-10.328
-23.297
-13.064
7.9229
26.433
18.223
6.3208
21.057
9.595
39.895
-2.1917
14.226
-26.442
9.45
28.306
30.131
-10.922
-27.142
-31.93
-17.347
-1.8825
6.0908
16.124
25.813
44.067
20.451
2.9913
-3.9562
-28.758
-17.255
-2.7523
9.8198
0.57049
-14.738
-14.578
-17.616
-6.6797
-18.426
-22.324
0.072938
-20.195
NaN
NaN
NaN
NaN
-11.095
12.329
29.221
24.276
3.1727
6.6889
8.4959
12.37
15.024
5.3037
17.063
-0.89468
-5.3637
6.4757
5.1352
3.3227
26.94
8.5784
27.45
10.027
18.361
27.491
18.98
1.3104
-20.045
-18.904
-28.054
-31.109
-37.895
-23.619
-23.417
-17.176
-17.248
-22.066
-7.3057
-11.702
-1.7878
-11.988
-1.2276
