-8.3448
1.3985
-6.4171
-17.334
-11.868
1.5229
11.609
25.169
14.665
7.9245
-5.8267
-25.185
-4.8021
4.7833
-7.8314
-9.1626
3.9262
-5.6882
3.1855
-1.813
-4.4768
11.822
-12.498
12.624
-10.001
4.8093
14.486
8.3052
7.2957
-5.5589
7.9145
0.92472
3.1144
-0.59167
1.1102
1.5939
-6.9579
-1.3167
-8.667
1.1094
-10.949
25.427
3.7038
-12.14
-6.4018
-0.39783
-10.577
-19.115
-5.3923
-7.0716
5.4091
14.771
15.341
12.985
-6.436
-28.213
0.39421
-7.9968
-3.4902
8.915
10.31
-3.344
0.76455
-28.519
8.3838
17.774
27.148
0.49036
14.325
20.389
-3.0523
-5.2746
-5.7716
16.294
-8.2811
-2.8863
-11.136
-20.857
-7.106
-0.53768
3.6067
2.9947
3.7415
2.3658
-4.2885
-16.079
3.9246
17.403
18.341
-23.148
-20.809
-17.71
-20.663
14.213
19.62
3.6461
-2.918
11.147
-1.9118
-10.238
1.1704
1.9723
-18.671
-2.0686
22.528
0.095116
20.428
20.741
12.433
6.8077
-1.0763
-11.917
-18.922
-7.4609
4.3417
3.0537
15.855
-0.45766
-3.7886
-2.788
-12.946
4.712
-2.241
-8.2725
-10.244
3.0198
6.1697
-4.897
-0.85589
14.332
3.5197
-5.8267
-5.5711
-4.4503
-2.2151
-3.5899
-9.2987
-14.709
-18.221
-17.156
-12.511
-10.204
-0.39231
16.515
10.661
42.687
40.211
27.163
23.072
24.278
-9.6811
-12.377
-9.6771
-17.404
-7.7222
-13.081
-2.6471
-1.5872
-5.1131
3.3545
-0.94243
-6.7405
-14.238
-19.896
0.48897
3.5336
10.401
3.3177
-0.57479
0.67838
2.5858
-14.318
-7.0121
2.5226
-3.1823
-4.052
5.7727
-5.5132
-11.242
-7.3487
-0.95368
8.4094
1.2337
14.282
24.744
26.171
21.722
12.908
-12.151
-12.251
-7.2386
-2.9482
2.944
2.0514
-12.33
5.2258
-3.9629
-0.18275
-8.878
-2.9782
1.8102
2.7055
-2.8949
-13.401
-10.578
-9.6253
-10.282
-7.5964
10.423
-4.1195
10.819
11.062
0.26239
3.2968
2.1585
-0.26183
3.7485
-6.7687
-8.1762
-9.5486
22.437
20.128
6.9709
10.03
9.5919
10.654
-15.104
-3.6856
-20.481
-20.171
-2.9149
-13.657
-2.3261
8.4826
7.5169
2.6845
8.2639
-1.2694
4.1904
-11.249
-0.3362
7.0781
-1.8975
8.3561
12.278
-9.8906
-4.6064
4.7608
-2.2337
0.039281
8.3061
-7.1992
-8.5516
9.9479
5.6146
