-35.643
22.71
54.323
34.442
69.803
38.745
-21.239
-37.251
-59.964
-19.449
-30.11
-27.38
-14.406
4.4621
0.74661
-30.421
-24.573
-35.667
-24.952
-6.4527
-14.045
14.654
-3.2146
15.204
-0.65602
11.22
15.953
-4.666
0.99227
26.999
13.015
31.22
41.098
6.4134
-44.877
-40.174
-1.7701
-8.0203
40.53
-0.49618
7.0134
-10.524
16.848
8.3081
19.051
24.91
8.5796
3.1047
6.8319
-3.3761
-2.4487
-20.894
-10.789
15.25
-6.429
-17.34
-22.331
-37.204
-20.557
-18.778
-19.162
-10.687
-1.358
-2.3175
36.094
17.009
8.3405
16.329
14.123
9.749
-21.103
2.7117
23.698
17.475
11.021
-18.426
-2.4502
8.6272
2.367
-12.86
-11.882
-7.0962
-20.129
-5.5243
-13.448
3.7845
-7.6242
24.474
5.0591
33.053
3.7387
20.185
0.45432
-15.036
-9.7065
-21.872
-27.799
-12.823
-27.512
-2.5744
11.641
21.76
34.286
31.719
12.005
19.998
-1.2798
-4.8086
6.674
23.963
11.547
-3.4362
-19.866
-24.16
9.7903
-12.505
1.8304
-28.503
-23.809
-30.779
-30.12
-16.557
-4.284
-34.393
-3.5851
-4.4444
-1.7731
11.945
17.253
17.977
24.676
33.466
51.624
17.309
14.738
18.306
32.45
9.7688
-21.464
-46.851
-26.911
20.946
11.229
-0.54931
-27.014
-48.51
-12.32
9.7576
39.075
9.7162
1.6107
-20.212
-1.0549
10.395
15.375
-9.2989
13.33
-1.0882
-9.687
-22.279
-12.4
-10.886
22.097
12.636
-4.4775
-2.8911
-9.7373
-12.776
-29.771
-7.4168
4.4103
-5.6336
-5.5859
-10.939
-22.794
1.5316
4.7461
33.524
7.2873
11.433
14.804
-17.917
2.6847
13.242
15.528
21.216
23.026
5.3912
27.487
40.462
27.909
-2.1022
15.531
1.0769
4.5216
-18.552
-39.102
-53.436
-18.32
10.069
-7.0637
-22.946
8.973
-35.355
-36.72
-36.2
-24.876
-3.8716
13.803
-11.566
3.5747
19.775
10.15
21.912
-14.168
12.563
-7.6504
14.793
2.6136
-1.1245
-6.994
16.596
12.794
12.274
9.2065
26.331
45.406
42.013
37.09
-16.374
6.0424
-0.2872
-21.57
11.567
-18.299
8.2911
3.846
-9.6968
-17.679
-49.724
-37.48
-26.373
26.27
9.4929
-18.848
-42.466
-12.784
-11.472
9.2287
-11.492
8.6702
-6.5195
10.497
0.97207
-0.99003
11.449
6.7906
-9.5105
-14.322
1.087
2.3783
-9.3306
2.2115
12.42
24.686
23.825
16.935
19.618
23.878
