-32.333
49.513
16.475
12.173
17.726
2.6424
-43.276
-47.915
-76.408
-32.307
-34.314
-33.167
-67.44
45.816
53.678
31.317
22.216
-1.3131
-14.796
-48.574
-46.949
-16.058
3.8509
64.416
46.805
24.496
-0.4595
-23.831
30.691
6.534
29.195
5.0897
-1.1781
22.708
-27.318
14.091
7.6812
-29.964
-23.702
2.569
-19.512
-38.832
9.9027
26.612
35.229
16.561
24.117
-6.0404
-68.226
-39.005
2.0897
21.374
49.691
39.81
44.291
17.86
-30.19
-41.899
-34.8
-14.564
-16
-4.1444
4.5468
-4.7611
8.901
-22.192
-22.584
-27.785
-29.455
26.731
30.782
18.665
-12.194
-30.665
-29.06
3.8421
-11.589
25.39
14.994
15.261
10.056
29.859
37.081
21.463
5.8482
25.408
17.338
21.036
-19.394
7.1242
18.18
31.1
13.898
0.71875
-20.452
-8.1882
-66.207
-34.628
-27.244
NaN
NaN
NaN
NaN
-24.097
-6.9038
22.181
-15.868
1.7523
26.637
2.2199
-16.841
-0.39997
10.636
6.3917
56.709
29.24
-33.492
-34.791
-29.673
-2.1234
21.688
24.998
19.358
20.519
14.44
11.541
2.7085
25.807
7.5611
7.0552
2.9113
-1.8286
-3.5129
0.28001
-2.201
17.212
6.9205
14.293
42.185
25.571
-17.269
-91.279
-29.604
-60.915
-32.953
3.8158
16.655
-7.0341
-35.721
-18.516
8.6031
-8.9689
-18.25
-28.591
-29.961
-1.6545
-1.4156
1.2153
-14.766
12.393
56.189
65.493
65.08
83.556
53.703
47.303
-13.747
-15.022
9.4871
-17.901
0.59657
-16.753
-19.465
-19.067
-35.161
-16.442
16.177
-18.684
-54.079
-33.785
2.1528
11.607
-14.065
13.846
3.1636
-40.626
-26.162
-52.692
-45.647
-1.057
19.754
70.151
46.833
62.557
36.865
16.723
16.863
9.6178
-3.2215
-0.5894
25.357
5.0322
7.9141
-56.856
-71.227
-33.449
-10.387
3.1912
-13.566
-40.979
1.2892
12.623
3.3252
38.816
38.587
6.108
30.374
34.954
18.779
-5.7476
-38.624
-17.222
-12.984
-31.667
1.8594
-13.87
NaN
NaN
NaN
NaN
22.957
22.983
35.136
63.374
19.965
-29.529
4.8811
-30.122
-41.135
-53.084
-55.45
7.148
27.622
3.8486
7.9465
34.116
5.9575
-3.1848
-0.70274
-9.5138
-8.0663
-8.0221
-35.629
-54.165
-28.772
15.636
1.4644
-2.3913
8.3462
35.487
9.1924
26.121
46.734
67.268
14.778
13.365
2.109
9.0116
-8.5514
