-20.365
-14.879
21.62
-28.407
11.697
12.094
34.435
-6.2574
-13.02
-3.4165
19.379
41.142
26.339
-10.526
-15.138
1.7479
-19.381
7.3757
-77.625
-33.068
-42.378
-23.684
-34.714
29.835
50.693
8.6161
-10.509
-33.359
3.803
23.41
12.791
7.4784
5.693
21.821
-0.4092
17.578
10.641
-1.7015
32.168
26.893
17.422
-6.6075
28.384
-4.248
8.8808
-19.8
-44.051
-0.38072
-9.9756
-15.812
3.8352
18.516
-5.3449
9.222
23.022
-4.4518
9.9102
-49.506
-33.043
-45.304
-37.885
3.0919
-26.603
5.5214
13.6
-11.511
13.932
62.293
40.535
12.024
10.655
-45.079
-30.911
-0.50585
-7.9184
22.931
32.374
-5.6981
-8.4711
-12.769
22.786
22.439
-29.411
14.178
5.6974
38.617
3.9638
42.009
0.6833
7.9661
-25.223
-13.776
-1.4669
-21.472
0.090124
-50.008
8.1262
-4.8192
22.646
10.633
3.3146
-10.665
-2.7325
-18.952
-6.6391
-31.543
14.856
5.6858
35.266
10.275
7.5401
-0.21019
-25.192
-77.672
-25.144
-20.063
-18.674
-79.349
-37.168
1.6187
73.444
62.758
64.783
60.959
88.176
41.237
29.473
-9.4227
2.5191
-41.641
-19.16
11.792
-12.46
0.068372
-37.565
-21.891
-7.0867
-42.522
-0.051335
-8.3507
-12.076
24.463
12.018
33.144
-26.56
-33.32
-37.938
-3.245
-38.293
-1.5028
15.714
42.965
45.482
-2.9285
-24.756
-2.7281
-6.2113
9.6228
28.79
-3.6959
7.9102
-11.347
-18.229
7.931
11.751
-28.044
-25.036
2.205
-10.955
-0.2436
-10.008
7.6062
44.656
23.866
27.37
-9.8832
23.921
20.001
35.458
-8.1808
-1.1572
-38.527
-3.6167
-3.2397
46.578
-10.221
-29.272
-38.401
-30.574
-3.798
-5.9339
-3.2451
-27.094
35.342
-21.092
-41.045
-4.1208
35.725
44.847
11.799
11.546
-12.249
-8.7199
-40.163
-20.05
-36.618
-40.235
18.902
39.777
56
49.535
2.5931
24.946
27.09
18.994
-53.229
-67.027
4.4572
27.214
36.137
18.501
-5.9836
-15.533
-15.911
-13.523
-4.8471
27.962
10.301
-3.3239
-37.151
20.593
-25.475
-32.565
-31.218
-12.176
-0.80496
-25.17
25.531
16.567
30.747
7.2002
12.439
12.404
-0.4068
18.307
28.071
-5.7801
13.12
0.19897
-14.686
-6.7686
-20.745
-39.752
-18.938
15.435
6.0679
5.1723
5.0536
-13.523
2.2899
25.035
-2.7232
8.1056
-25.667
8.7913
8.7786
24.186
-6.4574
-17.685
-16.743
-2.808
-23.076
9.2177
13.135
28.678
4.8235
13.303
-19.889
1.1101
-12.154
3.9719
-20.491
10.051
-30.594
-0.57842
22.788
9.6179
32.093
