8.1134
4.2255
27.412
11.899
11.058
22.46
-9.3296
-35.224
-15.16
9.786
23.689
27.282
33.524
26.868
12.864
1.751
-44.859
-43.156
-36.128
-22.387
-10.27
-7.7891
3.1507
-4.7172
-11.88
9.9146
-9.4864
11.324
20.64
19.191
10.869
2.5809
1.9099
-2.5745
2.1096
14.863
26.384
13.368
20.156
2.6112
-0.61691
-14.287
-10.95
-7.7332
-28.807
-1.7206
-4.7764
0.60964
-26.024
2.8683
-14.256
17.56
-23.507
-11.352
-9.5382
-7.0684
-7.1369
-23.566
-17.797
-14.774
17.354
24.791
36.192
19.913
25.724
29.617
7.7698
13.862
1.2986
16.472
-3.2649
4.3332
10.326
19.04
-7.742
-7.6323
-8.8115
-4.0403
-23.588
-7.0568
-6.7377
-11.573
-7.9127
5.633
-21.677
-6.393
-27.031
-4.6429
7.8642
1.658
-5.6831
2.2109
-21.995
-14.027
-25.857
-43.01
-5.9244
7.8775
29.658
23.164
28.523
34.529
56.88
36.622
1.0685
-10.197
-29.568
-2.4305
-10.935
-8.7388
22.525
29.205
31.725
-16.078
-3.0136
-0.5472
-17.34
-3.7074
12.235
-7.0592
0.11581
3.6093
-11.114
-55.964
-27.825
-19.039
8.5833
-12.734
-21.334
-3.7967
29.752
-18.347
-0.41485
6.2084
10.11
11.85
28.986
12.975
-0.16117
-23.33
10.773
-8.6665
6.1701
21.288
-8.0357
-12.92
-19.765
-7.123
26.381
4.0178
13.743
-0.066841
-4.8394
12.527
26.375
3.3447
12.704
25.23
-5.0686
8.0658
1.0999
-6.066
1.1507
-9.2005
-18.132
-21.378
-11.09
-18.061
-15.825
-6.2248
-13.638
-18.369
-22.022
9.9196
-0.44752
1.3762
7.1481
6.9875
-0.80744
2.1896
22.007
23.776
-3.7972
-3.8131
-8.7543
-13.709
6.2476
20.201
3.8766
7.9714
7.0762
13.221
-29.563
6.9244
-1.0291
0.49116
36.287
3.9722
26.12
-18.57
8.9121
-3.9516
-20.039
3.9229
-3.9357
-13.797
3.3753
-21.431
5.4752
2.9019
-9.2848
6.1563
-5.0929
3.2284
-14.758
-14.429
19.936
-13.651
-3.2727
-7.819
-6.247
-10.409
-23.071
-13.102
17.946
-2.9439
13.359
4.3079
17.35
26.586
23.114
19.618
4.4011
20.7
-23.399
25.783
-15.603
-11.585
-22.215
-50.563
-9.5017
11.652
-7.755
8.1452
21.899
0.88905
31.426
21.421
11.706
-0.24725
-7.6212
2.3278
8.1098
2.4672
-20.248
-8.7973
-19.756
-12.584
-4.2098
-22.867
-2.345
-6.0415
-12.983
-8.5191
-16.774
-1.7275
31.418
-8.2409
4.4438
