-10.697
5.6001
34.438
-21.86
3.3585
-39.173
-42.548
-13.341
-47.994
-8.9544
12.444
9.083
-21.73
5.5447
7.4573
3.6715
-16.395
-15.766
-4.5254
-12.44
-13.687
5.3313
-24.855
-26.098
-29.049
-13.974
-10.585
20.997
35.32
49.47
26.733
-8.0815
13.121
22.422
23.164
17.331
14.213
31.888
43.484
-1.7904
14.81
-1.4433
-9.4547
-26.726
8.9093
22.339
20.915
-2.9973
-49.594
-17.613
7.6785
-21.229
-39.049
-51.707
-12.63
-23.188
-20.379
-41.846
-52.279
-9.1419
20.104
11.11
51.373
59.164
42.446
8.4689
-8.9585
9.8063
17.39
-7.5158
-13.239
-19.878
-12.266
-16.248
-3.7515
-7.6325
10.707
36.2
7.3015
9.6581
-3.037
-7.8033
5.5865
-5.0517
12.778
4.0449
-3.3548
20.447
32.331
29.076
4.9599
35.137
-18.455
-31.537
-32.797
-7.8682
4.7083
-1.2655
-3.7688
-32.739
-16.991
11.157
37.689
21.897
-55.619
-69.834
-9.5
-3.4485
-12.98
12.618
30.951
21.288
-9.4298
-32.071
-35.94
-5.3383
-10.566
-8.1899
7.1149
13.719
29.394
16.148
-0.91478
-12.749
2.8789
25.05
20.944
21.569
28.747
47.262
61.398
45.988
18.732
-11.345
2.9681
2.7335
4.0929
-22.938
-51.85
-57.692
-30.467
-19.193
-24.771
-7.0729
12.355
-19.654
-52.201
-16.867
-20.624
-4.6947
-14.592
9.5431
16.412
2.2625
-5.7882
-2.8163
14.322
20.102
19.098
18.595
22.973
30.316
12.532
-4.1418
2.5028
10.766
-10.066
-21.558
-20.839
-5.3172
-20.345
-13.56
30.268
6.3971
26.08
33.631
20.016
26.378
20.373
14.04
-12.839
-13.981
-38.02
3.8534
-19.268
17.336
35.734
18.805
-22.841
-2.5065
-17.345
-34.081
-64.297
-28.184
-10.902
6.3937
-9.886
-16.402
7.6543
7.0544
-31.93
-25.972
9.7227
1.7953
-6.4579
-0.5692
-15.898
23.238
40.941
2.7306
13.68
24.379
11.699
3.711
16.093
33.465
35.397
42.591
15.947
12.665
11.819
10.135
11.355
-7.1323
-16.416
-5.964
-8.5373
-11.039
-12.928
-10.735
-46.038
-12.957
-66.169
-46.492
-28.064
-15.588
-6.5501
5.867
8.9981
-6.9009
29.977
14.406
31.209
24.362
-6.2866
-38.2
-17.802
-2.9796
8.1838
9.8996
14.425
17.911
34.486
18.637
29.267
-4.3487
-13.709
-11.335
-9.3958
-3.5991
-30.864
-16.273
-11.032
29.596
3.3158
41.752
34.577
47.108
12.672
