24.022
36.041
-27.515
-20.818
-11.352
-22.213
-24.84
1.3513
4.0852
-28.098
-10.099
3.942
6.0507
-5.773
9.2619
-27.086
22.439
-5.1397
7.3041
-3.5852
-11.033
10.01
3.8477
-1.6991
-6.4024
16.815
8.2396
17.62
0.6633
9.9899
-12.158
-17.078
-7.1777
-13.297
-8.6697
0.52571
19.956
23.613
8.3018
-9.5802
2.6472
-33.442
9.4935
26.196
8.9333
17.164
23.744
8.1426
-13.057
-3.394
-5.5035
-1.1732
-6.2123
-10.562
-36.623
-17.884
13.561
-9.8526
-12.743
-18.638
10.478
-1.2852
-14.889
4.3353
1.9894
22.11
-26.036
-10.338
2.6284
8.7802
19.581
28.143
12.236
4.4651
-0.69436
11.415
22.13
8.8832
5.7247
19.064
-5.6419
-14.614
-14.664
-16.506
-19.097
-2.5457
-8.352
2.357
-5.973
-19.976
4.2026
-10.399
19.865
23.956
22.194
-19.606
-37.909
-8.5769
0.018777
-8.2505
7.1669
19.978
17.743
0.79009
4.2371
-18.934
1.9659
0.92227
-1.089
1.5856
10.469
-10.17
-0.89863
-15.054
4.3651
15.729
5.3588
4.8851
4.2665
20.259
17.826
15.344
0.23496
-3.5219
-22.276
-11.222
-14.286
-45.032
-48.158
-28.422
-17.487
25.889
37.93
42.234
27.991
9.314
1.3515
20.855
-15.582
-31.563
9.3152
29.601
32.755
-13.101
-12.936
6.6453
31.059
-3.5606
-9.4678
-25.153
-33.287
-19.073
-22.479
-35.479
-5.1755
3.2453
5.957
17.298
1.5208
20.29
2.5831
0.69911
-1.7813
11.577
9.4012
-11.202
6.1417
-2.6201
-6.6534
16.746
22.27
11.244
0.54874
-8.2386
-27.236
11.483
27.118
-2.792
7.3791
8.1651
11.762
15.989
3.1889
10.609
-2.4712
-30.593
-31.247
-26.988
-33.906
-4.542
4.2309
-26.699
-17.547
-8.5306
-8.0581
14.072
5.9043
3.0804
18.77
18.171
17.412
16.279
26.397
20.411
8.0395
-14.446
-14.314
11.883
-12.531
2.4545
-13.645
-4.2235
-3.2725
-13.464
1.1795
21.969
8.1764
-1.6266
-0.73054
12.422
17.756
-2.6526
6.9271
-5.6635
-10.134
-14.918
-6.5464
8.115
-33.913
-16.106
0.64
10.529
3.6832
-3.873
-26.339
-9.5332
10.945
7.6377
-2.9434
-3.6782
-12.137
-6.6983
8.3101
1.3625
-1.1608
10.034
12.627
13.702
7.4395
26.179
17.977
21.629
4.3402
-14.475
-0.89074
