-18.116
-19.939
-27.051
-42.005
-2.4545
-1.3551
26.586
32.867
-0.64926
-11.387
-1.3782
0.81535
14.798
7.5032
6.4109
42.111
55.447
20.442
-34.751
-37.078
-17.987
-21.162
7.8707
6.9781
22.159
16.085
-21.077
-32.682
1.1192
13.791
-1.5005
-3.3952
0.19191
7.4603
-9.2336
-23.217
-20.97
11.586
-6.9149
8.6318
16.853
1.424
15.869
10.03
-41.826
7.3676
-9.76
-31.735
-10.354
10.712
18.306
1.0024
20.507
31.222
-12.033
-4.9616
-18.597
-6.6344
-20.366
-15.283
-22.906
-26.097
11.199
2.5296
-9.9282
-11.153
16.494
64.502
61.238
20.834
9.6831
45.901
27.867
16.329
-18.867
3.1655
-3.8736
-0.022717
-5.5177
-9.7883
-32.238
-28.4
-24.046
-52.912
-25.224
2.6633
35.111
16.141
16.696
-11.27
-0.68279
-3.4833
-5.986
-38.472
-14.187
-25.599
-4.8505
-28.441
-16.013
-22.968
1.3229
12.481
16.171
24.518
6.7351
-0.35462
-36.304
-7.256
16.344
43.752
39.493
44
67.569
21.716
1.8713
4.5634
11.096
9.5973
13.035
3.4008
-9.7008
-6.4887
-22.393
16.771
40.117
34.595
-13.933
-43.437
-50.391
-54.47
-44.051
-35.291
-27.396
-37.625
4.4676
4.9726
1.4977
3.0841
-5.013
-3.9254
26.825
-5.0864
-16.712
-0.52422
-14.723
-23.685
-23.326
1.2861
7.9273
13.956
60.334
53.12
24.503
14.37
11.069
34.894
26.562
1.1039
-18.731
-26.331
8.7046
1.8312
25.764
24.383
47.944
32.535
-21.735
-31.851
-28.207
-55.062
-37.064
-24.231
22.536
33.701
-11.367
10.238
6.8673
-25.079
1.0732
1.1035
-11.019
-13.388
-50.201
-37.248
-29.937
16.34
4.5363
-13.365
1.0736
-13.881
-9.1748
-37.346
11.297
19.706
51.194
26.129
-6.372
17.053
30.275
28.474
36.494
25.642
0.27005
21.106
16.044
-8.6889
-26.177
-39.032
-11.107
0.91201
-9.2527
7.4311
19.766
20.487
-2.8059
16.766
-3.2659
15.94
33.763
17.246
-5.3486
-27.741
-62.635
-39.726
-55.305
-17.476
-3.1892
19.816
3.3468
-4.4543
-16.32
-18.751
-3.1073
-11.811
-11.804
-20.928
22.003
16.854
24.185
3.5495
-1.6077
-1.2327
6.8755
5.9668
17.349
44.595
33.632
27.912
36.36
30.49
-33.891
-8.7477
-9.0187
-30.659
-7.1763
-38.304
-11.573
-18.716
18.204
7.9689
2.0752
-10.519
17.247
40.747
36.268
-6.6236
-17.811
-6.1072
-12.166
-16.837
-27.201
-10.684
-1.8809
-4.6093
-5.8202
-5.1095
-0.65378
6.0087
-26.068
-23.864
18.404
21.084
-2.2398
15.218
-0.013802
1.7576
11.515
40.839
