-111.74
-47.199
35.655
77.319
68.646
-20.207
-152.17
4.9285
-67.723
-15.244
68.917
91.598
23.028
102.83
29.732
17.478
-68.633
-86.601
-6.5929
-44.976
28.474
10.013
20.075
-51.861
-32.434
-19.52
82.56
-132.38
-110.06
-60.976
40.475
11.343
28.924
32.708
-25.96
19.539
11.599
32.669
18.396
24.342
54.746
11.659
22.478
-80.92
-101.45
3.2669
56.182
162.71
137.48
9.8488
-96.252
15.644
-31.817
-48.791
-37.104
13.182
4.8814
31.802
60.999
72.703
35.06
-109.16
-64.972
-54.486
-80.615
-78.699
-73.695
-36.454
-29.388
67.98
79.88
16.831
29.003
-15.299
61.466
-49.141
-15.43
15.705
103.91
46.313
10.667
22.815
-30.291
-48.653
-18.616
55.598
-68.614
-43.291
18.269
41.383
34.092
44.384
15.052
-11.73
-48.423
14.689
-44.927
-61.734
-10.36
44.505
64.355
61.628
-19.6
-9.7403
43.212
24.816
-69.541
-83.448
-99.988
-54.488
-45.056
43.446
23.479
24.595
-62.456
4.7889
123.03
135.24
-54.645
-107.34
-12.807
54.846
46.434
42.119
-55.778
4.4213
76.03
59.122
-34.011
49.162
-4.0016
-11.848
-1.1246
7.2176
-39.385
-12.546
-34.771
-124.89
-93.579
-45.164
49.194
106.74
88.507
65.382
-108.57
-95.782
-26.715
-43.929
-5.0765
-11.384
85.067
26.13
33.419
55.517
30.617
-39.677
8.3901
1.9141
19.782
69.423
78.148
-36.908
-41.658
-13.588
-25.524
-41.676
-64.713
19.934
68.769
11.744
-37.353
-4.3041
NaN
NaN
NaN
NaN
NaN
NaN
-33.714
12.079
17.628
38.36
-38.931
-17.354
-70.387
24.804
-24.759
26.673
56.911
27.012
-66.174
-41.26
13.749
23.053
61.251
-4.0242
-14.562
-57.065
16.917
102.92
78.519
-97.229
-111.78
-72.363
-5.124
54.518
68.645
1.1346
18.598
25.947
-15.887
54.281
86.246
-30.947
-104.07
57.331
75.728
9.6738
-42.977
-38.545
-31.965
-36.656
5.676
-4.9885
-14.472
-35.723
43.744
-15.49
-75.252
-74.73
-36.334
23.153
-11.837
49.659
62.028
-100.17
-71.622
87.949
61.41
66.958
141.42
18.564
36.698
92.911
-16.303
-88.123
-88.242
17.851
62.052
0.49327
-27.125
-66.277
-65.837
-58.053
-46.655
1.7064
10.697
37.013
-26.779
-62.754
-29.513
52.965
23.377
107.85
120.78
5.7749
-96.684
-24.172
20.976
38.659
36.488
26.057
5.507
-86.715
-74.746
-31.323
19.627
60.342
45.949
43.184
7.375
-5.2495
-127.8
-48.459
2.1902
-18.24
-50.617
-40.287
55.409
48.29
-26.945
-99.882
54.876
103.49
69.927
-49.216
-25.702
-12.186
32.495
-7.4135
98.044
46.743
42.332
-115.86
-52.688
27.921
30.928
40.321
67.305
47.358
15.287
-70.04
-73.395
-35.445
-75.567
-8.3598
30.173
68.079
17.349
-35.376
2.1863
-60.575
-58.48
-54.143
-0.83142
1.0013
-44.096
32.554
89.959
31.006
-100.69
-62.443
-6.3486
53.409
60.081
126.47
86.948
