1.2928
-7.3634
17.19
-34.201
-61.55
-60.363
-27.971
0.82949
-55.8
-17.359
29.679
33.096
7.4694
7.8423
-35.836
-9.5942
6.6013
71.222
34.656
16.433
-63.148
-47.915
-13.437
-14.144
-50.276
66.531
107.85
98.855
11.583
28.992
60.891
-8.0032
-81.785
-98.53
-12.251
58.68
138.98
25.996
-56.157
-34.834
-58.218
-39.884
-31.429
-34.231
-111.1
4.2355
5.4357
35.525
40.494
8.0845
17.376
-35.608
-10.87
-28.177
6.094
32.932
36.784
-8.7521
43.873
50.516
56.283
5.4955
-60.655
36.685
16.188
-54.777
-67.447
-68.237
-16.46
34.414
20.081
25.163
21.25
0.1466
5.1714
-3.7094
-34.41
-12.645
-24.168
85.432
-1.9028
-54.182
-0.52743
35.204
35.696
81.877
-12.082
-54.217
-54.094
-4.2107
39.231
89.693
42.354
-92.21
-88.259
-10.57
17.816
-49.912
-88.173
-23.455
55.726
78.182
104.17
78.349
-31.795
-57.11
-37.218
-2.94
-33.705
-37.477
-27.487
36.662
31.669
8.7837
50.761
32.609
22.61
-67.103
-54.149
-25.594
-45.294
-63.926
-3.4463
-30.574
9.6782
48.639
75.592
92.775
112.01
46.789
-60.187
39.7
40.392
16.698
-71.176
-82.58
-16.342
-40.73
-40.881
-127.57
-74.463
76.818
40.786
18.488
17.637
28.305
18.152
-26.904
30.58
79.11
46.779
-24.516
6.8862
-2.3124
77.234
-14.032
-47.233
-43.516
1.2104
-63.797
-48.656
-30.339
-22.133
23.081
-44.336
-49.853
-3.319
43.96
49.429
-42.22
-20.272
22.26
52.908
-0.31827
86.986
88.317
28.737
26.672
-27.543
11.317
-34.269
2.4022
-34.245
21.532
1.1839
-66.741
78.28
42.202
-54.629
-86.648
20.954
59.871
12.639
-123.92
-130.91
-49.449
34.12
26.678
38.551
39.789
-18.047
-45.241
46.457
53.544
32.487
-35.115
-31.058
52.051
66.768
31.27
-68.647
-71.268
-25.788
37.098
21.111
22.591
7.1665
53.701
50.365
28.808
-5.7098
-68.808
-58.735
-33.075
-27
12.496
32.114
69.689
-28.826
-52.379
4.5175
0.30691
17.653
13.737
-11.995
-42.3
27.058
-74.614
-29.922
19.612
-6.2134
-28.844
50.279
71.116
61.657
-29.283
-55.366
49.486
40.298
-12.774
47.652
52.232
23.302
-23.556
-55.443
-69.787
-3.5769
-7.2632
12.072
22.776
NaN
NaN
NaN
NaN
25.967
79.378
-45.253
0.31068
7.0894
29.298
33.378
39.169
-71.458
-95.41
19.793
74.892
22.673
53.344
95.841
79.494
74.245
68.344
9.7264
-130.51
-54.6
-7.7336
-10.385
-13.844
-33.358
8.7041
14.952
-57.015
-46.817
-23.967
-3.3309
-77.304
-86.391
-8.8704
35.794
59.891
51.055
41.705
7.2637
-13.188
-77.06
-25.468
43.42
53.575
10.75
-41.088
4.228
22.467
59.4
9.4869
34.056
11.741
30.902
5.1158
-54.853
-99.23
-41.017
-7.0331
29.625
43.263
62.405
92.823
56.216
-27.548
-50.516
-7.1291
-2.837
-7.9962
