33.191
6.0042
-20.691
19.6
49.179
120.46
128.32
-3.3614
20.418
-1.204
-89.967
-46.436
-14.604
-31.534
-55.823
-15.874
11.034
0.47796
-78.558
2.4694
43.757
-12.982
-32.939
-71.76
0.21361
0.097215
-9.1977
-33.879
79.281
99.855
86.009
58.937
84.827
33.907
19.2
-41.811
31.714
25.537
-18.526
-81.512
-43.82
-56.708
-75.865
-18.982
-68.224
-52.425
29.371
35.861
-87.222
-53.211
26.263
38.019
63.636
42.97
22.005
4.0254
-17.313
-93.341
-34.354
33.301
50.701
18.388
-44.265
-37.885
53.303
123.23
179.68
51.892
-58.897
-80.539
13.421
-34.727
-67.377
32.787
162.06
72.809
-117.44
-51.884
-10.726
-61.199
-99.096
-97.519
-38.473
20.419
-7.5619
-55.535
-27.958
112.38
143.43
8.9282
-51.375
9.4262
46.228
52.134
14.84
-58.276
-17.755
-6.1999
-15.373
-14.513
-58.284
13.451
51.426
54.287
-2.7595
-43.855
11.017
47.861
27.625
-12.356
-51.041
17.498
38.561
-38.567
-94.247
-45.396
27.615
94.732
29.276
-42.471
-13.799
30.911
59.983
-113.05
8.3008
-17.377
-8.9699
-25.088
19.972
111.3
42.481
-24.679
-64.953
-98.69
-22.569
82.751
89.355
7.7367
-23.643
-17.657
-31.167
15.124
31.908
-25.986
-6.3257
41.31
-48.417
-77.73
-42.823
9.8709
-27.877
80.87
56.564
72.243
84.363
33.298
-41.004
-48.758
4.8425
14.903
-37.167
-16.266
-15.256
5.071
-102.3
-135.39
15.221
34.636
18.316
37.698
-2.3047
-98.791
13.944
49.008
30.824
47.973
-29.333
-25.867
59.821
98.04
72.104
-93.579
-59.343
54.101
-0.53894
-79.834
45.991
147.87
62.389
-27.879
-67.459
-66.833
2.0249
3.8509
9.9095
18.618
77.485
2.0039
-57.873
-14.682
-36.093
-121.71
-145.74
-49.011
-5.3641
-14.837
34.178
75.864
48.958
61.039
53.728
15.511
30.697
33.411
-23.07
-7.6483
47.69
70.449
-53.394
-83.207
-22.127
0.42059
-31.678
-65.883
27.985
24.162
61.549
-16.246
-113.71
-26.941
36.674
32.219
59.804
44.983
51.568
28.2
-9.4133
-52.766
-31.769
-26.975
-30.942
23.733
62.127
-67.622
13.27
44.273
-32.474
-78
26.568
98.95
116.61
86.938
66.697
-14.993
-91.138
-91.567
-64.975
-57.645
-73.339
-32.551
-77.187
-93.545
-58.84
19.371
0.22691
40.152
21.753
43.273
49.841
20.745
9.242
17.57
27.89
59.969
77.196
39.029
11.163
12.29
12.351
67.517
21.029
-72.295
-39.698
37.665
27.212
-33.387
-43.929
35.386
45.762
49.245
-52.345
-101.13
37.299
36.75
-82.451
-77.043
-93.439
-110.89
-61.944
45.234
29.893
53.223
22.336
64.285
14.681
-62.948
7.7266
80.382
51.063
-18.684
-67.374
-38.922
33.074
-19.966
-45.414
-8.5981
33.43
4.0133
24.945
29.305
86.391
22.974
-3.3652
11.537
19.299
18.995
37.887
-17.542
4.9029
-9.857
70.636
34.994
0.98114
-63.354
-9.7537
40.367
-72.452
-85.718
-34.961
-34.698
-16.428
-44.46
-83.635
-79.48
36.205
-4.286
-17.126
-3.1101
21.378
97.364
