-39.174
-7.7355
0.93679
-39.555
6.7704
7.9156
4.4848
12.937
-12.94
-58.198
-43.997
-8.2387
32.874
108.59
44.36
5.5557
34.506
29.716
16.629
18.463
-47.408
-76.669
-39.843
-46.953
-83.713
10.893
51.459
24.184
-0.011965
-13.698
22.98
-6.6887
-31.126
5.6156
2.4708
21.325
57.689
36.695
-16.546
-4.3761
-14.791
11.436
11.182
15.559
-29.207
-1.7577
10.395
20.261
17.705
9.5809
16.385
-3.2461
-36.088
-35.755
-46.434
-13.683
1.3556
-5.517
1.5548
64.971
54.874
-1.5974
-36.514
-25.556
-62.086
-46.567
-18.763
-4.1562
-5.222
8.6704
73.317
-5.2728
-19.117
-7.5135
17.259
28.084
78.403
43.959
7.0959
51.244
20.068
-64.607
-54.854
-24.488
10.42
44.354
-19.744
-69.454
-43.962
-10.158
7.9242
17.099
17.251
-17.611
-15.63
8.9413
17.278
-5.4157
-11.783
-9.2107
24.09
30.465
29.02
31.64
-12.198
-34.892
-30.32
13.231
2.5056
-7.1342
10.412
6.9938
8.8733
-2.5593
-9.4711
17.073
45.264
-21.049
-54.653
-14.057
4.0958
-20.569
9.068
-23.853
-43.809
16.551
81.237
64.467
25.916
-34.895
-49.127
-5.4429
19.894
18.819
-13.266
-59.767
-22.373
-4.5783
-11.404
-33.915
-6.9479
60.528
45.748
2.1175
-7.8735
9.3477
31.823
4.2581
6.127
10.525
3.1927
-1.2951
-17.451
3.8538
56.501
8.6189
-24.495
-25.906
11.468
-33.952
-23.278
-29.7
-30.252
-8.7948
-36.338
-60.702
0.67078
23.626
48.683
-7.2436
-9.6252
16.692
56.441
19.669
44.434
73.109
20.009
-50.325
-47.997
-11.473
8.4452
19.912
1.0715
16.784
-1.3307
-39.432
21.931
23.654
-34.133
-48.412
39.346
57.308
-27.875
-83.176
-78.933
-28.551
-3.4666
-21.555
10.318
37.248
15.004
4.2946
31.678
59.701
10.783
7.3007
3.5672
70.691
49.168
26.587
-17.264
-64.376
-54.01
14.69
-1.9078
-7.449
-8.6609
20.948
-10.399
-33.076
-23.147
-22.611
-31.503
-14.763
5.7949
18.092
10.651
49.839
-15.43
-34.684
-25.493
5.3753
-11.437
10.34
40.058
9.3906
14.431
-38.444
-22.71
37.741
15.992
1.0227
68.519
73.596
42.94
-37.825
-44.192
5.4838
-12.486
-53.704
-13.746
24.809
-5.3168
-13.109
-14.031
-16.501
-7.5167
22.419
34.196
34.138
NaN
NaN
NaN
NaN
24.856
27.853
-27.972
-7.0831
20.584
44.556
58.364
20.515
-9.6427
-8.4678
1.3276
42.737
23.03
-12.009
-53.739
-38.098
31.57
67.343
64.944
-104.76
-26.468
-28.226
32.38
41.512
12.752
-20.004
-28.365
-9.4013
18.43
3.994
3.8214
-11.073
-20.48
-10.338
-16.023
44.223
31.678
40.276
16.221
-24.982
-57.81
-42.963
-10.866
-26.252
-26.61
-16.606
-1.6524
20.509
18.756
15.663
16.118
24.233
21.962
42.798
-15.919
-40.942
-27.677
-6.06
5.828
-10.228
54.474
56.952
61.519
9.5589
-38.333
-22.056
-18.302
-12.283
