8.9826
2.5191
-26.408
16.692
56.091
26.88
63.468
3.5635
34.722
62.897
2.5342
2.7526
49.71
36.841
-16.539
5.6223
84.007
26.454
3.077
-93.521
-46.519
-31.668
16.861
-28.324
-98.867
-57.97
1.5725
-1.6126
0.29169
18.186
-29.031
-44.434
-20.867
44.65
32.339
-33.736
-3.1874
20.824
20.123
16.841
-54.004
12.504
-2.1269
15.003
28.333
23.284
17.084
17.953
10.923
27.939
27.173
-7.6008
27.785
30.69
-10.116
12.938
23.189
39.508
14.319
-86.96
-115.78
-54.876
-101.31
-47.297
-17.559
34.821
66.53
41.229
52.621
-13.416
32.784
76.15
82.451
-11.792
-68.38
19.149
34.262
36.381
3.2342
5.1067
-74.464
-91.006
-72.197
-45.605
-18.837
30.27
-9.6568
-29.174
30.644
5.5717
29.314
38.151
-15.582
-32.596
-12.816
26.085
10.666
55.64
-10.6
-32.241
16.607
14.539
-33.899
30.3
22.304
35.814
-4.0609
-18.154
22.838
35.559
41.629
56.468
20.186
19.685
-45.088
-27.504
-19.064
6.5027
18.118
-57.187
-55.731
-34.648
-53.133
-29.875
-62.704
11.83
66.358
-4.1668
-44.834
-110.44
-22.888
84.294
3.8195
8.7217
53.293
91.463
74.774
4.2789
-15.052
-81.342
0.56631
10.544
-18.262
-18.509
11.925
25.168
78.773
50.498
-30.895
-38.279
27.193
73.245
53.508
33.239
7.9222
-42.08
-57.1
-7.4183
-7.145
-68.844
-63.464
-78.608
1.9539
6.48
-74.73
-63.065
6.1432
-10.802
1.5761
-13.644
47.529
19.471
0.34022
84.814
40.757
53.756
-11.088
4.9932
10.528
63.266
95.148
96.004
8.1633
-28.075
1.2777
-83.954
-41.881
-63.898
16.466
13.691
-70.277
-40.102
-21.393
-23.834
-95.273
-54.328
24.648
2.2889
20.967
-6.8968
-19.872
22.715
77.131
51.723
29.868
-9.9812
-10.365
31.391
41.224
27.612
18.421
-4.1481
-19.831
-30.973
70.093
-33.956
-3.1684
54.443
11.948
-39.265
-41.701
-3.8816
19.248
9.4967
0.69774
0.91657
-28.4
-11.902
-60.521
-34.006
-81.692
-41.934
-9.4343
28.354
67.582
7.0822
48.331
-30.294
-45.997
36.621
54.175
54.268
80.896
8.7969
-60.929
-111.15
-30.692
23.768
-17.216
-17.401
-27.68
23.181
48.304
38.105
46.755
16.854
57.282
54.254
44.928
11.083
NaN
NaN
NaN
NaN
-12.515
-2.984
7.2934
63.571
70.636
20.289
-5.3666
-72.414
-54.916
49.697
49.663
49.638
28.03
-38.282
-93.693
-88.757
-46.079
-64.64
8.8141
-22.52
-9.4052
58.122
16.267
32.706
30.894
27.796
15.721
-24.465
-1.4651
28.155
7.3329
33.674
9.3485
29.171
19.975
79.763
42.336
10.597
12.273
-42.683
-15.226
-51.575
-58.961
-44.102
-39.006
-1.9208
17.871
27.472
-22.745
15.057
-6.2296
3.322
28.666
53.202
-11.896
-18.616
-36.346
-47.538
-5.5642
-0.28269
0.81152
58.044
-24.58
-59.487
-43.785
-2.1028
-30.301
-31.669
