-79.097
-1.0488
21.611
18.448
-24.186
34.539
-101.75
71.924
35.345
64.653
-13.11
57.626
53.232
-13.492
-65.415
-30.795
-47.74
-85.078
-15.545
3.058
17.374
74.534
17.59
25.048
-21.38
-32.444
-9.4078
-43.626
-7.0872
46.098
50.203
-28.916
-15.058
-10.544
-41.41
7.6432
66.545
-1.3527
-0.098673
0.1307
-15.8
-33.521
-19.843
3.312
29.738
8.1435
-28.278
-73.49
13.111
21.933
82.499
-2.0895
46.091
37.156
-15.976
-20.841
-26.762
3.7033
-47.265
-7.8745
36.585
28.196
56.863
-1.7456
-15.219
-68.924
-36.537
82.097
6.8323
15.702
30.445
-34.985
-75.075
-91.675
-17.594
2.0136
-18.002
5.233
21.327
18.669
0.039049
24.562
-20.039
33.327
86.818
80.741
37.422
-69.75
-62.421
-0.19314
-8.6099
-54.037
-32.063
62.848
68.27
54.222
28.208
1.9008
-81.784
-82.601
-10.488
-2.8878
45.994
-40.627
-64.201
-3.0268
-41.065
-5.5926
11.568
-43.946
79.338
38.573
14.723
108.59
-50.199
-11.359
24.57
23.662
59.873
70.9
34.634
-29.743
-1.4455
-58.362
-6.0474
-26.968
-76.345
-34.282
-66.521
-71.546
-12.905
3.5636
-4.8675
16.143
17.661
23.957
-0.022221
11.917
27.677
23.026
-13.493
-32.371
44.995
92.823
83.443
-8.9749
-30.546
40.648
-11.254
18.893
-75.638
-68.583
-0.58234
15.114
22.48
12.862
4.5296
-12.158
-47.935
-22.757
-35.028
20.624
35.002
-6.4696
31.28
-8.741
6.4077
-17.343
55.262
38.903
-13.374
-33.665
-80.282
-36.993
8.656
47.479
-1.9474
0.38937
-13.154
-19.277
-22.907
-48.928
-79.55
-25.12
0.49685
62.052
18.888
102.33
137.78
86.972
-4.864
19.935
3.9788
4.8101
-17.266
44.147
-45.614
10.559
-48.435
-41.317
-82.987
-60.845
-11.101
-59.58
-32.427
86.485
31.359
15.645
-112.1
-4.3915
43.655
0.72561
71.135
-31.145
-48.959
-5.206
10.106
28.634
-15.159
-43.811
3.0545
58.206
-7.7374
-15.851
-21.782
73.888
74.93
94.581
-18.347
-56.272
102.83
15.972
44.184
-35.073
-35.838
33.854
-11.905
-92.691
-42.182
-43.27
-71.492
51.502
-58.037
-66.901
6.762
9.6851
-24.814
-34.869
56.125
38.354
10.295
10.681
63.685
3.1454
42.162
