-30.315
-46.407
72.109
83.102
-27.416
-53.969
-87.395
-10.656
-13.753
79.802
39.213
51.072
71.45
114.43
8.59
-68.515
-84.509
-12.381
62.608
35.819
-44.706
-21.57
-9.2026
29.789
31.702
53.107
23.023
-24.268
-129.81
-81.385
38.586
-50.274
-40.486
28.288
11.435
41.195
40.062
81.048
63.107
-11.325
-73.055
-62.378
-56.859
9.4377
-7.9194
-32.826
-27.484
-40.844
-23.032
55.495
117.37
24.344
60.109
-34.359
-112.04
-43.266
13.919
-8.6121
-32.106
31.044
62.798
58.704
67.661
35.062
32.338
-17.08
33.372
54.792
-33.533
-64.895
25.267
3.3816
-41.289
-111.27
-69.165
-20.594
74.747
20.083
-25.176
-46.545
-25.331
-39.791
-8.5948
4.6643
26.281
109.11
72.922
-20.902
-16.097
5.6437
-27.482
-79.738
-9.0103
38.286
-28.442
34.814
59.199
12.611
-93.403
-42.412
32.54
102.13
74.096
-10.139
-54.609
-14.76
-55.946
-39.322
-51.134
-2.1116
23.577
-8.8638
72.722
125.7
14.788
-85.266
-67.08
63.254
100.54
107.65
-34.719
-15.006
14.528
3.8812
43.102
-31.471
-124.79
-61.66
-50.931
-56.461
-105.27
-86.904
-37.092
12.898
39.163
47.668
-9.5723
35.321
45.696
31.256
28.008
36.089
48.822
40.175
61.98
32.049
-20.17
-58.709
-14.699
84.615
-18.92
31.702
37.791
-31.827
-35.59
1.0095
-91.247
-44.399
10.307
21.552
23.922
10.943
-82.279
-62.384
8.4258
27.555
1.4259
58.234
69.929
100.52
101.25
7.7337
-140.1
-75.245
-76.748
-18.018
-29.767
-55.263
-38.214
-79.471
-87.769
-0.052553
-8.8321
-22.508
-11.28
31.963
116.33
146
172.95
19.681
-12.049
37.679
71.231
113.86
25.012
-79.384
-50.525
56.919
-11.018
-40.144
-42.729
-20.816
-7.645
-29.752
-9.8729
-26.452
-46.487
-57.831
-100.46
-44.518
-75.643
-12.918
17.801
11.532
-4.624
-8.0516
6.692
13.487
47.403
6.5058
-11.222
-16.874
3.527
23.821
61.999
120.86
103.45
7.1885
-20.644
34.598
139.86
36.684
-27.591
-103.29
-66.884
-28.818
14.313
-3.7793
-53.614
-6.6682
-51.242
-28.404
-69.772
-0.32289
54.938
104.62
17.623
-60.234
-40.494
-13.311
34.171
-41.514
-37.534
-29.316
32.689
