-12.417
1.0628
-36.764
-28.428
-75.451
-8.098
40.59
86.187
5.857
-38.673
11.09
-22.947
-7.3043
129.39
114.43
18.353
-26.402
-90.814
-33.884
-28.212
26.569
11.096
11.603
-44.553
-51.512
-1.8883
-5.0239
-87.095
-63.989
-61.814
35.942
38.565
52.7
37.827
-9.138
39.029
49.515
42.561
3.6472
20.202
15.581
-35.598
-93.256
-50.293
-63.841
42.774
86.893
114.25
63.045
-61.984
-75.366
24.113
-23.96
-72.162
-10.344
22.305
13.253
60.238
78.109
38.568
-54.325
-126.87
-31.53
-40.818
-34.988
31.075
55.106
80.011
-31.998
-9.3837
-2.4055
-24.18
38.116
43.146
62.02
-47.674
-112.61
-52.777
79.281
77.674
64.652
-36.08
-54.424
20.022
-28.118
-43.921
-47.975
-34.05
30.473
24.823
12.192
-12.646
-2.8138
2.4408
2.6744
89.66
41.065
-63.968
-42.808
-20.459
9.6526
94.685
-1.4457
-43.923
-17.983
-6.9233
17.663
-11.259
-55.382
-45.54
15.631
61.8
33.695
44.37
10.003
56.366
112.81
15.141
-83.98
-159.04
-64.401
52.673
20.638
26.602
-40.104
-72.712
10.638
77.049
-25.644
4.1209
20.482
4.4148
51.723
-42.448
-72.378
10.888
-0.89892
-151.05
-69.637
13.331
41.393
57.405
50.5
108.08
27.671
-42.18
-17.257
42.567
21.293
3.955
2.4368
25.961
41.777
16.028
37.324
-35.813
12.405
-10.78
-54.746
-8.2535
-4.8561
13.531
31.007
-36.651
-39.675
-25.34
11.869
6.4459
-32.978
-89.688
-22.513
27.661
NaN
NaN
NaN
NaN
NaN
NaN
76.275
16.731
-65.602
-37.079
0.78307
-13.904
-0.76265
55.257
17.523
13.049
59.976
108.11
46.83
51.533
35.661
44.364
20.74
-36.929
-67.913
-45.462
-37.445
-19.083
-106.92
-127.76
-51.065
-24.666
38.719
51.576
-27.314
-39.991
75.663
52.499
17.81
57.487
49.192
-59.559
-58.802
39.918
33.615
-18.915
6.4261
36.855
-16.268
-6.3094
4.8946
21.984
2.4976
-8.8088
57.818
-47.795
-131.38
-90.667
-10.49
14.042
44.176
62.328
29.451
-69.673
-70.388
-37.297
115.86
89.629
133.03
63.142
18.481
33.571
-10.192
-75.974
-113.44
-37.606
58.231
13.709
-22.971
-42.683
-63.217
-20.718
-31.83
12.433
-2.7458
54.472
22.653
-61.671
-22.359
20.197
36.679
-2.471
16.747
-43.818
-32.478
39.029
1.0408
-32.106
4.9504
27.301
39.179
18.158
48.439
-0.51499
28.834
37.822
11.872
-7.5508
28.71
-0.18642
-47.982
-70.619
-45.886
-43.361
-54.712
-45.986
135.69
84.943
-26.807
-69.074
-6.6963
17.501
-10.747
-31.156
29.817
-5.6428
10.261
-17.247
44.419
53.039
23.363
-30.491
-28.27
8.9264
-36.755
-18.975
-9.7024
33.993
-10.872
6.6451
-25.743
-6.2739
5.9011
33.261
24.676
73.224
44.257
-14.191
-29.943
-21.198
-33.18
-52.526
21.336
23.595
-45.281
-24.065
-39.17
13.668
-16.548
8.6139
-7.2071
-10.289
33.442
54.642
44.721
