-81.115
40.877
48.602
43.741
-16.001
-48.002
-37.495
-55.373
-35.557
-4.9588
-9.757
-4.9171
30.886
-31.602
16.729
63.026
-6.934
-79.893
-55.206
-5.7165
29.051
39.561
15.375
29.269
-17.976
23.451
67.753
4.9363
14.682
12.069
-8.1539
-0.63472
37.331
-30.735
-26.32
-9.9238
24.97
40.914
29.196
-55.636
-32.824
40.361
-1.6738
-57.841
-63.926
14.824
35.342
26.192
6.7019
14.127
-39.581
-18.749
18.101
-67.574
-61.124
-68.787
-4.9586
3.8303
-48.541
16.578
60.532
59.452
46.653
53.991
52.924
46.108
23.201
37.036
28.048
-43.257
-46.672
-19.617
4.6987
-14.776
23.537
0.7266
-54.1
11.635
33.656
18.509
-42.084
-91.977
-42.992
-55.827
-7.4213
34.64
42.685
-2.0935
22.63
16.921
29.861
-18.319
-18.416
-27.638
-20.156
-19.344
9.041
27.19
23.863
-12.749
-14.971
39.897
31.377
55.569
23.051
28.344
-5.5039
8.91
-2.1146
-11.335
28.296
18.787
6.8256
-44.081
-78.154
-67.143
-35.809
-45.083
-11.483
8.2825
-12.257
2.0303
-62.647
-19.053
35.031
51.771
45.732
67.308
69.804
44.278
31.108
-1.7659
-10.26
-11.24
-4.6659
-13.592
-18.246
-35.125
-1.9814
-18.253
-55.883
-38.013
-1.4405
48.7
58.652
35.255
-12.223
-38.008
23.746
-3.9521
-33.226
-9.8403
-16.873
-26.544
-50.556
-104.94
-10.578
-16.709
42.114
61.697
86.389
-13.764
47.976
81.991
65.652
11.309
-43.156
-26.246
-3.4961
23.137
5.4958
-0.1969
-21.254
-41.426
-23.931
6.5397
2.3037
-4.9732
11.542
57.127
-0.067198
-54.045
-44.747
17.083
-24.932
-66.484
-51.581
3.469
-0.51879
-20.633
14.52
23.906
19.54
-19.854
-28.307
27.792
34.51
24.085
12.561
40.263
41.51
30.033
28.377
10.678
-60.809
4.9332
52.32
10.196
-7.0466
29.03
2.0216
-12.024
-21.535
50.768
62.358
-45.427
-62.385
-102.48
-52.161
-16.753
-64.746
-78.496
-43.207
-78.777
-35.973
38.059
77.594
65.579
61.455
31.127
51.05
53.278
98.112
89.68
47.206
-21.981
-42.821
-49.685
-17.302
-10.633
-31.979
17.787
-20.57
-15.77
-52.271
-30.651
-24.761
-44.956
-49.111
-17.381
42.282
41.603
33.195
-0.46922
-23.503
30.323
75.211
37.118
9.4663
-52.93
-60.946
-21.572
5.1598
6.71
-12.689
14.061
47.246
16.148
-11.059
4.916
29.667
29.119
10.704
7.8648
-38.85
-31.009
12.266
16.179
-48.675
-37.478
2.9059
27.163
-36.511
-37.486
-10.173
-10.359
12.509
-11.588
-22.569
-32.719
1.1353
40.095
49.604
46.674
63.811
23.886
-19.186
7.2216
37.677
43.092
11.387
-61.384
-18.389
