-16.906
53.279
-0.11912
67.017
64.096
65.483
39.027
-11.948
31.396
-10.67
42.36
-17.309
32.52
7.2719
-2.7121
22.391
-20.582
2.2815
-19.627
-22.391
-7.3709
5.1079
31.58
-28.309
-63.097
-72.835
-31.577
-43.216
-47.314
29.122
41.259
41.318
-90.225
-82
-1.9744
23.738
52.886
2.3258
3.8622
13.013
48.87
34.48
0.692
32.763
47.292
32.835
165.77
92.618
-13.846
-68.588
-91.812
37.282
1.8399
-100.93
-43.792
9.1231
15.726
34.09
-26.042
-106.04
-37.263
-35.522
5.0772
-1.4943
-2.8651
25.875
30.442
27.577
-15.767
-10.167
-27.648
-36.125
-2.7761
3.6828
-59.692
-69.175
-15.459
52.078
56.461
67.745
72.468
13.369
14.382
30.773
47.029
24.896
16.885
25.897
31.713
20.019
-11.688
-4.0909
-19.134
-4.6704
-25.097
-55.228
0.71718
10.129
-59.764
-39.916
-13.483
-80.363
-139.66
-105.27
-22.83
39.087
53.452
77.894
57.061
55.204
3.4624
26.933
17.777
72.08
-27.899
5.342
33.299
49.179
-29.386
-28.36
-42.05
29.207
4.1708
16.614
-1.5787
8.8749
-10.397
-62.582
-39.484
-5.7778
-1.7526
-48.81
35.875
64.132
-0.44049
-15.962
13.159
41.474
-36.252
40.102
-1.8148
51.203
37.15
-8.5158
-54.596
-7.2538
-7.6686
-54.759
10.857
5.5004
-26.679
-9.4461
-24.417
13.503
-60.952
-38.865
-10.053
-60.043
9.723
33.314
8.8725
-8.1074
44.334
83.865
-8.2172
22.378
35.862
43.232
39.943
-79.144
7.2235
52.414
39.557
-3.7631
12.876
19.311
18.547
-3.7975
-19.812
10.999
49.535
3.1344
-60.378
-118.63
-117.43
-36.052
-16.681
-28.794
-51.364
0.69872
7.6768
9.2298
21.518
39.025
-8.7458
0.90405
-15.082
30.573
76.741
78.682
88.527
59.839
67.826
-11.151
6.7323
-65.48
-126.65
-20.983
25.914
38.039
-74.73
-6.3932
-41.454
-68.739
-33.037
2.0629
39.202
75.374
7.2921
-32.429
13.22
60.199
-29.131
-0.060503
45.595
49.333
58.462
-19.596
-62.934
-67.774
5.3627
56.314
-7.5747
-64.167
-85.835
20.357
31.466
-29.68
2.2119
42.545
-9.6356
3.2272
-46.058
-3.2134
30.742
19.492
-1.5413
-34.17
19.889
7.6797
70.879
45.485
10.093
-44.202
-55.366
8.2144
30.647
11.795
-5.3398
12.782
1.4825
-2.9728
21.762
55.839
13.011
-47.613
9.1577
-44.42
-31.416
-37.108
0.73115
-41.547
30.65
-13.098
-27.335
-31.875
-37.019
0.46458
-4.6539
-22.228
14.909
49.24
24.009
66.009
26.969
-1.7657
19.586
18.404
18.273
44.379
11.252
-35.003
-17.055
-1.9308
49.457
23.85
-4.708
-25.209
5.5099
16.665
-29.793
-67.411
-126.59
-88.465
4.9164
47.467
-0.63203
4.8166
-51.508
-43.439
