-22.183
80.406
15.067
-84.645
-142.65
-117.51
-48.122
4.8173
-68.684
41.147
85.587
79.1
68.673
36.881
13.433
36.137
51.605
11.827
27.585
75.652
30.297
-66.029
-66.985
-23.171
6.3318
-39.727
-12.534
7.9587
13.894
-47.617
28.054
1.7486
-4.675
1.909
-10.392
11.736
17.252
29.145
-13.837
27.038
-0.052837
-94.63
-25.118
15.472
52.344
-10.697
-64.841
10.104
-2.375
-0.61375
5.2863
-25.3
-18.5
-13.432
15.588
6.1263
51.593
16.715
6.587
-22.866
-33.3
54.201
6.1844
-0.99019
24.459
32.614
29.265
-37.27
-49.735
-35.986
-1.7082
45.449
36.318
-19.757
27.389
53.841
31.861
6.0975
-17.481
13.849
-76.995
-95.259
-74.498
-0.85678
61.133
31.392
-0.47437
-15.994
-32.433
0.50977
33.612
45.25
-26.194
-38.536
9.5046
15.204
-6.1085
12.952
-25.407
-2.875
28.682
-5.0245
-17.718
1.3982
82.102
83.099
6.8379
-76.483
-46.16
-10.453
-31
-27.313
-4.2641
23.321
14.241
-4.1168
19.519
50.12
2.1184
-57.834
-55.662
26.973
27.881
48.281
37.626
40.518
-20.774
-27.238
-11.428
9.2807
28.341
-9.5716
-48.323
-72.698
-16.094
23.745
31.162
9.6019
-32.035
18.914
5.9247
7.9409
-15.285
-18.888
-59.257
-9.3719
-4.2318
31.211
19.335
-6.9829
-0.033202
20.488
-5.3067
9.166
7.3231
19.375
18.329
36.928
21.995
-36.2
-21.792
-34.249
14.107
29.752
45.734
43.907
-18.623
-31.843
-29.308
28.941
35.167
-33.456
-35.703
5.3711
-18.422
-26.523
-45.17
-14.206
11.163
30.237
49.953
4.4943
-50.564
-36.413
-23.888
39.728
42.265
-3.8849
3.5421
-10.987
-1.1978
-9.07
9.371
19.762
-3.4592
10.94
-39.331
-2.7428
-14.931
27.23
5.7779
-43.704
-20.71
-17.896
48.816
60.435
-18.901
17.403
-13.913
16.345
21.897
33.175
15.59
74.361
25.759
-23.989
-43.689
2.9315
5.8505
-22.607
-53.644
-71.488
-47.501
-36.892
-42.399
-5.8955
37.366
-9.8648
23.242
27.768
63.482
58.976
29.438
-32.49
-49.085
-12.925
-26.484
2.1866
-0.50813
10.007
-18.365
-30.358
-17.556
47.333
57.623
49.723
-34.601
-21.736
3.4984
59.613
-14.717
-23.899
-16.277
-28.668
-7.3941
-10.862
24.9
83.034
24.968
12.782
-8.9855
15.809
-19.441
10.525
-1.6547
-35.246
-32.014
-24.057
26.315
3.3518
-37.818
-8.5199
-11.393
-18.631
4.5386
-26.583
-82.635
-41.353
10.162
-20.669
8.4334
21.463
22.709
54.663
54.14
52.835
34.608
-34.75
-9.0855
-30.004
9.1554
51.051
-36.879
-15.282
19.327
66.03
63.653
17.142
-8.8293
13.381
6.9422
-18.03
-63.498
-34.638
-13.023
-6.463
8.0566
26.305
-26.301
-3.1517
