-13.433
109.14
-15.759
-13.699
51.935
63.055
72.458
27.083
-1.3604
26.804
49.536
-16.799
-31.525
-85.591
-10.638
15.632
-52.537
-3.6218
11.519
57.128
13.573
19.809
-20.712
-49.117
16.952
-4.3815
-14.37
-127.85
-69.072
14.86
28.533
40.304
-25.958
-31.754
-16.882
16.407
38.853
42.491
-0.81348
-2.0902
34.6
-29.015
-49.199
-35.471
-31.002
58.845
75.026
79.562
-28.531
-17.664
13.063
47.373
80.322
81.159
-48.804
27.373
2.2005
74.117
-13.592
-20.256
-83.599
-114.58
-64.279
-15.268
18.245
-13.359
-15.565
-45.395
-29.031
-22.122
-134.16
-34.129
45.353
55.731
49.096
-16.076
5.3231
50.498
20.714
27.53
19.006
59.517
-10.398
30.69
26.238
34.742
56.431
51.261
-28.263
14.369
-16.589
-35.38
-7.0273
14.85
-62.573
-11.976
-19.076
45.13
-19.639
-26.064
-30.746
-50.327
-2.5807
-107.65
-10.205
4.6298
40.446
48.847
-3.6358
-54.334
-2.1731
41.382
0.4263
-75.49
-24.321
-8.8979
46.524
89.908
79.101
124.76
-20.979
-60.123
-21.027
25.791
35.146
29.219
-20.951
-54.591
-41.374
-15.39
-5.9531
6.5222
71.288
22.99
-10.194
9.5147
23.779
-69.512
-47.539
-16.418
-3.5033
-13.907
-46.212
-16.211
-48.889
-2.5768
-37.26
-19.647
43.63
3.6513
14.108
28.518
-3.2036
1.5502
31.991
41.629
0.3208
-14.086
62.692
98.921
103.98
33.433
-11.081
23.866
-32.658
-24.735
11.877
-38.507
-94.872
-103.49
-77.94
-10.099
17.757
24.863
-22.06
6.6511
-41.461
-52.741
-10.812
28.573
28.25
10.398
1.328
23.627
37.182
37.173
-4.4649
5.6227
-8.5547
32.19
20.796
32.863
-12.032
28.185
23.946
27.614
-40.828
-110.21
9.6916
27.82
70.534
18.78
-7.24
-58.349
-56.421
1.2668
-13.031
81.787
73.267
3.7231
-61.748
-77.29
-24.374
-62.814
5.0215
28.036
66.078
11.238
-84.094
-61.565
-13.959
24.746
-30.067
-20.384
37.224
59.408
60.322
7.7202
16.575
5.6468
22.779
25.362
43.952
12.891
-26.803
-7.6755
-30.656
-68.715
-70.478
3.1623
10.865
74.566
57.557
-21.58
-7.9606
72.091
26.097
-38.21
-22.674
-0.22949
58.713
23.248
-47.933
-76.123
-96.575
-13.973
7.5332
38.041
-19.585
-70.241
-40.429
-20.807
16.452
20.485
4.8845
34.678
38.388
7.0372
26.028
25.641
5.9068
19.055
20.849
41.821
-21.744
-36.679
23.072
-20.576
58.151
15.669
39.747
34.834
-65.281
-35.809
13.08
-30.193
-30.579
-8.8964
27.881
-40.195
13.387
22.975
6.4563
-41.178
-64.661
9.6544
46.551
78.75
8.2925
-50.496
-66.75
-34.154
-20.388
-34.893
-27.119
20.375
26.263
8.7815
-10.429
-48.284
