-19.033
-8.7516
-106.39
-110.25
20.193
63.671
67.321
9.251
-34.009
7.303
67.882
100.98
14.797
22.446
49.569
59.78
-24.189
-87.349
-42.138
5.3935
-57.973
-94.841
5.1999
3.2249
94.295
37.687
-67.835
-95.184
-41.992
-19.989
22.589
24.299
-18.561
-1.577
-32.432
51.206
66.422
38.19
13.354
41.699
70.259
6.6588
-52.866
-61.396
-26.377
26.274
15.158
16.58
-31.45
-14.518
-17.477
-14.542
19.76
-10.19
-17.483
5.4548
47.827
66.257
79.473
-49.015
-172.23
-112.53
-6.0883
39.705
71.219
-13.954
-68.911
16.994
87.054
119.55
52.344
16.52
25.075
37.082
8.4457
-65.439
-91.803
-69.074
-36.352
18.486
-64.574
-0.24938
27.873
31.019
-46.707
-63.984
-40.422
-25.824
3.9432
117.04
81.926
105.39
26.018
-35.706
-74.475
-17.35
50.827
-5.0397
-20.956
-51.46
2.5989
25.306
85.171
53.7
17.716
10.706
18.524
-93.614
-80.453
-37.26
-3.7687
-36.754
-59.256
-11.355
33.007
55.486
-21.454
-15.538
-17.868
21.644
34.119
28.224
-27.587
2.6896
36.705
22.043
27.989
9.2196
47.222
47.997
38.308
-28.173
5.5678
-56.439
-101.08
-106.09
-30.672
12.382
0.72513
-13.829
-32.389
21.943
28.11
50.762
24.614
11.758
73.448
55.999
45.428
-12.984
7.0686
-21.672
-18.089
-3.7045
46.302
-21.394
-129.34
-87.363
36.841
7.2875
-91.614
-102.29
64.189
82.495
119.38
145.98
37.266
-82.825
-100.42
-86.091
-19.991
-14.455
-4.5904
-61.596
-18.788
68.985
96.99
65.148
28.289
3.4377
-8.56
-23.861
3.4413
-7.0064
-9.7294
26.025
37.128
32.955
12.646
-60.43
-109.7
-15.29
4.4784
4.5017
-14.151
2.4354
13.436
30.739
27.703
-36.865
-89.378
-16.454
29.186
51.254
42.107
-27.115
18.666
-7.8366
-93.627
-71.475
25.738
99.384
155.67
113.5
1.8962
-91.644
-44.213
-81.6
9.7833
65.144
54.398
-6.842
-100.35
-83.15
-45.37
3.8324
57.022
21.935
-16.397
29.572
-44.072
-16.523
-18.088
-15.574
22.776
-6.2656
0.10105
40.356
33.969
-11.537
36.53
20.073
46.44
-12.983
-40.749
-8.7702
57.933
42.641
5.2707
-1.4316
-27.05
-79.539
-22.252
-15.956
-10.1
13.708
30.563
NaN
NaN
NaN
NaN
-35.672
13.804
-13.229
-44.859
-51.723
-74.199
-43.792
-8.4853
31.324
43.64
67.243
61.195
92.327
98.539
23.178
-20.995
-72.246
-79.03
-11.958
31.496
26.076
8.9295
-1.0912
44.263
-22.47
-30.834
-57.174
35.92
45.568
21.499
-41.676
-115.01
-42.917
-43.276
-7.9819
3.4263
51.846
35.888
34.923
19.611
9.8071
56.769
4.1731
-2.7392
-30.891
