-0.5786
9.1006
-21.59
-89.563
-22.214
33.515
59.305
-1.2996
-12.779
-11.445
6.4789
37.181
17.73
-39.996
13.126
24.416
-11.732
-71.174
-42.216
15.101
-35.231
-27.803
14.603
7.215
64.443
27.115
4.8936
-8.556
11.176
-23.162
3.6803
20.535
18.198
24.438
-9.0453
13.601
-6.0863
0.53584
-9.8361
18.649
28.811
-12.654
-34.174
-28.939
-1.2025
10.815
9.0073
-21.368
-42.275
-37.567
-14.382
-2.1883
41.058
21.542
-24.839
-22.812
-9.6789
5.935
48.225
31.683
3.6139
-47.251
-12.393
-9.5858
40.239
4.9795
1.6234
37.659
34.179
50.952
1.1102
-3.5589
22.172
15.577
47.403
-30.3
-73.651
-65.119
-32.359
-14.273
-44.749
-31.573
-19.206
2.981
-3.6629
15.692
15.218
2.9424
5.2181
31.166
26.666
13.07
28.5
57.326
-7.5598
-38.073
-9.9771
-35.044
18.366
-7.9743
4.1313
16.141
68.271
40.191
-24.226
-36.122
-29.512
-24.787
-31.824
-0.29356
-22.037
-33.967
2.2355
28.419
7.8538
6.7152
12.05
7.6971
-5.862
36.664
50.243
41.456
-22.365
-15.008
-21.076
1.2511
10.606
-41.339
-27.292
-13.829
-16.155
-5.7189
-26.707
-7.5265
15.216
2.8403
-0.62451
30.641
36.365
9.1924
-47.709
-18.283
-7.9233
9.8631
25.773
4.6923
23.971
19.773
9.7129
-25.1
-5.0175
19.17
29.178
31.631
74.744
10.21
-35.408
-83.877
-18.68
-11.012
-28.816
-37.513
-12.938
2.3613
8.8781
65.12
17.954
-42.962
-28.967
-49.683
-9.718
-19.668
-20.977
-15.688
-11.078
72.523
63.289
65.175
8.1379
21.447
6.0215
2.9773
0.50292
-2.9551
-25.471
-18.763
22.567
30.047
13.363
-35.802
-50.528
-9.0759
2.5065
15.144
-20.186
10.479
10.718
-1.6684
-8.0143
-24.982
-40.098
-31.42
-20.135
3.3062
19.076
9.8791
7.0492
15.517
-9.4815
-46.688
39.55
76.264
97.891
39.628
21.815
-8.4022
-16.408
-75.281
-42.886
-25.139
6.6624
-1.2729
-34.656
-26.374
0.24696
23.426
41.701
4.2814
-7.4435
-22.196
-24.395
-19.773
-25.588
-0.72685
35.427
27.398
0.66232
-8.9072
1.7398
30.235
23.955
2.9628
21.858
28.309
-14.423
-3.2664
-1.7526
-4.1975
5.6847
27.051
2.3932
-29.645
-48.671
-34.13
3.3452
-35.652
9.4729
NaN
NaN
NaN
NaN
5.0522
-0.70919
-20.165
8.5062
-12.155
-4.4271
46.255
-6.4235
33.475
40.01
95.329
52.209
-6.0386
-25.838
-30.914
-26.849
-31.251
-30.802
-63.996
-21.332
-4.6265
16.242
19.232
7.4402
-12.796
1.0807
9.7675
32.002
19.144
16.83
-12.97
-43.948
-12.473
-17.107
-19.845
8.8052
28.811
41.829
-0.89825
-15.307
-7.1281
-5.5765
27.566
33.485
12.582
