-31.361
4.6149
-4.6835
2.9109
-49.663
-2.4904
46.571
29.157
75.697
42.285
54.992
46.692
12.43
9.085
-18.336
14.913
9.9827
69.252
50.203
33.047
38.314
-36.564
-80.129
-50.018
-21.711
10.136
5.701
-23.872
-46.655
-31.984
-43.241
-75.85
-17.027
31.075
-17.814
-48.137
-73.58
30.628
6.8963
4.326
77.802
23.417
75.282
-25.596
-2.4552
94.011
59.013
-22.435
-17.902
-4.3943
19.343
1.2051
18.662
-41.884
-52.029
11.251
7.6698
2.8849
-56.834
13.003
-8.9015
-22.164
-32.295
104.57
-10.98
-0.00080762
-6.1275
2.7287
-8.5701
-48.741
-5.6887
33.587
43.52
14.274
41.358
51.46
-29.574
-6.9941
-31.265
8.4095
-91.21
-27.135
-56.533
12.419
7.7847
-11.901
-12.958
-5.3709
62.165
40.463
60.22
54.383
12.457
-77.015
-9.2196
-80.82
4.2636
1.0172
-0.59583
10.583
-17.675
22.075
17.95
-28.242
-36.411
-72.017
-64.572
34.606
108.59
74.849
58.782
69.445
3.0503
-15.057
-1.0774
4.5871
37.419
64.934
28.529
-39.337
-79.547
-57.253
-77.806
-58.271
-47.123
53.586
67.589
13.139
-109.25
-80.874
-21.642
2.9041
12.953
24.638
60.749
-14.213
-18.621
0.49611
-21.053
13.3
48.403
66.925
56.093
33.522
-14.587
-19.567
2.9265
26.35
3.8789
-1.8113
-20.038
1.3657
17.88
-25.884
-24.905
-31.105
26.655
-15.55
44.468
32.012
15.745
-20.712
-2.9181
-46.948
-17.364
-37.044
-59.459
-3.9201
-8.9691
-4.9429
42.458
33.334
61.144
-2.4896
-19.727
21.906
44.342
-6.997
-85.857
-102.63
-26.018
-63.131
1.616
8.7418
56.231
37.302
0.29771
29.302
55.175
49.428
27.687
-4.9327
21.473
26.893
6.6756
-20.633
22.704
-25.374
-26.657
-15.995
31.94
12.434
13.804
17.78
21.138
-24.561
-69.072
-66.689
-14.02
-11.528
55.708
33.927
-57.928
-84.433
-34.784
-17.085
15.083
22.768
-10.097
-5.6749
44.709
24.797
34.4
-42.662
-69.408
13.996
106.49
49.286
34.008
-50.788
-4.7095
-9.1748
-12.387
23.668
52.729
3.6914
-22.123
-31.34
7.4371
-9.6365
-19.526
-0.087604
31.364
21.213
30.193
21.426
-11.385
-36.67
-48.571
37.475
45.929
-33.928
11.792
-5.3469
-55.741
-60.815
-3.0881
-28.146
-10.963
29.911
45.349
91.717
33.604
-29.498
-71.114
-38.714
-35.122
-24.109
-11.756
-4.9677
-119.41
-73.097
-19.702
14.894
57.793
40.634
110.66
94.157
81.8
134.05
76.628
-63.201
-21.166
-0.49841
54.442
0.93838
0.46849
-51.827
4.285
-16.01
-66.619
-67.004
9.3891
12.627
-51.151
-81.076
-70.655
-9.7403
-1.3379
-10.079
-15.831
14.089
-8.8752
