10.025
10.112
1.5337
54.109
21.071
41.207
54.509
-44.929
-77.062
-23.376
13.934
-43.127
2.4037
-52.538
-52.076
3.4561
-23.098
-89.911
-49.226
-29.168
-5.6455
0.17182
6.6615
-23.449
-9.6476
1.9726
46.389
86.903
79.568
1.8104
-43.73
-27.877
35.021
24.164
-40.44
-60.666
12.734
43.015
48.187
73.673
48.889
47.439
20.661
0.47518
9.1802
16.183
34.946
-3.3249
19.065
10.8
33.667
-41.238
-129.68
-101.3
-47.643
-46.483
-75.98
-91.472
-40.107
-69.015
-4.0376
6.1958
52.509
47.16
75.998
51.898
55.093
90.547
61.667
-8.0031
-25.487
-21.649
-4.8238
63.837
43.487
-21.45
-62.809
-46.121
0.69766
9.3629
21.138
15.831
10.598
4.8049
-1.964
-19.336
-6.8362
-2.5109
-6.8542
4.4523
21.508
-48
-2.6762
26.854
-43.611
-45.164
-72.54
-20.775
1.8321
7.982
22.292
37.792
30.769
13.632
9.3088
-0.81081
46.932
18.793
61.137
67.43
-48.849
-36.113
6.1802
29.823
-12.607
-56.874
-71.892
-26.692
-26.293
-57.102
6.62
39.286
19.228
-26.768
6.8501
-5.3996
-13.691
-55.092
6.1395
7.8189
63.005
39.107
36.678
40.879
59.14
32.608
43.307
41.911
-23.725
-48.751
-18.786
-6.1005
27.135
-6.3775
-28.202
-14.308
22.209
-45.268
-69.42
-43.249
-37.558
17.996
-13.625
-63.059
-46.163
-22.22
-12.707
-15.566
61.835
82.007
49.23
28.58
-32.114
-22.442
90.683
-4.1709
33.406
-33.116
-49.132
-56.519
-13.618
18.913
61.348
57.94
-11.972
39.098
97.973
62.907
-2.9114
-8.6635
-51.396
-53.081
-40.923
-8.9842
9.2545
-21.789
4.9716
3.2608
62.309
28.77
-79.082
-87.48
-57.973
-48.637
-50.876
6.7952
66.035
11.448
-77.447
-68.116
-35.958
21.624
49.995
83.351
67.289
42.318
-2.363
11.392
11.282
36.678
-3.2939
17.74
14.585
4.5573
-27.84
-13.435
-47.228
-52.431
-17.02
56.247
104.8
112.68
129.2
59.811
-7.4273
-33.103
-42.336
-93.376
-138.64
-97.671
-30.024
-11.699
-1.5
-37.1
-58.518
-52.641
-73.15
-41.696
0.27741
47.005
80.396
62.201
29.403
-14.948
-24.675
26.707
21.728
102.13
42.879
42.788
-32.96
-4.2175
17.623
17.885
3.072
