17.255
97.317
-16.157
-28.892
21.269
35.416
32.035
9.1957
-29.099
-43.374
-56.883
36.488
57.55
-4.3866
-10.432
16.474
11.362
30.439
4.5794
18.105
-27.005
-26.355
-5.6882
-2.737
-19.02
-37.433
15.419
-13.454
-41.443
-6.6272
31.885
69.06
54.338
67.858
10.833
-22.416
-1.0326
27.498
-47.523
-75.925
-39.196
-12.183
-2.7812
-14.05
17.091
49.121
-0.68245
-91.149
-42.669
8.5055
-16.36
12.179
18.165
7.626
-42.814
-31.244
-1.9785
21.031
51.094
53.575
40.951
-10.635
25.067
42.549
59.577
46.954
55.649
14.989
-70.983
-82.485
-8.4036
-16.658
40.673
38.761
39.158
-3.8587
-81.245
-59.38
-64.762
-33.248
-27.153
-34.116
-70.22
-75.144
18.581
53.836
48.374
7.914
-18.902
32.454
43.458
55.56
27.32
34.244
39.027
12.396
14.71
18.751
-37.068
-67.42
-10.954
39.208
35.6
-0.48896
-62.928
-20.082
9.4395
59.371
7.7299
-73.984
-6.3069
-10.466
10.626
-2.9936
26.655
18.615
16.33
-63.114
-38.199
83.36
67.336
-1.517
-22.18
-5.4461
-17.052
-45.317
-3.5304
-20.2
-58.033
-80.655
-53.042
-9.5262
16.487
3.5228
40.786
37.415
44.895
25.345
68.521
32.485
35.412
-11.119
-1.0877
-10.361
74.668
28.454
-49.565
-42.796
-37.419
-37.571
-4.26
23.778
51.143
1.2602
37.095
32.295
-13.753
-73.888
-75.025
-66.007
4.1048
-16.025
-24.987
-40.773
-6.8883
-7.079
75.501
91.645
42.425
-35.678
-18.268
3.6462
11
40.626
8.1493
11.382
-2.6127
-29.563
-0.52415
-6.7088
18.948
-4.664
-1.097
-9.2339
-27.459
-17.353
-3.9114
2.5007
32.734
-37.64
1.5396
-22.069
-9.0086
1.8022
45.158
57.35
28.157
20.919
8.1525
34.65
-5.5471
-61.219
-79.201
-45.918
-7.6998
58.46
26.477
-3.9525
-23.096
-33.102
-1.4567
21.043
4.0753
-27.656
-64.78
10.395
43.404
7.5432
-26.957
13.196
24.204
8.1813
42.173
55.828
53.722
22.315
-3.6535
-20.097
2.3359
-35.105
-90.737
-83.682
-0.0035139
13.692
52.826
6.7262
-24.764
-18.994
-49.894
3.1566
16.184
9.2384
32.905
25.885
9.0827
22.818
28.795
66.969
-14.712
-19.802
-8.123
34.374
43.992
-5.5486
-111.94
-30.26
19.013
NaN
NaN
NaN
NaN
-53.796
-2.701
18.69
-44.242
-38.668
-37.194
2.4454
55.733
44.815
52.164
32.845
8.4337
54.08
36.461
-43.014
29.692
16.688
-25.108
-92.389
-77.023
-1.4679
8.9663
25.576
43.592
14.78
12.469
10.638
-51.307
14.733
36.041
24.15
27.914
-2.3634
-37.018
7.7119
21.301
7.3706
-17.695
-15.18
-36.473
-88.141
-29.384
-7.4223
38.704
-52.201
