-71.134
-20.622
-13.959
-42.316
21.89
85.881
79.041
19.578
-2.2516
34.559
48.483
35.143
-34.099
-47.032
-36.009
3.51
-28.401
-38.704
-63.517
-27.961
14.211
-8.5647
10.109
24.267
44.842
27.272
-26.136
-1.2955
20.724
-9.6148
-12.436
-11.595
-1.2635
27.166
21.29
16.016
-2.5297
-14.943
-10.726
48.429
9.2062
-24.689
-18.703
-16.613
8.7081
-29.765
9.6969
-5.906
6.9052
5.293
9.795
-13.749
5.3229
-17.128
25.506
30.515
4.143
10.194
2.6115
-7.8771
-50.24
-90.199
-10.01
25.164
46.75
9.7746
-54.859
31.231
20.653
49.751
-14.646
-29.684
5.4239
20.123
39.486
-19.397
-6.1657
-36.577
-5.8604
-1.6778
-3.9399
9.4894
21.562
7.7223
3.1741
20.268
1.5488
-9.3509
-16.494
20.674
1.1871
3.5305
-12.204
5.6288
22.375
8.2984
4.3767
-37.061
-31.286
-5.648
9.0795
-17.662
17.614
6.2244
-7.4653
-11.664
-18.747
-26.293
-22.5
-18.639
-11.489
-38.509
30.252
50.118
32.224
35.176
-3.7811
10.248
7.1591
16.761
5.9951
3.0144
-17.058
9.7598
-25.863
-1.3748
30.946
14.564
47.657
14.52
29.036
6.5856
-56.468
-15.161
-17.929
-29.283
-15.09
5.5056
15.061
-4.0409
-57.546
-55.455
-18.721
24.944
-6.7067
-16.511
3.0147
0.1947
0.69493
-13.029
22.09
-7.6088
25.709
19.873
37.531
12.705
10.848
4.5399
12.72
-6.7433
0.014476
0.9057
13.524
23.89
26.889
64.942
-6.739
-23.703
-11.926
-31.8
10.161
-6.6555
-70.229
-70.472
-36.343
38.875
10.994
-5.9245
-12.386
14.306
8.1635
30.122
17.387
7.4894
5.4684
-2.4218
-19.452
-14.877
-2.0689
-20.117
-8.1881
11.459
19.13
34.225
-19.848
-29.904
-14.906
0.54884
3.1754
-4.1492
-2.6373
20.578
14.531
3.2784
9.8369
-16.791
-4.2019
32.395
1.7067
-34.139
31.665
41.54
90.92
24.198
23.436
-0.44083
-26.161
-53.695
5.3568
-19.329
-56.859
-34.1
-37.693
-21.065
-34.586
-16.386
-11.211
-20.531
4.7981
5.4341
9.576
-0.098764
1.7221
16.675
22.925
25.942
26.882
16.913
5.0227
6.1205
23.297
-16.763
32.264
25.899
22.065
11.802
12.719
-30.356
-5.9587
13.486
15.762
-22.773
-7.3947
-43.221
-3.633
-22.652
-27.002
NaN
NaN
NaN
NaN
45.51
-1.1298
-61.672
-9.3609
-10.735
-7.3253
37.13
15.653
-21.749
5.0495
17.33
-5.4837
-5.8509
-1.0056
2.4043
5.6153
-24.864
-29.117
-22.047
44.052
62.173
42.811
4.2653
22.504
-1.104
-20.044
-24.712
45.135
21.071
19.78
-22.491
-52.152
-21.965
-8.2789
-37.803
-33.778
-8.7364
39.711
8.692
-1.8234
-14.293
15.152
8.7442
11.776
-4.5336
