-14.798
16.029
-34.862
-4.9438
25.633
23.973
45.334
-13.396
-23.597
1.4565
28.112
11.963
-0.47746
-7.21
3.5567
31.103
17.641
-73.231
-100.99
-23.329
-12.626
-6.9141
-32.081
-24.994
20.572
26.818
12.283
-7.1463
31.27
13.995
21.018
1.5334
7.7582
22.269
-0.064823
-41.087
-28.435
-19.493
4.331
28.227
44.671
39.884
29.448
18.169
33.866
16.544
23.484
2.7
4.5886
21.896
16.214
-35.237
-56.965
-35.435
-1.5011
18.975
-1.9207
-26.414
-24.055
-46.578
-59.257
-26.939
9.2985
-21.018
1.5738
-36.176
-27.761
21.834
10.971
-30.091
-8.3549
7.7863
2.9553
34.71
21.508
28.394
38.152
25.726
27.738
-31.404
42.887
59.305
93.772
57.998
-2.1274
-9.4216
9.0063
-9.6646
-6.9346
-3.5624
30.973
-59.051
-84.272
-22.576
-63.561
-54.229
-60.745
-7.775
32.283
31.39
-11.233
-15.425
-21.75
-1.9902
-33.514
-36.975
-25.73
49.827
45.836
38.828
-6.3338
-2.6877
11.922
29.897
4.8763
12.286
16.593
4.4043
3.5039
-5.3032
-1.1264
20.663
62.932
35.066
-6.0737
-51.392
-16.705
-6.2907
24.179
10.885
-3.047
24.331
29.474
-6.839
-6.4273
-31.389
4.1876
-23.905
-41.088
-8.2758
8.809
-1.0427
-41.893
-28.805
-47.822
-47.316
-19.733
38.334
7.5773
-3.0091
-24.983
15.826
10.024
-4.2386
21.384
6.8512
41.176
28.685
43.985
36.913
30.776
-2.3542
-16.645
-16.702
5.1371
-4.2603
20.202
-6.1786
9.2441
-3.0054
-5.1434
8.4046
25.924
17.349
-24.196
-12.547
13.762
-86.543
-49.049
13.808
-10.931
-26.673
-17.806
-4.8245
10.697
34.61
47.303
61.508
60.011
-27.641
-78.457
-31.44
-9.0148
10.095
-92.782
-22.321
22.212
-16.492
-36.059
-15.075
14.26
12.998
43.008
47.924
58.997
43.454
-4.5073
10.822
5.8446
14.799
13.568
2.5544
-32.141
34.842
20.166
38.966
0.90432
-49.064
-49.253
-12.488
17.92
27.442
-13.512
-49.34
-20.369
0.69541
2.7264
13.439
-0.073083
-66.473
-74.588
5.3706
-33.927
-0.24982
-12.938
-25.327
-3.418
35.17
51.9
54.726
45.598
36.168
14.666
-13.38
-44.92
14.058
3.6767
52.548
13.685
9.6324
-0.056889
-32.386
-26.879
-10.54
0.61171
