6.8204
-49.045
-19.534
8.1009
17.938
47.355
18.69
8.9526
15.652
35.533
31.996
10.409
-9.6997
4.7816
-22.326
19.163
23.047
7.5583
18.547
22.773
19.297
29.409
10.322
-45.553
-44.997
-9.8376
-36.366
3.3985
-31.255
-42.894
9.429
-35.663
-38.786
12.466
7.083
-33.335
-14.75
1.5456
12.537
19.787
-25.03
-21.316
12.971
19.718
20.637
29.536
54.959
8.059
-35.047
13.344
3.6661
14.238
3.167
18.528
-0.13656
32.883
33.705
-19.07
-19.591
47.468
49.666
-4.8918
-40.219
-2.2606
17.549
0.087213
-40.331
-61.957
-49.981
-18.154
26.864
-9.1619
-37.675
-28.905
-6.9131
-15.308
-21.22
-14.831
-24.231
-2.2174
17.285
27.772
53.731
38.583
57.819
57.783
35.014
18.525
22.325
6.011
-13.966
-18.16
-32.379
-3.3761
-28.612
-25.999
-25.257
-30.971
-20.699
-31.051
-4.4779
5.8361
-20.906
-21.054
41.4
38.739
33.661
23.093
-7.232
-9.0801
-25.466
-7.6107
18.065
-4.9138
26.873
30.35
-63.764
25.102
17.89
6.2456
29.571
-26.973
-33.395
-24.477
8.323
34.598
2.2953
-46.392
2.4839
23.891
35.037
12.273
-16.04
-26.023
-23.138
31.592
32.294
1.831
-16.997
-13.66
-3.6049
2.7541
-7.8474
-16.373
2.1798
-21.782
10.482
27.813
-9.6405
-40.521
-7.0826
-20.68
15.983
8.4197
7.5051
-41.098
-26.991
-25.176
29.495
38.712
30.626
14.705
10.459
-3.81
8.5041
NaN
NaN
NaN
NaN
-21.956
42.81
15.157
1.7911
-14.315
0.97011
-24.124
-35.308
-48.978
-0.41859
-18.451
-37.828
-56.841
-16.641
21.697
54.531
32.659
16.677
3.0016
-4.575
-27.297
-20.711
-24.403
-28.154
-32.642
NaN
NaN
NaN
NaN
-11.272
-3.5711
-6.5258
15.64
24.575
26.582
34.283
29.794
24.8
17.348
-2.3996
15.646
-23.365
-3.5601
38.828
-7.9544
-18.57
2.6778
21.963
34.355
9.081
-1.198
3.4805
6.3482
-36.299
-61.685
-50.7
-66.703
-46.667
NaN
NaN
NaN
NaN
-42.855
-36.191
0.27836
33.154
5.7787
21.903
7.2567
1.1866
54.82
33.867
85.299
14.474
-22.936
-42.927
-43.203
4.6762
30.709
69.146
3.5378
-1.9707
-2.8779
-12.026
-16.039
-16.878
1.2385
27.114
13.792
-38.084
-13.484
-30.821
-22.106
-1.4449
20.414
7.6208
-10.594
-15.362
-17.416
24.746
29.407
-12.702
-5.6489
-0.38864
18.555
2.4138
-6.6129
12.887
22.835
-31.973
-14.169
-10.611
9.5828
21.932
17.021
0.96581
-48.728
-47.185
-17.3
-38.488
-6.4553
-30.658
35.357
20.869
45.921
36.281
32.838
8.1347
24.424
25.679
35.801
0.64463
-33.712
-55.843
-38.905
-26.831
15.442
20.977
13.834
33.382
13.073
3.2114
4.0562
-2.9247
6.0464
-20.557
-26.68
-1.542
6.4924
6.6215
4.7908
-27.089
-8.0528
29.849
4.0655
-28.913
11.358
10.06
0.36664
-7.1889
-47.86
-60.131
-26.197
8.7551
-1.252
34.723
