11.417
-28.18
-7.9566
20.68
27.425
21.768
-4.2003
16.004
0.96963
23.015
65.882
19.07
-30.974
18.268
-32.679
-25.349
0.19587
-23.998
-16.557
-27.022
-53.763
-17.194
12.452
-16.449
-23.928
29.972
-13.774
32.754
-24.63
-7.9037
7.7304
-17.286
-28.023
36.652
27.103
7.0172
12.272
-7.6283
13.219
12.39
31.077
11.038
-18.931
35.749
27.637
-1.1626
32.603
-25.192
-3.726
-34.547
-10.823
-2.4686
-37.458
-35.368
-8.1142
-11.264
2.1933
-20.612
-0.45967
34.039
51.844
61.994
30.482
21.417
-11.456
8.4427
-22.361
-11.607
-41.223
-25.955
-21.384
-41.925
-6.4698
-17.546
-5.0031
-5.8454
17.103
-6.4522
15.838
-27.989
57.486
-15.062
39.548
-0.94975
-33.806
6.5846
-15.546
14.15
10.584
30.629
1.7653
-7.6247
-28.256
21.539
-34.285
10.519
48.293
18.079
1.5533
20.501
-9.6511
-39.971
23.968
2.7211
32.468
-17.096
10.536
36.411
-13.886
7.6662
-19.101
-29.847
-13.089
-42.816
-7.2185
-8.262
3.396
39.944
-35.741
-55.692
-30.87
-36.798
30.489
31.732
-59.864
-43.321
32.696
42.226
73.126
96.323
30.674
-58.297
-11.909
0.57526
53.56
18.384
-43.754
4.8504
-22.668
-27.447
0.95811
54.587
-21.678
-31.982
2.6274
-2.9619
-5.3608
40.949
-13.905
-17.664
-26.447
-5.5321
1.0871
32.975
14.846
-21.098
-47.523
-21.805
8.7835
10.152
5.1893
14.552
4.1397
11.156
-0.27981
NaN
NaN
NaN
NaN
-50.882
-14.959
-23.308
-13.125
-26.285
-38.071
-17.814
9.3921
4.4188
22.91
-13.329
-46.856
-28.776
-11.365
8.5268
-0.21192
46.058
26.878
29.375
-6.9088
19.252
-29.935
18.08
21.132
20.279
NaN
NaN
NaN
NaN
-28.329
35.612
-19.329
-35.271
-36.25
-14.664
-9.7881
-32.157
-18.869
26.615
17.621
-9.3651
-0.21025
-16.731
-12.144
-13.267
-6.9575
24.781
14.449
62.428
18.167
21.062
-17.852
-18.591
-2.3504
-36.89
-23.697
-34.265
-22.034
NaN
NaN
NaN
NaN
-0.68875
-6.8799
-19.492
37.965
-21.445
30.29
-9.3568
47.619
32.029
0.66252
-40.652
-30.603
-39.313
-1.1864
-29.825
5.4539
25.287
53.474
3.8356
51.461
-29.796
15.382
-16.698
-42.109
-10.622
-12.171
19.535
9.2101
-5.5199
-39.906
-0.42663
57.265
-11.555
12.306
-36.607
24.742
-1.0035
13.718
-16.436
14.757
-29.246
-3.3776
-36.186
2.5486
13.927
19.551
-64.679
8.8487
-15.751
95.547
6.2527
-37.848
-26.907
13.013
-6.5872
52.094
-14.693
-61.844
3.2366
-25.926
-2.7693
30.636
49.765
26.887
34.331
49.536
69.091
6.3428
-34.499
-12.815
-0.23662
17.525
-60.088
-53.739
-18.728
-35.598
-44.781
-0.19019
-27.808
-32.405
17.888
-5.1702
59.995
17.912
2.8614
37.742
4.5156
-22.265
29.412
-28.895
-19.205
1.2261
5.6574
-2.4091
5.5245
-6.5973
27.17
13.142
-15.664
-28.696
-23.406
13.045
-3.3736
24.938
