-12.949
-31.045
0.71658
-17.382
-5.6038
41.219
18.628
33.859
28.536
39.455
32.466
-2.4367
-27.57
-17.649
-11.422
-22.881
2.382
15.913
25.142
30.415
36.776
41.812
39.84
6.3406
-34.599
-1.8515
-23.122
-11.584
-33.651
-48.229
-17.188
-22.784
-36.782
13.598
11.022
-15.944
-25.142
-16.474
-23.159
6.4949
13.999
-3.5344
25.03
39.22
-0.15229
24.908
29.347
17.097
-17.887
8.9387
-0.6329
-13.747
-23.928
-9.4756
-12.195
7.1105
25.77
-5.3137
27.004
42.018
37.621
-1.4977
-23.136
-22.581
-4.6691
-20.292
-11.612
-6.1243
-4.8699
-3.6854
6.5844
-11.164
-7.4223
-6.5217
15.406
-2.9294
-24.447
-28.188
-30.989
-32.556
25.555
-0.8935
46.536
44.047
47.383
22.594
0.54237
14.746
-5.8977
4.8049
-25.494
-24.479
18.323
10.434
8.468
-36.967
-19.633
-33.604
-18.029
-1.2863
-10.488
5.3946
2.0425
-14.123
-2.3374
16.75
19.817
7.019
20.271
5.8845
-6.1299
-50.503
-14.066
-1.9983
15.282
33.397
14.484
12.906
6.7503
-0.31723
52.885
-0.61097
-23.379
-14.817
22.463
-0.82198
-4.8633
-4.9038
-16.263
25.206
25.21
12.096
-22.204
-60.699
-27.233
-0.12421
15.135
15.35
-15.772
-28.189
8.3296
28.365
5.928
-10.546
-13.637
-10.561
-18.121
1.3865
-44.255
-13.448
26.172
3.0127
19.448
21.873
10.12
-42.458
-14.709
9.7124
3.2289
19.653
21.142
19.269
42.216
24.187
-4.1302
NaN
NaN
NaN
NaN
-51.643
22.794
22.88
5.053
1.5444
8.9663
4.4498
-60.43
-51.934
-42.126
2.815
-46.794
-64.359
2.8269
10.002
44.178
46.143
42.704
14.435
-12.05
-27.5
-20.121
-29.079
-24.24
-8.6499
NaN
NaN
NaN
NaN
-13.321
-2.7769
6.7112
-24.068
39.555
19.887
33.601
14.274
0.71634
15.918
-1.322
4.5847
-9.9495
-18.314
26.839
-0.015247
-0.64266
8.5132
16.467
15.596
12.396
-12.705
-20.971
14.368
-18.19
-36.577
-45.31
-54.813
-19.868
NaN
NaN
NaN
NaN
-22.535
-17.632
4.265
48.663
-15.095
-14.966
-19.936
-8.731
27.457
8.2709
70.471
31.724
32.366
-1.918
-13.517
4.5593
-6.6763
35.054
-9.1751
12.638
-15.846
-21.989
-25.198
-28.838
12.558
1.9835
28.322
-7.3932
15.281
-28.191
-36.526
-9.3223
-3.4092
17.926
-23.704
-9.4858
-5.8737
15.725
33.239
3.0235
24.728
12.691
12.483
14.268
-14.461
-20.693
22.795
16.313
11.263
-29.511
-4.1849
-28.707
0.69824
-30.138
-26.86
-29.738
-8.1994
-31.108
-36.966
-10.908
31.966
54.032
37.901
59.762
34.878
9.0017
-11.918
-1.9469
15.865
18.219
-4.7439
-15.401
-36.403
-55.62
-22.485
17.735
-4.6516
-0.45382
17.112
-1.1143
25.152
18.715
11.85
12.443
-33.738
-21.694
27.808
16.357
5.4501
-13.575
-24.669
0.13236
17.311
3.7625
22.757
43.039
7.1941
-38.685
-32.687
-7.8857
-37.923
-17.966
-20.386
-19.166
