-29.245
-28.72
-10.202
-67.082
15.579
23.03
20.248
13.405
6.5517
-0.69919
15.355
5.3867
7.6912
55.354
15.494
-10.641
21.093
7.1607
22.761
33.643
-20.399
-58.002
-33.194
-126.29
-41.168
14.897
-2.0332
0.42697
6.1097
-24.82
10.221
14.166
6.4982
14.456
-3.887
33.721
40.996
-1.3158
-16.707
21.273
27.936
0.57659
53.056
-25.918
2.7275
-8.6599
NaN
NaN
NaN
NaN
-7.0839
19.087
26.56
0.49048
19.418
-12.998
-33.255
-48.904
-16.243
-65.622
-79.275
-21.743
-37.443
-15.103
-49.99
-16.812
30.971
19.293
50.036
41.317
39.719
24.279
10.087
29.683
17.192
1.817
-0.7597
3.7022
20.987
14.087
19.999
-7.7125
25.931
9.0938
-17.224
-16.256
-1.9374
-38.669
1.8802
-33.04
-33.127
-51.408
-2.4035
27.883
-1.3441
-31.968
58.614
30.972
-2.6052
-28.058
-39.022
16.706
30.891
40.347
54.858
8.6579
25.244
-43.24
-36.99
-46.598
-39.794
-47.668
2.4293
-18.665
11.274
25.853
13.739
84.455
39.161
45.49
-14.535
-39.649
-3.7359
-17.405
-18.032
-46.391
-1.5328
-30.711
21.358
-8.8992
-4.443
-0.81115
-25.323
47.185
27.074
9.5906
-2.8052
51.194
10.164
-43.652
35.487
34.754
-38.814
20.982
-4.6018
0.28982
7.018
-21.011
-30.356
NaN
NaN
NaN
NaN
-61.939
-64.869
-52.456
-23.347
-24.214
9.5721
28.147
-1.0372
-26.522
-28.309
17.582
18.608
85.271
41.771
63.971
24.076
14.619
-19.249
1.0517
-44.614
-37.361
-74.995
-26.311
-0.37479
-13.721
12.034
2.6612
1.7607
30.438
38.373
44.345
44.505
15.862
20.68
45.151
4.9554
-5.9373
33.736
-69.72
-15.621
-37.69
-58.581
-33.134
-20.362
8.4578
-2.3349
-24.699
-17.72
-24.218
-6.5778
-28.111
-13.676
-7.9586
4.8099
30.11
6.2547
28.74
50.714
24.53
64.726
4.6607
-17.924
16.624
NaN
NaN
NaN
NaN
NaN
NaN
-45.979
-21.097
8.1491
31.399
13.307
15.76
35.014
-6.7258
-59.049
-10.92
-16.475
-17.255
2.1099
-8.1944
5.3151
10.641
26.7
3.6602
2.6479
-27.715
14.955
10.36
-32.623
28.242
0.24215
-49.113
-47.007
-37.295
9.778
-27.538
15.285
-14.355
-3.4563
37.093
-7.3958
63.427
42.767
-45.331
14.154
2.6144
88.601
47.626
31.89
6.3343
27.702
0.34582
-17.789
-23.997
-33.049
-34.908
-37.822
-35.836
17.619
-47.615
-23.868
24.745
-13.08
-1.2524
24.658
13.186
-20.649
-26.299
-8.6247
-20.859
38.643
1.2096
4.8517
36.217
5.525
19.521
-16.804
-5.6965
-2.4053
-24.904
19.299
38.605
-24.213
-27.555
-26.05
12.394
47.178
14.607
-11.49
27.883
13.438
-0.89029
11.49
6.2707
-45.077
23.327
-7.3952
