-25.476
-12.272
61.092
10.601
27.207
21.223
27.335
8.3564
-13.766
8.3353
24.663
37.748
52.538
-0.16985
-37.682
-9.5434
-29.25
-46.325
-13.543
9.3775
15.75
-23.611
-53.576
-27.528
4.2906
28.776
65.089
27.558
12.411
24.022
-1.2572
16.045
-26.964
-21.47
-8.9563
0.30552
2.3903
-15.964
-13.049
-0.16903
-19.41
13.653
8.8011
-11.407
-21.94
8.9716
24.109
-0.19983
35.911
31.933
-2.4688
2.943
-31.288
-24.853
-19.458
11.181
21.066
-21.933
-22.812
-73.087
-81.451
-26.16
-0.50698
-2.1166
57.567
79.219
99.488
75.276
69.381
33.044
-45.96
-110.82
-29.631
-25.178
3.0372
51.89
61.958
10.89
-6.7111
-44.616
-33.849
-25.627
-19.236
-42.002
-35.354
2.516
40.006
29.152
7.5969
-36.258
-44.274
-5.0836
10.932
32.23
43.107
-2.5754
12.35
42.545
3.4959
2.3432
19.387
-43.81
-20.915
15.29
45.151
27.557
-18.329
-67.411
-16.359
-31.841
-37.808
8.0508
-3.0461
-13.401
-19.871
-42.466
-2.8347
35.168
-8.9779
47.437
106.26
97.217
77.48
12.975
-34.821
-60.698
-68.482
-58.346
13.283
5.1591
-15.82
-41.532
-41.174
-60.507
-33.168
12.835
60.756
61.999
68.559
36.407
38.525
29.854
51.101
43.389
-26.473
-31.515
-52.157
-57.864
-40.225
-6.0531
-54.572
-42.272
-13.314
-5.8814
-7.4944
2.6742
-12.965
-25.102
8.7529
7.1439
25.66
-20.834
14.15
-31.567
9.0735
52.809
99.595
103.35
36.784
-26.699
-10.343
-17.49
-3.0824
7.8267
1.0883
-10.649
17.342
27.518
-24.79
-54.53
-55.287
-24.834
-6.4401
-14.771
-16.866
-19.246
-23.213
-4.5124
16.238
-16.778
37.679
85.089
86.414
-28.052
-41.685
-3.7886
2.3437
-2.2095
-33.662
-10.493
-35.658
-10.191
26.645
-19.043
0.88367
15.868
25.817
-3.8537
-41.252
-3.7718
17.682
14.837
-46.792
-9.0946
-14.46
18.23
65.449
39.899
22.222
20.767
23.954
16.599
0.71194
-53.624
-24.004
-11.867
12.977
3.681
-14.424
-37.32
-2.5759
2.4704
-19.658
26.134
62.771
13.965
-19.813
-25.175
-29.658
-32.24
-7.3208
28.816
36.748
37.887
-30.224
-57.926
-64.041
-21.937
