-33.304
-0.46886
26.556
-14.392
3.4413
7.5616
22.53
-12.828
-22.418
-13.261
3.4135
5.876
-0.79362
-4.5685
-10.746
-18.663
-22.489
-12.237
-19.661
8.7505
-18.718
38.633
48.084
61.164
12.69
-18.02
-26.242
-15.521
-25.786
1.2195
-4.6635
-5.3479
9.9235
-22.989
-25.793
-3.2803
2.7544
33.936
24.87
0.97335
10.84
34.306
22.202
-2.5906
-2.9857
1.4074
NaN
NaN
NaN
NaN
10.224
20.799
19.644
13.421
18.972
-3.0332
-6.3657
20.083
5.4052
-18.041
-28.298
-17.011
-21.876
-37.038
-36.749
-36.432
34.073
42.657
10.57
5.4487
24.17
37.571
60.515
47.041
31.48
-17.186
-29.674
-35.981
-12.708
-10.853
-18.938
-28.582
-16.779
21.715
1.0834
-7.0696
11.82
7.8425
-33.762
-8.9727
-1.0416
-2.8466
1.8095
9.6677
-10.641
34.349
-18.563
9.6667
25.852
5.7212
33.7
22.286
11.111
-1.5215
-11.141
-31.012
-38.396
-22.94
-10.981
9.9518
-19.86
-26.404
-23.339
-10.173
20.915
25.47
28.094
10.472
7.4572
25.103
31.128
26.017
4.2982
-16.951
-11.357
3.2641
-19.163
0.69308
-22.538
-39.494
5.3503
-5.106
-19.946
9.5075
-5.3076
14.023
11.201
13.73
14.301
43.33
-10.249
24.346
-12.891
-32.675
-1.7718
1.5738
-21.519
-13.109
-4.9842
NaN
NaN
NaN
NaN
-4.8954
2.9899
25.437
-17.501
-6.9633
2.0276
9.2471
3.07
-6.299
-20.068
31.954
29.363
-8.9799
17.95
-16.978
-12.54
-3.6435
-11.204
23.415
-0.24549
41.902
20.166
-8.5417
-19.054
-33.206
-29.235
-24.659
-42.051
-15.184
5.2598
32.473
60.09
47.09
9.229
-18.263
-32.231
-11.738
6.5812
-27.874
-5.9728
4.637
12.075
46.133
15.635
-23.662
-0.049931
2.8651
-23.603
-22.675
-11.33
10.21
21.31
-0.34448
-10.769
-17.829
-30.056
7.6876
-0.33852
11.24
26.42
9.9117
27.996
13.429
NaN
NaN
NaN
NaN
NaN
NaN
-46.612
-55.453
-17.668
5.8672
22.081
20.252
5.3624
5.5189
-21.885
-44.056
-18.945
13.517
28.897
48.668
53.101
15.82
12.528
1.9576
-25.309
-15.187
-9.7504
-15.618
1.1831
-5.2598
-14.381
-31.053
-28.979
-17.566
-20.503
12.491
6.0444
-2.829
22.106
23.619
23.392
6.1327
15.04
20.03
13.04
1.6435
-18.019
-4.2688
11.731
3.843
42.876
6.8539
-35.376
-46.258
-19.493
-17.45
6.7345
-27.685
14.703
24.853
11.2
-2.7262
3.2021
-20.234
-11.514
-4.6911
-4.7251
24.986
11.226
15.634
4.3603
-6.9437
-15.966
-10.798
26.422
0.39864
21.808
0.75001
-11.902
-11.569
4.3732
-8.6376
-0.090767
-24.328
-25.015
-0.94718
8.3601
-12.764
11.207
16.44
14.251
14.286
5.9791
-7.5302
10.235
3.3513
22.017
