-27.949
-21.862
-2.7258
-26.892
16.078
7.7923
14.87
5.7036
7.9929
-31.923
-18.506
-16.257
-40.313
-12.476
3.5046
22.295
8.0743
-18.435
10.141
65.071
-14.657
10.482
7.0734
-13.292
-43.081
0.73859
6.8387
-7.7671
-7.6053
-23.069
-16.282
1.9935
12.061
-9.2422
-32.913
-21.245
22.244
40.59
35.262
29.351
37.158
52.704
43.52
-7.2593
-21.876
20.302
NaN
NaN
NaN
NaN
-18.202
-3.4142
-11.553
-26.275
-21.227
-12.194
-2.712
6.6226
-7.1387
-30.41
-15.92
-47.512
-41.217
-26.203
-32.631
-17.179
-21.561
15.162
45.557
28.421
57.967
66.24
76.357
91.14
51.683
-32.759
-31.327
-42.123
14.922
18.033
-6.8073
-27.685
-16.492
-7.4129
-1.5375
20.174
-30.359
-38.019
-38.183
-36.111
3.8073
-24.614
-17.816
-8.5304
-11.308
-40.008
8.5286
34.119
53.878
32.541
16.304
21.131
9.375
43.056
23.993
-15.041
-19.596
-21.854
5.2505
2.1904
7.4004
-3.8486
-13.099
-17.958
8.2448
7.7295
-24.232
10.368
13.937
30.412
-36.184
-27.369
-27.517
-11.003
-13.199
-5.5591
-11.227
-6.7686
8.6909
6.4807
-12.379
6.6572
-10.859
-6.5161
10.415
9.0726
34.793
38.855
19.224
48.474
54.868
62.974
13.83
-2.637
-14.554
-56.32
-69.39
-35.306
-46.73
NaN
NaN
NaN
NaN
-26.523
-5.5523
14.28
28.982
6.056
10.625
-19.712
-2.3004
-11.296
-12.373
26.547
48.478
11.165
5.2332
28.74
-15.416
2.0755
-17.953
-9.3021
-12.784
16.631
-1.3129
-26.66
0.55433
-27.432
-23.857
-12.696
-12.994
16.524
29.383
49.226
86.418
62.21
10.167
-41.44
-40.813
-13.744
-12.451
-44.269
-16.654
8.6422
18.521
35.475
38.199
-2.9338
-16.16
-2.1309
-22.867
-66.723
-20.295
-15.976
-12.217
-21.657
29.378
-8.7827
-66.957
-41.031
1.0834
50.206
35.455
20.403
57.85
27.011
NaN
NaN
NaN
NaN
NaN
NaN
-9.2044
-45.226
15.977
33.384
20.269
53.125
30.56
3.2499
-59.226
-40.658
-28.5
-12.487
26.255
7.3462
22.5
-34.186
-14.798
13.017
-4.4672
0.29299
-19.15
-19.645
-6.2012
-8.9165
-25.599
-43.153
-38.506
-34.743
0.83804
-14.797
-16.563
-6.07
42.055
53.041
46.452
23.571
35.607
40.29
23.267
16.114
38.407
-4.556
4.1078
2.9467
12.563
-19.131
-40.953
-19.903
1.8126
3.9379
-7.1644
10.15
-4.5981
-4.6049
3.2531
-14.225
-4.1476
-24.781
-20.217
-12.603
-26.061
-12.333
-17.439
-15.607
0.35571
-39.326
15.589
35.709
28.373
40.292
-4.772
5.07
-14.842
-1.8452
33.095
1.7426
-2.073
-26.772
-44.024
3.4566
19.042
-0.42132
39.377
27.238
18.456
43.478
7.3769
-38.69
-19.829
43.668
4.799
