-18.305
-42.872
-10.478
-10.42
-1.7585
13.027
-6.098
23.208
-2.274
6.2079
46.087
26.994
12.881
25.259
-23.392
49.955
-9.7577
23.058
45.588
29.266
23.734
26.566
-3.3013
-43.089
-42.935
40.616
2.6204
-29.025
-55.615
-4.2351
15.926
16.758
-53.789
13.214
21.565
-45.924
-5.3403
5.7932
-55.245
2.6088
1.0913
-2.7379
-17.862
25.91
-6.1453
-28.072
-5.8209
-15.825
7.7526
57.248
-50.577
-5.9574
4.8295
8.5683
4.6318
42.373
51.128
-3.3559
9.1776
53.931
48.146
26.24
-3.8546
-9.7054
-37.055
14.994
15.603
-24.01
-7.9082
-59.166
-25.962
-25.419
-0.30032
-3.1087
-6.8957
-12.389
-7.6524
-31.238
-61.03
-4.5224
44.799
2.8746
1.4619
-11.916
11.917
32.286
58.932
10.296
16.64
53.047
-17.079
21.228
7.4581
19.937
22.328
-50.44
14.475
-7.423
9.1919
-24.266
-54.704
-28.737
9.364
-39.505
-29.162
-6.6562
22.856
-15.869
6.0003
-11.775
-20.536
-26.309
-4.7321
41.776
21.413
81.883
-58.974
-5.2081
11.021
35.246
71.651
-40.786
-11.945
-2.1473
4.8175
22.982
65.774
-14.459
-6.1342
-1.2904
-35.32
-23.794
-9.966
-28.135
45.248
20.227
-18.776
-29.587
-24.653
-35.121
16.005
13.346
28.708
-22.402
-5.795
9.6351
35.197
-45.924
-10.32
17.832
40.857
-20.469
-35.092
-28.446
-9.1767
11.39
-0.69756
-3.2439
12.48
-10.773
46.761
16.615
28.999
-44.358
-32.972
NaN
NaN
NaN
NaN
-20.655
43.177
58.43
67.189
40.402
23.513
-27.916
-67.379
-85.965
-0.79851
28.311
-22.363
-4.5273
23.158
14.051
23.925
16.157
9.4738
29.274
-27.786
-50.057
-42.529
-32.494
-24.141
31.993
NaN
NaN
NaN
NaN
44.641
-21.091
-6.6697
-13.329
40.488
12.51
-1.3389
-27.02
-2.3376
32.079
-25.567
-10.891
11.629
39.017
42.218
-1.4839
14.913
9.5647
20.258
37.96
-4.2359
-18.19
-9.7675
53.68
-24.211
-33.607
9.2254
-5.0128
-15.061
NaN
NaN
NaN
NaN
-25.843
-28.245
9.8924
40.415
-11.65
-30.522
7.6737
23.39
61.62
-20.746
13.349
-3.3261
17.366
3.9878
-44.401
39.761
-7.2344
9.1433
-7.8991
-11.616
-41.465
0.58807
24.749
16.043
14.521
-19.799
35.785
-18.616
-9.8911
-22.559
-45.606
10.401
31.335
-12.227
-1.8568
-1.4074
-9.6159
22.652
22.475
26.833
3.9969
50.183
-37.653
22.056
0.25766
-4.1634
34.952
66.457
-5.2233
52.066
-1.4169
-37.246
-69.736
-40.185
-5.1611
-53.415
-32.024
-24.569
-48.778
-13.575
-16.655
-4.4836
-20.033
2.9612
-8.3984
55.11
51.511
31.869
44.994
-63.089
31.727
-50.203
-0.77376
-26.017
-2.2692
32.334
1.7961
62.167
21.149
44.76
36.987
11.743
17.947
23.298
21.608
-19.893
14.766
-49.679
-49.861
-12.481
-11.475
28.552
-4.0993
-6.6445
-9.3428
-13.032
-32.506
-29.901
-17.445
25.15
13.819
-36.73
5.4358
-33.063
