-13.026
-6.3862
4.1362
32.89
1.1976
-8.2785
-0.16667
-45.073
-12.468
-21.928
-33.638
-13.386
-52.125
15.219
-17.619
-8.8248
-25.986
-34.77
-0.87373
-2.4924
26.083
25.582
26.062
36.566
-2.9065
44.028
34.559
48.016
71.891
54.06
34.493
-41.729
-33.176
-16.734
-37.101
-4.1246
-25.116
-27.142
-3.0577
-14.79
-11.61
-2.8919
-11.173
-19.215
-28.84
-34.901
-8.7986
-6.6736
9.4214
-2.8353
1.1604
4.2723
5.4962
31.306
22.814
4.8519
15.738
15.665
12.902
-8.4302
1.4202
-13.159
37.517
19.609
-1.6028
-3.6934
-0.97565
-30.493
7.2551
18.091
-27.141
-4.6365
-33.137
18.283
31.564
19.143
-2.9207
-15.386
-16.959
-10.152
-19.114
-12.295
-0.87508
4.8697
-6.0965
-40.816
6.5407
19.36
-7.3909
6.3147
-18.767
18.836
32.753
30.488
14.073
-8.8207
8.1877
20.536
-17.987
0.8155
9.0142
-2.9248
-6.6117
4.0635
-2.487
21.102
-5.2438
-22.755
-20.275
-10.141
-22.299
-20.458
0.94734
15.356
5.5699
-21.062
-3.5958
-32.449
6.188
-16.161
-11.407
31.06
26.613
43.347
14.801
39.771
37.463
14.348
-5.4414
-35.477
-29.446
-35.503
-28.723
18.334
20.76
10.754
39.211
-23.116
-17.876
8.7364
-9.4523
-1.6797
20.15
-26.173
-21.881
-19.718
4.2876
3.4852
-13.112
-22.395
-15.258
-22.184
8.8025
44.114
13.588
24.255
39.612
20.819
-7.4844
-22.842
3.5754
-14.553
-23.043
-3.8881
7.0663
-9.9701
-15.222
-6.1227
-12.914
19.488
32.592
-5.9533
12.485
-10.484
33.205
20.675
19.55
-11.78
-7.4003
-21.478
0.99593
3.5476
-6.6478
-6.597
4.0374
15.109
-11.849
-13.852
-30.624
-7.9635
10.653
-27.239
-19.145
1.4257
6.8977
4.2801
9.9027
-16.281
-8.1186
13.964
6.9481
3.3875
19.64
2.1264
-13.399
-0.26818
-10.544
-3.9332
18.903
32.879
30.07
-9.0789
6.3439
9.8188
41.654
11.902
0.96148
-39.524
6.0633
-12.401
0.7542
-2.4998
-8.744
-18.162
-13.829
-9.4197
-22.074
-25.895
NaN
NaN
NaN
NaN
1.3689
23.428
6.5371
-15.213
1.279
-31.326
-29.658
19.138
-1.1599
1.0445
40.802
33.133
-11.471
-0.83354
5.9089
10.857
-16.242
-11.269
-11.923
-7.8268
23.461
51.551
17.165
1.2062
-0.46399
-3.4143
-43.073
17.312
-9.37
16.36
12.495
1.9577
-2.0251
-21.438
2.0525
-20.875
18.594
23.059
-11.96
-39.397
-19.089
-27.773
-20.89
-4.1361
-4.5889
-21.835
7.2823
2.1333
17.369
13.32
0.12299
11.542
-6.4677
9.9375
15.024
-9.0717
7.1366
24.86
4.6486
19.035
-8.384
17.003
15.199
-2.5897
26.065
27.193
-22.614
-20.07
0.088622
17.649
