0.53099
-22.218
-35.683
-7.8911
30.87
14.045
-46.26
32.975
11.904
2.1295
9.9428
-9.8699
-5.824
9.9603
-14.087
-43.379
-14.553
-40.489
39.311
22.028
-4.5042
7.2992
22.086
10.883
-28.426
8.3508
11.294
39.161
-20.365
-16.778
7.9453
-25.877
1.635
34.648
57.908
-15.461
-25.959
-41.191
-42.345
8.5883
-22.34
-21.782
6.4989
13.32
7.9016
14.561
59.741
6.7522
-21.833
-27.739
5.7876
-35.764
18.458
7.7455
-86.275
16.305
50.903
-17.049
10.696
69.195
43.984
28.933
23.006
-11.692
20.027
13.925
-35.855
-59.192
-5.6179
5.6814
5.8874
-43.744
-14.087
-21.404
17.245
-7.6442
-13.822
-8.4385
-67.068
25.555
31.275
-19.801
40.863
-19.208
-9.6196
-29.174
11.61
48.159
55.287
-25.124
-2.8552
-4.4496
-32.855
38.242
-64.83
35.385
39.736
-37.006
-2.2087
-12.925
-5.7929
12.123
41.229
45.088
40.242
20.38
14.965
9.4595
-18.898
-33.16
-5.8457
7.9561
15.279
-52.534
22.313
-1.6163
-16.631
-10.613
-38.463
-105.23
-39.005
-1.7641
43.407
3.5132
-38.798
-79.975
2.0915
54.779
85.519
18.062
7.3087
1.9434
-36.896
17.23
84.693
37.998
44.607
37.202
-19.21
-27.611
-1.3396
38.477
2.3199
-6.8212
-13.937
-34.965
-43.284
-37.314
-43.887
-30.155
19.794
0.64704
-3.9476
23.61
-8.1265
57.082
-11.351
-46.502
2.9305
19.621
38.099
-3.0392
-46.379
-3.1249
-24.671
NaN
NaN
NaN
NaN
-4.8168
32.803
26.155
22.139
12.906
20.324
-39.246
-44.285
0.48853
3.5675
10.185
-43.238
14.205
7.8285
-26.308
-14.827
-1.1415
47.627
18.914
-21.015
-46.188
-26.035
-1.0171
-36.702
8.1126
NaN
NaN
NaN
NaN
18.864
13.512
25.401
-8.9289
1.5895
-41.654
-35.502
20.417
-27.497
-1.9665
16.95
-20.152
-7.0025
-16.367
-11.424
-18.927
24.099
33.78
21.912
26.812
6.1463
-5.517
19.841
6.2732
-22.901
-13.312
-47.67
-52.922
-22.265
NaN
NaN
NaN
NaN
-7.0161
-18.927
-36.674
39.745
9.1889
-14.854
-20.266
51.264
20.733
-5.833
24.388
-20.142
13.302
-15.186
-13.679
-45.245
18.76
48.22
-9.4536
39.436
-22.106
54.206
-27.89
-0.39462
-23.889
-45.465
2.209
-15.779
7.1223
-44.122
-14.299
-31.661
48.782
20.682
-20.557
28.058
41.074
0.0057503
26.751
-9.966
4.1589
-7.422
-36.907
17.991
-3.3548
-42.046
27.79
47.388
-8.6045
-0.31365
6.947
-42.094
-17.652
-32.128
12.679
-22.782
76.507
-23.029
-22.607
-37.362
-14.578
20.528
2.3126
18.268
50.242
14.619
56.84
5.2392
-17.136
-10.846
16.203
-26.417
17.696
-20.507
16.075
29.136
-30.556
-23.802
-49.141
24.278
-20.987
-25.746
47.66
-23.834
-11.135
-64.194
-11.905
-1.7838
61.715
34.079
-21.925
4.6198
19.06
-38.05
-15.611
6.7545
13.322
67.89
12.289
17.676
-68.439
44.202
1.4451
11.642
