9.0736
-10.745
29.778
4.4947
1.8437
28.503
15.986
24.683
-0.48642
18.572
14.996
18.089
35.894
7.372
-16.324
-9.6359
-37.416
-52.62
-24.739
13.076
5.2053
-14.964
-23.842
-13.498
-8.6302
5.9987
42.382
30.411
17.846
21.083
-2.215
15.414
-2.638
15.726
-21.489
1.1319
-8.5166
21.481
17.368
-31.06
-57.53
-60.001
-42.464
-16.01
0.91805
13.123
47.469
43.918
16.158
46.799
14.445
9.5027
-14.745
-30.496
-2.4601
17.817
-5.4879
17.685
9.0924
-21.808
-26.208
-23.556
-0.99528
-19.314
14.937
22.714
27.435
17.886
17.439
-11.534
-51.565
-58.359
-28.331
29.683
26.586
42.334
10.814
11.823
-9.1084
-26.939
-7.163
-27.363
-15.368
-21.856
9.4496
23.315
49.217
20.536
10.036
-40.58
-4.3359
15.546
16.781
16.38
15.89
-17.669
21.333
8.6615
-41.534
-18.547
1.1535
-8.706
14.274
34.027
7.5112
13.597
-27.995
-48.248
-19.399
-28.036
-18.377
10.191
-6.2525
-22.241
-10.419
-23.237
0.064433
20.819
14.48
9.3297
61.807
65.107
55.973
52.144
13.029
-11.992
-81.927
-71.344
-1.8979
-11.465
-1.3123
18.936
9.4886
-49.687
-55.402
-1.0306
31.566
30.911
58.26
18.287
-1.8339
-17.122
6.5386
20.415
14.128
16.873
-45.185
-41.233
0.69729
-1.3123
-49.48
-50.442
-16.308
1.1579
40.154
50.207
-5.2592
-6.9042
-0.43439
13
-9.3132
11.24
7.9235
-10.576
30.679
29.922
34.763
87.522
-11.076
-42.443
-22.513
-57.998
-32.4
-15.417
-5.6733
-33.193
-15.637
9.4902
-19.215
7.6748
-3.3884
-10.088
43.204
23.214
7.5539
3.8648
12.098
4.714
-1.9632
-15.1
39.246
72.416
58.381
-16.775
-42.227
-11.644
8.8616
1.8112
-26.43
-24.8
-46.342
-42.656
6.9779
-23.899
-24.418
13.974
31.613
-10.377
-3.1377
-26.792
-23.182
-23.515
-12.893
31.355
30.918
21.629
18.941
20.048
19.22
46.955
44.002
48.695
-5.0781
-40.3
-33.574
-22.064
44.156
-16.036
-39.755
-39.659
-28.85
-1.4354
-8.8808
59.245
41.444
4.3869
-2.454
-5.6847
-19.208
-30.578
-26.397
-24.519
16.526
39.016
6.7093
-30.091
-42.423
-29.947
