8.2819
7.2496
41.021
17.144
4.5111
-25.849
33.675
28.286
33.603
-22.63
9.9019
1.3072
-33.246
-37.198
-68.537
-86.441
-74.858
-18.616
-4.7348
-13.966
16.708
16.258
40.013
31.362
11.638
5.8199
49.301
64.933
58.449
20.649
-27.677
-25.632
-12.925
4.4815
15.749
8.9923
6.2486
-32.281
-30.65
-31.766
-26.116
-27.461
10.486
12.572
-10.869
34.182
30.514
31.677
-5.0719
-8.4012
-21.812
-0.036853
10.364
24.774
30.195
37.502
-2.2872
-46.122
-54.283
-63.036
-42.425
2.4261
29.1
34.43
12.718
18.126
-28.889
-30.357
8.6318
-11.71
22.519
32.376
0.27537
-9.0184
15.382
11.828
3.7016
9.2616
-7.0699
-37.647
-17.121
-9.9449
13.476
23.232
-2.0687
33.818
-0.31234
-34.98
-31.079
-10.049
21.564
44.556
39.606
37.443
15.58
14.32
26.602
19.299
-4.0433
-50.729
-76.452
-15.277
-33.957
-9.3633
2.9451
-6.0488
-23.577
-17.222
-17.763
-49.757
-37.507
29.333
31.692
40.718
58.485
34.91
-22.898
-23.795
-7.5014
16.067
23.203
-12.594
4.1676
28.442
-15.484
1.8298
6.3042
31.155
2.3383
-24.494
-38.517
-14.953
-0.17934
29.673
40.058
68.513
43.065
5.4559
-32.516
-54.109
-31.69
-15.425
-24.24
-17.598
-3.6254
-18.023
8.4192
0.28926
-16.344
5.1211
20.396
-7.9082
5.0149
-25.274
-23.686
0.40541
5.1251
23.04
-8.9239
-11.4
-14.876
-16.499
8.1237
19.843
35.117
29.79
27.449
12.675
6.4476
-17.015
-5.5601
13.765
-1.8088
-13.489
-15.178
10.714
14.786
37.999
57.428
21.482
-11.47
-15.665
4.5325
-41.995
-28.778
-45.639
0.8906
20.176
-5.0991
-45.506
-30.584
-24.508
-44.71
-4.3641
-0.17952
-12.716
-1.3118
-8.4931
27.559
32.234
30.757
3.1236
9.2835
26.665
14.341
42.921
22.621
7.3488
16.894
15.591
-3.7505
-21.37
-52.945
-45.458
-14.838
5.4536
32.655
12.594
7.5413
-11.982
17.18
4.4677
5.7686
0.92575
16.558
4.5631
-8.642
-0.40891
NaN
NaN
NaN
NaN
-38.78
0.2755
1.7984
9.0821
-11.814
-13.243
-34.911
-26.574
-21.86
-5.1742
12.542
14.973
-4.1238
-15.09
-11.732
28.204
10.748
15.098
-8.8231
-11.651
-6.1067
42.761
49.997
89.84
32.923
3.8603
-1.4147
-19.855
12.692
2.4545
-28.735
20.545
1.0878
14.611
-19.548
-12.356
-16.773
-48.08
-45.233
-30.739
-11.103
-33.525
-22.722
-26.109
-17.924
-17.331
-4.6602
18.202
11.469
28.833
38.077
46.283
72.842
35.2
-13.337
-8.3249
-5.9703
-0.63816
-56.943
-16.693
24.852
7.573
-10.49
-19.124
-19.32
3.7697
4.5951
11.048
12.052
6.4927
