-37.771
-25.177
37.602
10.099
2.8647
86.456
66.524
-4.4256
-28.629
-58.803
-21.443
2.2699
-27.96
-4.922
-5.6014
-15.02
-21.914
-62.213
-11.209
-33.938
23.116
14.602
107.21
46.75
47.941
-39.608
-39.231
-30.976
17.059
-60.845
-21.558
38.268
1.085
-13.197
13.581
-42.188
-15.473
39.188
25.505
6.7659
-17.589
34.152
12.63
13.323
-18.803
36.614
NaN
NaN
NaN
NaN
21.316
56.681
78.859
-6.1072
-36.886
-43.503
-26.846
-60.09
-28.664
-80.746
-51.471
-47.949
-19.735
-21.415
-28.123
37.149
17.674
97.045
82.316
14.871
93.741
62.255
81.176
39.724
4.8051
-46.781
-20.272
-55.974
-31.809
-15.64
-44.395
-56.369
-42.419
7.9969
1.0387
9.004
19.213
-21.112
11.85
-47.548
-16.932
36.96
12.068
5.0845
-8.6762
-11.545
28.926
1.9142
82.646
36.628
-17.049
-24.722
14.412
-32.172
-15.146
-50.804
-20.205
-56.807
13.758
14.823
2.0364
-11.899
-8.6946
14.035
29.672
52.451
53.077
47.905
11.124
39.626
13.981
-16.452
-12.09
-20.335
-34.598
3.3016
6.4226
-24.058
-37.95
-16.052
-53.29
-28.532
-42.896
-22.701
24.024
31.166
42.035
18.417
11.724
30.95
23.009
-32.039
-4.5994
-3.5227
-39.591
-25.371
15.878
-0.63041
35.831
NaN
NaN
NaN
NaN
40.382
65.716
9.7928
-39.459
-31.913
-16.701
41.063
14.841
29.379
27.48
36.346
52.428
-13.561
-2.5039
-2.434
-9.3592
-58.002
-23.573
-14.358
-2.9282
-29.464
27.843
-21.767
-43.774
-28.757
-38.519
-19.216
-14.428
-18.504
22.458
3.9324
41.54
54.166
17.009
-28.157
8.4583
25.95
42.314
8.4072
-10.015
-13.119
-11.311
16.667
38.981
18.671
-4.3413
24.258
-16.179
-44.602
-25.146
1.3286
-0.94634
-49.33
-27.297
71.281
-34.077
-17.836
19.963
40.973
28.272
23.878
-22.753
5.5785
NaN
NaN
NaN
NaN
NaN
NaN
-36.455
-46.404
-79.791
-8.1776
9.7852
0.57198
-24.669
-50.845
-56.179
-31.316
69.607
62.399
93.449
64.106
41.281
21.974
-59.742
7.3422
-1.3876
25.867
9.1571
-35.378
-13.864
40.53
-14.447
-46.371
-7.7247
-4.46
18.058
-34.558
19.395
-17.367
22.185
30.779
-26.644
21.704
1.5505
22.12
13.693
3.8933
-24.342
-20.182
-66.395
45.635
-15.511
13.339
-28.079
-78.636
-46.137
-30.098
-25.744
49.222
13.313
-35.422
8.1343
37.513
-4.6964
41.875
35.491
59.247
43.871
38.38
53.484
56.303
64.525
-22.486
-20.208
-42.269
-55.612
2.4835
-17.284
6.7403
-71.795
-73.47
-16.948
-21.186
-29.554
1.8434
-38.362
2.8665
20.695
-25.029
-7.8728
71.096
-2.8373
36.825
13.82
-61.802
19.459
25.831
65.064
