-145.94
-25.23
-1.3683
26.258
9.6649
-12.318
-45.455
-24.512
12.627
30.036
-12.88
1.319
1.4188
18.643
14.706
1.0397
-6.8643
1.8045
13.816
25.674
11.404
3.5525
2.6905
-2.1317
-28.791
16.532
24.551
-11.117
22.854
25.314
16.182
-42.678
-63.386
-30.12
-1.2532
11.369
-16.718
14.095
14.539
-14.405
-12.185
-13.525
1.1705
50.523
4.3277
-24.128
-32.038
31.825
-3.4086
-22.039
NaN
NaN
NaN
NaN
0.81448
33.767
49.264
-16.433
9.1091
-22.961
-9.1571
10.928
4.9449
-21.76
-21.668
16.75
-6.7434
-37.046
-28.442
-12.562
2.1243
-6.5111
6.7383
32.184
-13.432
-4.9162
5.8496
43.098
21.973
1.2344
18.671
-2.6396
-18.891
-10.327
-51.128
-3.5452
-19.938
2.9235
28.057
-8.6675
-5.0382
-2.3911
19.025
43.598
6.5565
-7.9473
28.94
3.4166
-33.097
-35.523
-10.69
NaN
NaN
NaN
NaN
NaN
-15.103
-23.306
-34.932
-14.546
-3.4401
-8.8658
-14.321
-26.139
-2.5121
25.838
18.277
-23.472
-15.01
-29.384
3.3812
-9.6983
-3.0985
7.3323
53.247
-29.351
21.556
28.963
16.359
10.336
-2.9126
-0.51288
-5.7634
-5.5873
-15.33
-27.536
18.818
-18.45
-44.281
11.74
18.42
17.447
3.8474
-27.804
25.927
41.189
-5.0334
15.662
34.313
-13.7
-48.024
-41.401
NaN
NaN
NaN
NaN
-12.351
-40.192
2.6991
-11.653
-66.957
-33.937
15.683
20.463
-19.008
-47.779
8.9662
-32.068
-7.1938
-5.9499
48.738
-2.5139
35.771
1.8189
17.403
41.091
7.4293
2.7178
45.899
45.004
20.361
-33.598
-8.7412
9.9068
-18.157
-21.65
-21.602
-12.744
-3.2742
-1.3059
-5.1387
-12.896
-12.7
14.202
4.0784
50.159
-21.613
-43.976
-33.035
-42.585
-22.694
-17.138
31.091
22.708
8.8633
16.98
-24.776
14.349
43.485
22.261
34.355
12.417
40.964
-21.747
-22.603
11.331
-18.099
-19.032
-62.017
-23.38
-19.128
21.683
17.597
-3.0995
-20.184
-24.253
25.162
34.435
63.599
66.348
4.5657
-2.102
5.9601
0.77414
-14.224
-20.655
-42.119
-7.9188
-32.4
-47.192
22.929
20.456
-2.7226
21.816
-5.8512
-19.205
-58.696
-12.562
-40.894
-6.2965
-23.018
2.5116
56.603
36.578
29.729
-11.924
-14.764
32.939
36.421
0.20307
38.388
59.494
12.44
7.7672
-28.83
-0.36171
9.0943
23.868
-1.9105
-6.9864
-17.962
-47.521
-72.235
-30.994
-29.396
-30.425
-40.273
-12.25
30.48
26.77
40.058
34.948
22.374
-19.742
-24.593
22.012
-2.9996
-1.2925
27.436
4.5955
-28.778
-24.626
62.029
3.4018
6.5243
-22.42
7.376
-16.716
65.901
9.1929
17.225
39.128
24.253
-13.306
