71.782
54.783
43.677
-1.6537
-50.628
-37.094
-9.5073
-8.1707
5.0402
-7.7194
3.8901
0.52385
14.733
13.347
-17.383
-19.226
-22.129
3.1616
1.8173
1.844
0.70275
17.9
20.694
-0.39493
-8.498
-17.627
-4.7492
-30.738
-16.661
-24.086
16.83
7.9851
20.765
17.761
15.798
22.119
3.882
21.047
-4.7491
-5.7987
-18.177
-5.1937
-4.448
-6.9494
3.0421
7.4195
21.029
0.89192
17.57
6.3542
22.732
13.272
-3.4835
-44.326
-42.92
-77.024
-46.284
-31.568
-14.204
1.1632
6.6539
28.537
35.877
38.263
55.829
48.596
43.747
24.318
12.055
-25.091
-18.845
-17.422
16.293
-6.3986
-24.846
-21.433
-31.265
-41.442
-21.426
-2.321
4.7593
17.351
19.181
38.427
8.5974
22.092
-12.204
0.40044
-11.371
2.3137
-4.8168
-25.17
-22.95
-16.625
-11.029
5.4971
-4.5337
6.567
-3.7881
12.643
4.4255
14.139
17.546
29.504
13.766
-7.0934
-33.815
-29.244
-9.1832
-11.297
23.001
18.428
19.859
14.819
21.975
21.414
15.362
6.9536
-16.569
-1.1633
-23.094
-16.74
-4.2763
-14.985
2.9025
-1.4373
-0.63116
1.9483
-15.639
-36.846
-30.068
-50.059
-18.176
2.5652
29.252
24.805
33.241
14.365
23.963
33.11
12.224
18.023
9.2311
-6.395
4.5188
-22.816
-26.577
-28.994
-8.9534
-14.06
-7.2398
7.1489
11.423
34.145
35.31
32.976
8.7427
NaN
NaN
NaN
NaN
9.0047
11.102
-8.3019
-1.6219
1.5512
22.831
22.98
7.0226
12.751
-4.79
6.1603
19.128
13.058
1.1523
-1.6776
-9.7752
-19.572
-32.549
-25.941
-19.888
-20.652
-12.585
-27.596
-22.928
11.535
14.091
23.95
21.684
30.125
7.8602
5.6085
-4.4558
-7.0486
9.6768
-8.1208
4.779
26.126
38.153
24.266
13.499
24.829
23.962
40.256
13.207
-22.33
NaN
NaN
NaN
NaN
-28.291
14.299
-1.4279
-2.0962
-2.9831
15.905
5.1555
17.799
25.444
5.1205
-1.1616
1.3627
24.49
3.6066
-0.70448
-32.967
-32.607
-2.2246
1.2636
9.496
14.732
25.575
18.246
3.1221
18.7
-3.843
9.6787
4.2068
4.1391
-2.8517
-4.6829
-2.4791
-15.869
-4.5063
0.78535
-6.8143
-18.486
-30.693
5.2215
14.62
14.148
18.211
-5.1495
11.744
10.148
45.825
37.143
-7.4787
-50.668
-52.423
-32.877
-24.847
-48.857
-35.153
-0.56859
-17.885
3.6244
32.035
18.497
34.025
32.525
30.148
26.556
4.7184
27.034
43.529
9.6867
17.374
-11.697
-6.1731
7.8521
-35.22
-35.241
-53.399
-39.008
-26.023
5.3448
38.361
24.174
18.064
12.786
-4.0784
-1.6522
-23.015
0.84793
3.057
8.4874
1.7037
-25.472
-36.838
14.521
10.92
16.18
-23.138
-31.022
-13.802
0.47603
11.968
9.4322
-0.37457
