-42.958
11.398
-12.902
-26.82
15.194
67.282
52.086
-3.1923
-67.869
-14.21
27.253
10.84
-48.332
-62.457
-22.799
33.372
32.866
22.047
-2.8603
-9.5494
-23.753
-51.623
10.849
57.681
57.038
6.4725
-25.48
3.3675
5.8115
6.9273
10.868
-0.12198
-12.12
0.14862
-16.09
-25.858
-17.787
-12.336
5.2743
-2.1429
-2.4303
3.5904
0.96569
2.5742
10.219
-1.3565
11.177
25.261
24.616
12.805
NaN
NaN
NaN
NaN
-35.379
-44.21
-11.482
-39.597
-39.149
4.6898
-0.85319
-25.309
-7.9971
20.529
35.408
4.2287
-22.072
-44.672
15.623
57.497
41.012
13.096
-6.9605
-2.8235
42.72
28.934
-27.397
-19.029
-20.813
37.665
16.322
-1.1694
-10.885
-34.489
-31.274
-8.7546
-2.5582
-13.526
-11.757
-1.0983
-12.959
-15.044
-8.7972
10.768
12.793
-2.5453
-2.61
9.147
47.78
31.284
10.258
NaN
NaN
NaN
NaN
NaN
-21.268
3.0087
-19.535
24.704
30.792
-7.82
-49.582
-32.741
14.588
-17.521
-18.528
-42.776
-3.7824
-12.528
-6.7064
23.401
8.6809
11.546
15.703
11.218
-5.3585
36.223
29.662
48.267
28.236
-5.4631
-14.976
8.6605
2.1953
-39.131
-24.418
-14.491
-4.678
0.60806
7.3501
-15.348
-24.055
-1.0264
-27.18
-22.309
20.233
33.127
13.533
5.8307
17.255
29.957
NaN
NaN
NaN
NaN
8.8154
-44.56
10.59
41.598
22.662
-4.2258
5.8656
-20.391
6.7166
4.9269
17.964
11.074
-14.411
-25.388
20.93
55.112
17.447
-36.735
-16.24
-13.823
5.6575
8.6527
23.832
40.721
33.405
13.038
11.286
-24.88
-41.713
-54.871
-30.065
-36.515
11.148
4.0739
-31.526
-7.7743
-16.048
-22.263
-2.3934
12.598
15.832
27.261
14.821
10.66
8.9211
3.5783
0.9183
22.647
-8.0387
49.415
34.078
10.648
12.188
-40.702
-14.712
-36.127
-31.628
38.95
14.311
-26.275
10.525
35.199
35.754
28.643
7.8262
-25.493
-12.912
-17.882
-40.134
-75.541
-86.079
-18.833
52.603
27.18
41.822
3.7799
3.75
-3.9082
-10.718
-9.9256
7.7987
10.501
16.173
21.983
8.3346
5.3259
-13.575
-21.235
-11.187
-6.8235
6.2359
3.4824
-2.0963
19.459
33.069
37.626
20.698
0.28222
17.389
4.8899
16.411
-4.365
-13.013
-16.612
-63.354
-13.314
-10.953
-31.567
-50.937
-43.627
0.36005
-17.309
1.455
3.9946
46.725
70.36
39.896
-2.4706
1.4704
18.243
7.804
-36.028
-0.077664
26.791
31.923
20.134
-45.668
-31.759
-25.387
-5.6732
-14.817
11.598
14.795
5.0694
4.5776
9.9301
6.4919
-6.5575
8.5004
-9.5785
9.95
-37.526
-20.429
7.838
20.699
7.7917
16.086
15.388
