7.1867
11.983
7.711
-0.21085
-7.7529
-7.06
-3.151
-7.1695
23.881
-3.4478
-46.85
-23.222
-37.982
-20.882
-18.133
-9.9412
-19.229
-3.1599
-28.118
-6.245
0.024982
2.2592
-12.249
-24.423
-10.429
12.931
29.867
21.715
6.645
14.145
26.844
19.312
16.355
21.387
13.081
28.834
3.9516
0.065535
-22.306
-29.103
-17.517
-14.308
12.572
-3.2837
1.7809
15.504
3.2988
14.549
17.879
49.25
13.35
-14.603
-8.9275
5.6369
-10.233
15.418
-0.7332
10.752
-11.587
-18.588
-36.969
-28.328
25.198
-21.146
4.2302
-18.757
-20.509
-5.0575
-3.4412
-21.004
-51.293
-32.447
-31.39
-14.168
-34.304
-8.8893
10.308
21.546
35.459
31.327
41.285
32.329
39.469
19.584
39.174
23.145
25.411
19.537
-8.5927
-10.555
-11.576
1.647
-10.767
3.2164
34.043
7.4923
22.633
-11.753
0.22409
-41.131
1.5762
18.298
-5.3417
-31.084
-39.122
-17.466
-7.688
-33.551
-42.672
-28.286
-17.772
-1.7488
-24.678
21.256
7.7183
16.108
12.809
13.413
18.206
0.72888
4.1334
-6.6119
9.4333
-3.181
3.908
-1.5052
8.3048
15.852
8.0035
-3.9815
18.069
16.269
14.973
-9.1933
24.635
13.609
7.617
-20.905
2.2873
-28.35
-3.7041
-13.061
8.0749
-2.8286
5.9941
13.131
9.8821
9.2409
17.579
-2.4835
-24.979
-19.794
-23.631
-2.5911
-14.177
16.652
-13.993
17.38
18.153
25.156
13.837
11.866
-10.428
9.1486
-36.384
-35.203
-26.692
-52.575
-19.492
-36.333
-17.571
7.8387
-20.282
21.284
29.918
29.659
41.121
42.946
21.292
21.527
15.639
15.57
2.6495
-34.047
-18.778
-6.4275
-5.7935
-19.109
7.9347
9.1442
4.7772
7.6022
15.259
-0.5721
11.939
-2.5112
-9.9766
-1.3411
1.4624
34.412
13.171
11.081
-9.7743
-8.0536
-31.024
-2.2099
-25.587
11.988
-0.12247
-25.741
-26.447
-25.689
-6.3457
1.8376
-16.691
-22.191
-1.7427
-1.6958
13.753
19.95
41.614
25.695
12.015
-7.5152
-2.7924
-2.4761
-10.882
-11.443
-12.468
-1.4156
3.175
3.6727
-22.946
-20.872
-5.1788
7.7022
21.681
35.7
18.891
3.2256
-2.2204
-1.7591
13.011
13.8
36.494
24.623
23.786
-11.051
15.559
-9.2565
-17.699
-16.402
-16.502
-3.3491
3.2374
-2.458
-6.0193
-12.359
-3.0393
-13.837
-32.132
-22.044
0.38822
-24.17
-11.06
-5.1321
-4.774
-23.695
-13.211
-5.892
-6.2975
-12.756
-8.6709
15.514
15.401
20.134
38.23
26.954
44.093
9.7943
12.26
-12.231
-17.816
-2.0715
14.485
-25.355
11.371
9.3348
-9.9592
-1.9365
15.444
26.105
25.077
16.325
