15.589
35.998
31.578
37.419
9.6151
-0.33869
-16.224
-24.676
7.3319
26.339
-1.8428
20.72
17.542
38.558
22.157
-17.499
-30.825
-28.878
-15.956
7.5529
-1.4136
21.413
-5.4168
-31.689
-41.873
-39.697
-37.636
-7.175
-20.362
4.8487
11.688
32.377
29.27
29.395
7.8177
5.8893
11.228
-4.7099
-0.70022
-6.0351
21.424
22.484
-20.411
-5.4824
5.8112
17.963
1.8915
20.437
6.6368
-13.655
NaN
NaN
NaN
NaN
-11.591
-14.243
12.043
-0.91755
-2.1937
9.0103
15.051
7.8409
13.894
16.811
17.11
-9.9448
6.7283
31.128
20.822
-19.692
-31.446
-28.138
-10.807
9.6449
-9.4979
-26.069
-10.826
14.934
2.5117
0.7558
-9.9844
4.3112
-8.9533
-0.25003
6.445
19.03
-4.8846
-4.3874
6.1716
14.122
-0.076244
-2.3631
-0.43265
-24.156
7.7922
21.971
15.384
-2.5049
-17.438
6.2885
29.777
NaN
NaN
NaN
NaN
NaN
10.865
-9.2648
-44.502
-8.9189
-20.507
5.9577
5.8899
-0.057122
-1.0661
14.487
12.136
17.856
0.43437
2.4521
9.7816
-1.9544
2.4094
6.5962
-14.911
-21.344
-36.388
-41.127
-0.45282
-1.8428
18.547
-4.0954
13.488
4.1825
21.29
6.9895
9.9951
31.234
30.883
24.468
-3.0171
-18.319
-16.198
13.857
-4.9917
-3.3074
-12.515
-13.538
-1.9585
-8.1617
14.557
-12.086
NaN
NaN
NaN
NaN
-17.204
-24.156
15.483
-0.074882
24.197
27.51
13.683
7.4871
-1.7368
-21.4
-9.2389
-4.0356
14.022
11.635
8.6904
-9.5867
-5.5912
-0.93518
14.88
-14.913
-33.202
-34.031
-14.422
1.5043
-5.0784
17.039
-1.291
24.316
17.433
3.2556
5.7174
9.8209
18.387
11.888
6.1424
3.8486
-2.8937
-16.8
-31.072
-5.9299
9.3113
24.42
27.797
23.542
39.522
27.151
-17.917
-41.98
-18.918
-18.765
-32.476
-49.012
-25.928
-20.07
-1.8099
-3.1165
-14.119
6.2656
-11.685
-0.65416
3.2204
32.359
26.584
19.046
3.9105
0.71692
10.953
37.029
33.028
15.036
9.5473
14.26
-13.952
-21.191
-8.0284
-8.5792
1.0317
-8.1404
-9.8929
-16.244
0.6503
1.5593
1.4924
4.148
-26.527
-12.201
4.5977
-1.0588
3.5684
4.2388
28.23
26.478
11.228
-6.5784
-6.6508
-23.81
-33.322
-49.378
-14.525
0.22512
22.305
4.5975
-31.583
-34.973
-34.858
8.5415
42.776
50.432
71.864
40.322
32.707
3.5226
14.797
11.656
-12.515
-33.185
-22.849
-36.762
-8.9323
1.1427
-7.199
-31.007
0.031491
-4.8182
-4.1184
7.5075
16.626
32.212
14.639
9.2886
3.731
-1.3089
-1.875
-6.7877
-2.2999
-32.475
-10.447
-9.9308
-5.9429
-12.491
4.9121
-16.576
-32.417
1.2668
7.5126
-1.7271
2.801
-25.306
