22.031
11.222
-7.6725
-2.4172
7.2691
10.183
-7.7647
-23.182
-12.407
2.1078
5.7348
12.322
19.248
22.217
14.331
32.005
19.311
-19.266
-23.279
2.342
10.207
-9.498
-8.1461
13.033
8.149
-13.283
-13.097
-21.371
-20.107
-42.842
-25.159
-10.019
-13.572
-12.372
-6.5501
8.1989
7.1631
13.826
-3.1152
16.733
5.9103
16.783
28.914
20.907
10.509
8.3171
11.731
15.205
21.903
12.777
9.1548
3.9715
2.4049
-15.582
-37.408
-40.092
-15.501
4.8811
18.349
-1.967
13.106
5.1642
-9.0421
-8.7239
-12.899
-21.096
-13.036
-2.3228
5.8289
1.8944
-8.3864
-25.657
-9.1777
21.596
10.643
20.541
40.289
21.29
-5.7727
-34.942
-33.219
0.36822
-9.495
6.6433
-0.89622
17.577
9.76
23.424
23.224
1.58
-9.0842
-1.3684
-1.2802
-14.172
-15.651
4.675
-14.638
7.7711
-5.5299
9.7054
-25.818
-4.508
12.374
26.53
20.195
10.935
-9.4387
2.1263
16.803
5.3673
-1.2813
-17.788
-25.387
-20.519
-23.391
-3.2485
-12.125
8.5642
29.87
26.804
0.51217
-6.3908
-7.1322
-16.367
-19.338
-15.066
-9.4658
0.73597
-1.4425
-1.675
13.18
11.118
15.451
-6.3228
-3.5921
6.9396
31.887
28.667
0.31301
-0.84959
-11.978
-17.49
15.089
3.2135
9.6449
11.418
20.055
2.8207
-6.3803
-13.399
-8.7134
-11.449
-10.454
2.3427
-4.1096
-0.14666
-6.8914
NaN
NaN
NaN
NaN
2.5009
-4.639
5.1198
13.415
-8.2176
-19.767
1.9509
12.277
16.155
8.59
8.0736
0.6973
-1.7422
17.435
12.673
22.612
18.271
18.899
24.86
20.358
-3.6329
0.091065
-17.494
-26.962
-24.16
-19.18
-27.423
-26.625
-15.023
-8.2876
8.4365
22.63
3.2476
-3.6829
13.264
5.7079
-0.80488
8.9913
14.991
6.8534
-7.6265
-3.321
13.717
11.188
5.8892
NaN
NaN
NaN
NaN
-5.1385
5.8164
-8.1118
11.874
-7.2849
20.211
19.671
8.3382
-11.31
-21.664
8.4948
6.06
-0.14208
-6.6164
5.5492
-3.3406
6.6725
7.2887
5.0991
7.1318
-3.0971
-3.2876
-2.0672
-0.38149
5.84
-0.58931
10.152
-2.7006
-17.186
5.5239
-2.6559
12.648
0.50593
-16.705
-21.385
-16.659
-12.277
4.1128
0.92297
-8.344
17.42
34.634
22.421
14.151
-4.2652
8.7809
12.933
7.2645
-5.1457
-29.703
-65.243
-13.186
-8.3727
-10.016
-1.8224
2.506
0.021341
16.832
24.559
-2.2941
-6.9744
-11.917
4.7623
12.093
31.868
37.106
23.2
13.905
-2.4783
-15.805
10.231
-3.3054
-2.9618
-9.0906
-20.705
-22.941
-19.375
-0.39872
-8.3176
2.458
8.5868
-22.111
8.9529
11.199
1.2899
-2.4568
2.473
12.043
2.7951
-17.879
-12.677
-19.527
3.3251
13.305
18.111
-3.2031
-9.6329
-16.351
-1.0386
6.6965
