-15.946
21.489
18.112
6.7972
-21.885
-8.5179
-20.928
-19.693
7.9141
-6.1974
-1.536
18.091
22.781
-0.23964
-8.5914
-0.051285
-18.403
-13.722
-20.425
2.7955
-2.2436
2.8223
10.783
-4.7041
-1.2987
-1.7145
25.835
18.61
1.0889
-15.067
4.6415
-2.8496
1.9694
-5.8924
-3.2285
0.044151
10.546
15.781
11.717
16.542
9.1903
-3.1648
-5.9537
-5.2506
-16.384
-11.138
-4.0871
-7.1709
-3.3231
-6.9873
-6.7151
-10.987
-11.155
2.5008
18.467
7.8452
3.7904
15.624
10.126
1.2252
1.9125
-6.4475
-13.263
2.2826
-15.109
-16.537
-12.773
-6.3307
-1.6859
7.5096
-6.1859
-18.985
-16.282
11.224
19.916
27.385
20.646
4.64
9.7409
14.809
15.406
6.9172
20.657
5.4522
3.34
5.2042
-14.565
10.944
18.118
-9.8457
-54.917
-27.559
-5.6736
-12.906
-10.135
-13.334
-11.371
-17.264
-27.403
7.9079
19.943
9.191
7.8257
-11.629
10.292
-8.7296
-7.6152
-2.9263
17.982
24.313
15.09
-1.8094
31.905
11.705
22.672
0.088808
8.6481
4.8722
17.33
-13.229
-19.964
-27.583
-21.708
-1.2582
-3.2249
-10.458
0.80918
16.043
-3.5495
14.437
3.0217
7.666
4.2879
-17.288
-11.348
-27.154
-12.287
-16.254
-12.232
-2.9332
23.51
20.054
27.179
6.3633
18.718
-5.0571
-1.6012
-12.281
-15.742
-17.653
8.6705
-13.847
-18.995
-2.8326
10.744
12.66
0.40891
-13.165
-0.34375
24.043
15.337
16.052
10.672
26.055
-10.395
24.209
31.479
17.079
-34.392
-22.3
-8.5911
4.1852
-1.6285
-10.474
-18.43
-37.356
-34.231
-24.931
12.164
12.771
18.395
14.777
-5.7689
-23.743
-33.348
11.703
11.122
15.969
-4.1575
2.1542
-1.2656
25.854
17.74
10.469
-2.7044
0.94971
19.595
-3.2782
-3.0425
-4.9713
3.4716
4.0732
21.614
40.411
7.2483
-29.216
-1.7155
-21.867
-9.5921
-12.703
-25.431
-10.937
-26.701
2.6156
-13.327
8.0828
19.761
-2.0363
1.2011
1.9158
1.2732
-1.3892
5.3762
17.187
-11.307
16.75
1.685
-1.2674
7.3947
-5.372
5.1956
17.954
18.185
-13.057
-25.019
-10.971
-8.8051
4.1708
2.3184
-13.416
8.0014
-9.5365
-0.94236
-1.6219
3.0444
7.8145
18.074
0.66694
-11.437
4.7484
-1.5694
5.7443
17.854
-1.2178
0.0082394
