0.15565
22.703
-19.9
-45.374
-21.534
-11.049
-26.9
-21.729
-40.508
-43.059
-13.109
39.61
40.094
46.273
37.3
13.541
-10.626
16.429
25.297
25.919
16.941
12.817
-25.841
-22.081
-7.8953
1.4342
-21.5
-12.234
NaN
NaN
NaN
NaN
NaN
NaN
NaN
NaN
NaN
NaN
NaN
NaN
NaN
NaN
NaN
NaN
NaN
NaN
NaN
NaN
-16.358
-37.736
-10.092
24.591
27.051
27.824
13.709
24.186
10.337
14.341
3.3455
-16.986
-32.585
0.45646
-0.20824
0.8234
12.729
34.731
31.16
12.057
13.611
9.5584
-9.4516
NaN
NaN
NaN
NaN
NaN
NaN
NaN
NaN
NaN
NaN
NaN
NaN
NaN
NaN
NaN
NaN
NaN
NaN
NaN
NaN
1.2676
-14.847
26.676
70.976
29.895
-21.148
-5.8411
8.0895
-23.453
-25.534
-23.25
-26.666
-36.903
-2.4419
9.0182
26.635
40.839
43.474
-10.176
-2.2501
20.363
2.2463
-4.8141
NaN
NaN
NaN
NaN
NaN
NaN
NaN
NaN
NaN
NaN
NaN
NaN
NaN
NaN
NaN
NaN
NaN
NaN
NaN
NaN
NaN
-26.298
-25.202
4.6025
12.09
-32.379
-28.306
-8.5407
-11.012
-14.977
-19.551
14.606
4.0431
3.0041
7.0668
4.6479
21.006
24.58
16.041
2.1358
19.308
35.337
39.291
12.166
-36.861
-16.894
NaN
NaN
NaN
NaN
NaN
NaN
NaN
NaN
NaN
NaN
NaN
NaN
NaN
NaN
NaN
NaN
NaN
NaN
NaN
NaN
NaN
-21.924
-12.567
-16.994
-20.558
-21.618
-10.676
-44.652
-43.062
15.525
54.174
46.269
33.366
36.971
66.058
60.389
9.9546
-1.6568
8.0538
-21.341
-39.128
-33.433
-0.94638
-3.4989
22.031
NaN
NaN
NaN
NaN
NaN
NaN
NaN
NaN
NaN
NaN
NaN
NaN
NaN
NaN
NaN
NaN
NaN
NaN
NaN
8.9022
3.8849
11.132
19.451
-2.3461
-22.849
-20.852
-25.01
-32.955
-7.3596
-35.059
-30.612
16.576
53.673
57.457
24.641
-3.907
12.302
-3.1961
-16.704
-5.0008
10.274
5.8942
13.132
4.963
NaN
NaN
NaN
NaN
NaN
NaN
NaN
NaN
NaN
NaN
NaN
NaN
NaN
NaN
NaN
NaN
NaN
NaN
NaN
NaN
NaN
