6.1781
2.4466
-5.9155
-34.362
-37.962
-32.478
-36.577
-38.877
-19.933
-2.0597
-3.1423
17.406
27.529
23.498
21.719
-9.086
-33.117
-2.6252
3.6994
11.961
13.9
9.0218
-40.302
-44.829
1.2933
5.7761
5.246
-1.788
NaN
NaN
NaN
NaN
NaN
NaN
NaN
NaN
NaN
NaN
NaN
NaN
NaN
NaN
NaN
NaN
NaN
NaN
NaN
NaN
-31.033
5.5188
4.4671
3.3287
-2.5852
-1.1914
-3.0068
-14.799
-1.7122
-6.1126
5.9401
-12.434
-10.39
13.284
15.838
19.637
-7.0818
9.4773
-17.901
-13.901
-4.5234
-10.629
-0.79166
NaN
NaN
NaN
NaN
NaN
NaN
NaN
NaN
NaN
NaN
NaN
NaN
NaN
NaN
NaN
NaN
NaN
NaN
NaN
NaN
-15.335
-9.6947
31.663
49.109
55.662
-34.64
-5.7559
22.859
-16.46
-14.053
-14.308
-36.417
-8.9518
-15.006
-14.755
-12.37
11.623
-16.936
-29.356
-0.6449
34.458
29.872
20.543
NaN
NaN
NaN
NaN
NaN
NaN
NaN
NaN
NaN
NaN
NaN
NaN
NaN
NaN
NaN
NaN
NaN
NaN
NaN
NaN
NaN
16.124
-3.1194
-0.67802
-3.9641
-53.639
-59.953
-13.173
-11.774
-37.623
10.321
30.101
39.529
28.879
23.805
4.9083
1.3115
5.4166
-17.871
-9.168
-2.7813
15.913
3.8024
-27.628
-35.103
-7.2283
NaN
NaN
NaN
NaN
NaN
NaN
NaN
NaN
NaN
NaN
NaN
NaN
NaN
NaN
NaN
NaN
NaN
NaN
NaN
NaN
NaN
-52.412
-19.501
30.153
5.4061
-17.349
-45.487
-33.974
-38.047
-8.7033
12.615
27.538
46.603
27.37
52.431
29.418
15.512
14.662
-6.2352
-43.547
-51
-55.506
-26.811
-34.15
1.8104
NaN
NaN
NaN
NaN
NaN
NaN
NaN
NaN
NaN
NaN
NaN
NaN
NaN
NaN
NaN
NaN
NaN
NaN
NaN
9.3099
-4.1838
-16.647
-0.44628
-18.84
-41.98
-53.446
-16.188
10.149
13.231
-16.464
-38.716
1.2043
11.356
7.7119
-19.32
-11.565
-12.925
7.8008
2.6829
35.748
36.332
47.632
22.364
-4.6555
NaN
NaN
NaN
NaN
NaN
NaN
NaN
NaN
NaN
NaN
NaN
NaN
NaN
NaN
NaN
NaN
NaN
NaN
NaN
NaN
NaN
