-3.5577
9.905
23.903
24.596
-20.586
-6.8965
8.899
-11.604
2.1843
-5.1543
8.9504
-2.7708
-10.844
-20.787
-20.388
-21.98
-11.872
-6.607
-2.023
-5.7576
-20.251
-3.5256
-15.676
-20.619
3.814
5.1386
-21.535
NaN
NaN
NaN
NaN
NaN
NaN
NaN
NaN
NaN
NaN
NaN
NaN
NaN
NaN
NaN
NaN
NaN
NaN
NaN
NaN
NaN
NaN
NaN
-62.046
-21.745
1.2661
-12.732
6.4534
-10.046
9.0307
34.723
-3.4742
-18.545
-22.657
-11.88
-35.241
-13.703
-21.315
-24.517
-0.039512
-7.3597
-0.9411
9.868
-6.7197
NaN
NaN
NaN
NaN
NaN
NaN
NaN
NaN
NaN
NaN
NaN
NaN
NaN
NaN
NaN
NaN
NaN
NaN
NaN
NaN
NaN
NaN
NaN
-48.078
-4.8012
-5.3698
19.769
58.492
57.129
-23.353
-87.528
-48.175
-50.983
-42.106
-24.146
-8.1349
-23.933
-35.851
10.859
31.281
16.163
-2.4225
0.90195
6.2123
32.804
NaN
NaN
NaN
NaN
NaN
NaN
NaN
NaN
NaN
NaN
NaN
NaN
NaN
NaN
NaN
NaN
NaN
NaN
NaN
NaN
NaN
NaN
NaN
NaN
NaN
NaN
-42.62
-35.354
-52.524
-53.097
-45.314
-22.195
0.77208
19.056
-17.441
-11.598
-6.8168
-23.465
2.5607
53.005
81.388
58.465
11.964
-23.472
-17.832
-15.046
5.1577
-2.9014
-35.612
-23.965
-24.961
NaN
NaN
NaN
NaN
NaN
NaN
NaN
NaN
NaN
NaN
NaN
NaN
NaN
NaN
NaN
NaN
NaN
NaN
NaN
-43.393
-37.789
-44.526
-32.946
-34.956
9.3751
3.8505
-1.2271
-5.8732
13.478
-15.476
-12.829
-6.9039
-14.898
-4.8739
2.0417
30.95
19.949
-3.3928
-25.237
-17.211
-7.0177
16.352
-6.6602
-11.036
-1.5855
12.513
-12.131
NaN
NaN
NaN
NaN
NaN
NaN
NaN
NaN
NaN
NaN
NaN
NaN
NaN
NaN
NaN
NaN
NaN
NaN
NaN
NaN
NaN
NaN
-81.266
-22.91
31.237
33.576
-36.72
-73.584
-20.713
5.6866
-5.1867
-24.133
-21.755
4.2695
29.388
22.128
3.1662
13.21
44.068
22.018
-15.21
-18.325
-12.833
-28.904
NaN
NaN
NaN
NaN
NaN
NaN
NaN
NaN
NaN
NaN
NaN
NaN
NaN
NaN
NaN
NaN
NaN
NaN
