44.67
1.1923
21.491
31.676
29.758
23.507
2.2284
-21.297
-49.691
-43.216
-67.889
-35.742
-10.873
-12.171
-59.256
4.536
-65.81
-35.628
-37.624
21.516
32.11
43.9
10.155
26.055
50.893
56.053
29.295
15.422
43.626
-15.697
-57.874
-28.769
-26.006
26.815
98.249
-14.42
-78.111
15.418
38.879
-13.531
-46.45
41.249
-17.871
-39.271
-6.4656
-41.614
4.4527
20.507
42.65
-18.456
1.6853
6.1137
25.362
-24.341
-21.389
10.025
28.744
-29.104
11.574
21.664
27.197
-44.543
-41.189
10.787
-7.8874
1.4266
-27.992
14.661
18.966
-32.918
-2.6781
-10.241
-13.862
59.525
63.62
20.703
6.2171
6.759
37.567
-39.952
24.718
35.401
-11.877
-71.561
-59.483
-41.065
-20.836
-13.763
-42.509
-45.868
49.408
148.24
48.812
-27.954
-5.394
51.998
1.4418
-10.349
-30.048
-7.9601
-30.6
-24.181
-3.9087
7.2175
-12.485
-29.437
-11.344
46.438
-0.049292
-33.517
2.3447
46.815
-33.586
-14.836
51.95
41.337
-4.039
-44.168
-72.389
37.614
11.47
1.3724
-16.726
49.589
59.467
51.18
-25.974
-65.135
-12.84
38.213
16.66
-3.3254
38.961
4.0678
-65.653
-84.823
-29.75
-10.317
9.9128
28.447
-25.761
-32.2
26.159
44.649
74.576
55.072
-43.22
-57.442
-9.1447
60.519
1.9412
-58.717
-21.749
-34.676
25.248
28.989
-12.895
13.27
-19.483
-22.038
33.936
14.183
-44.612
17.235
5.986
29.184
-0.15841
14.657
57.088
13.676
5.789
-9.4845
32.519
-39.529
-8.8619
27.708
17.91
-52.852
-130.4
34.405
-28.1
-57.701
-26.253
24.44
37.595
37.574
-42.127
-63.692
23.324
81.824
24.433
90.72
-19.573
-3.327
-10.148
-0.43412
52.968
-28.872
-68.316
15.166
41.064
38.164
19.29
41.652
-47.056
-63.675
10.956
-5.1134
-25.387
-59.163
-32.537
33.144
30.865
-45.524
-9.3411
32.585
18.985
11.03
5.466
-44.864
-19.278
28.956
-22.419
-71.256
-24.751
2.0222
-1.769
-21.743
14.351
80.875
67.301
59.044
71.443
62.793
20.128
11.259
23.999
130.44
49.702
31.721
-83.536
-123.04
-90.538
-145.78
-171.24
-126.45
-86.506
-24.23
3.2988
40.26
1.2537
70.93
49.265
104.31
173.32
34.115
-48.712
-17.571
80.262
14.753
7.527
-45.742
-24.361
51.5
-11.839
-31.758
-29.63
73.745
61.709
6.8791
-56.781
-30.316
16.938
21.733
-26.12
-50.916
41.919
-17.822
-59.341
-43.055
-27.307
-17.057
-13.291
16.88
14.603
3.5793
6.2241
37.964
4.4029
-22.489
-62.075
-2.2827
16.535
50.227
-32.589
10.73
7.2527
-3.6972
-37.638
-9.1725
30.675
42.367
51.522
-11.418
63.625
5.9557
-5.1369
53.266
48.217
-70.966
-5.6993
-1.6196
11.672
-15.63
15.097
-5.8676
-58.627
20.945
108.52
-73.658
-99.921
-13.019
-20.556
-48.854
-18.965
-7.9332
-3.3893
-14.271
-19.227
-12.206
-13.496
27.176
14.845
11.399
-33.495
-0.10083
36.136
16.248
-2.3298
64.132
49.426
74.326
47.972
42.156
20.966
24.362
-5.6431
-23.384
-39.343
33.337
11.03
-16.72
-40.265
-68.328
-64.547
-24.756
-26.003
-10.05
4.3493
-84.266
-24.777
54.269
6.5693
-53.743
8.5615
-9.3619
-101.45
56.389
47.259
69.003
39.312
-1.2523
16.874
11.021
37.95
10.161
-5.8623
31.087
