-12.441
52.468
59.322
54.3
-17.585
-52.342
-36.226
-23.906
-35.12
-20.217
-21.897
-37.196
-16.993
0.020995
-1.3459
15.552
15.368
-6.3179
-15.52
-5.3333
13.346
24.959
-12.214
-5.4305
-21.284
-12.055
-10.22
15.534
35.625
55.501
36.54
-1.6578
13.535
1.4462
-23.497
9.7617
11.593
-3.5599
-4.5952
-29.131
-11.127
-22.572
-9.7426
-5.0838
-17.744
-14.254
-15.697
11.983
31.898
9.2253
0.31077
-26.551
-22.026
-10.042
11.872
-10.388
4.4859
13.802
2.8942
27.632
-2.3042
2.8588
15.603
-8.6951
21.612
19.885
29.775
25.855
21.991
3.5356
-19.929
-29.486
-16
-17.64
-12.034
13.875
16.695
-24.779
-23.18
-34.159
-29.67
-6.1578
-11.204
-17.371
-15.509
-18.613
-12.489
-13.47
30.095
50.907
23.67
30.528
31.734
44.527
21.803
20.594
27.614
0.41724
-23.224
-9.0889
2.193
-27.071
-14.684
-30.681
-7.2813
6.2583
-17.592
-14.194
-5.6387
8.2877
-29.28
-28.53
-2.6761
11.58
27.045
2.9624
-2.7713
-15.482
-22.147
-3.0065
-3.3203
-6.451
25.249
2.8701
-13.964
1.1441
12.321
43.832
82.939
95.144
-4.3658
-37.224
-21.668
-21.06
-46.113
-27.139
-24.609
-3.2652
1.3858
-6.6596
-1.7106
-6.7434
-12.699
20.805
-11.239
-0.52932
9.6203
17.765
41.557
-22.282
-30.675
-7.2695
-12.165
-24.731
-15.271
9.8817
48.672
23.596
18.617
4.5818
-3.7088
-3.8491
0.52364
14.922
1.0556
5.8633
-13.922
-24.702
-8.2149
2.7879
-15.088
-17.357
-21.537
18.887
-6.6044
-8.4984
-12.614
5.6231
14.365
11.28
-8.4397
12.632
6.7961
-0.51132
3.0847
50.38
61.458
43.165
35.442
14.554
-17.137
-72.68
-20.203
-19.358
-42.479
-39.924
-27.379
-14.315
-16.959
1.4315
-14.227
-16.019
-8.9132
-9.2109
3.3724
-0.42528
31.636
27.923
-8.4898
-9.0074
-2.8232
30.544
50.209
38.47
35.632
49.32
-7.7545
22.691
-12.045
8.5478
-9.8805
-8.7425
-15.229
8.4479
-37.315
-20.537
-4.5271
1.1384
-10.73
-4.2803
-2.0826
-41.137
-38.451
-18.08
-6.6001
-6.3273
-19.354
-57.18
-11.032
38.562
37.446
11.518
-20.49
17.714
50.582
34.493
9.1786
9.6024
0.90624
14.184
17.212
11.985
66.706
39.68
-9.2023
-38.046
-29.706
-28.57
-27.254
4.7276
-8.2174
-19.93
-35.823
-18.058
-11.352
10.503
-7.8734
-6.8083
9.5113
-5.4943
21.17
-0.6932
-25.987
-4.7188
46.388
46.678
-2.0825
-10.525
-13.033
-10.723
4.8478
19.469
5.1841
-3.4842
-2.4002
8.9345
1.275
-15.98
-5.7988
-1.0911
38.845
-5.1379
-27.933
-15.711
-3.8985
17.15
-23.03
-25.176
-5.0279
5.3201
3.0482
2.4273
19.121
-3.1944
1.3719
-1.8318
-11.565
14.16
19.164
15.343
-6.251
-6.6766
10.738
-1.7935
24.679
36.747
7.3273
1.018
-48.665
-0.98262
51.117
-2.9029
-51.083
-9.9311
2.8769
-11.666
-27.034
-19.998
0.030951
-3.224
-14.643
-12.566
-6.0432
-45.049
-12.904
15.263
24.09
30.415
13.338
21.14
28.585
10.088
-11.053
12.15
39.654
5.4003
-36.752
9.2213
28.135
18.843
10.836
6.3314
11.506
-10.041
-6.2412
-10.87
-20.23
-29.409
-25.104
1.4012
5.8197
-37.334
-42.904
-17.261
6.845
20.755
11.287
-14.224
-37.669
-38.068
6.5762
7.551
17.107
22.22
23.288
36.365
43.094
29.525
