10.117
52.767
59.484
19.85
-24.133
-39.845
-12.332
23.042
-23.109
-50.614
-5.2254
18.685
-19.57
-51.42
-40.709
-23.921
-36.704
-40.173
8.7546
40.938
49.962
59.409
25.461
31.187
1.5541
-25.562
-8.8581
9.3282
-0.70287
31.78
41.284
8.0422
18.919
31.276
7.699
-9.5246
-26.277
-21.805
2.4973
22.116
8.9593
-11.598
-48.329
-26.166
17.007
-4.3389
-24.877
-65.196
-45.707
-4.3331
13.522
-3.6212
-11.267
11.292
-18.344
-9.2358
22.641
28.817
16.85
2.3539
17.811
7.979
-8.0981
-13.856
-1.8462
16.489
20.992
16.29
22.531
10.932
26.901
31.498
10.992
-4.1659
-6.6457
12.147
3.1578
-31.618
3.9522
-1.8999
-40.11
-11.212
6.8966
-10.48
-29.844
-16.941
1.104
9.9436
-12.284
-30.773
-13.706
15.2
5.5383
9.681
-8.6668
-26.442
-15.041
10.955
2.6411
36.501
34.276
-1.6673
-30.342
-5.3023
10.355
16.332
3.5395
12.086
14.764
-0.2423
14.938
-20.903
-17.06
21.996
-10.571
-28.98
2.7757
19.536
11.078
14.875
32.84
26.289
-22.399
-5.3216
-12.023
-6.3552
14.921
-3.6307
-33.244
9.8789
11.135
-11.035
-6.8922
-11.711
-23.286
-22.276
-2.6412
-1.1587
0.36576
8.6118
-18.828
0.16371
34.018
47.068
1.9985
-41.61
-30.693
-47.635
-31.891
1.7499
20.491
12.131
22.801
12.244
13.717
36.505
32.829
18.692
9.0779
7.0155
4.3387
-28.843
-32.456
2.8892
31.49
53.693
25.416
-5.3359
-22.311
-11.464
-40.489
-1.3066
-7.9626
-17.16
-23.612
-24.436
-20.555
1.5152
-11.486
-33.984
-3.208
28.414
19.934
-2.4204
-23.063
28.537
29.429
7.3221
5.1476
-4.6253
13.216
-3.0331
-16.396
3.856
29.553
1.2051
5.202
10.06
6.911
NaN
NaN
NaN
NaN
8.0604
1.2488
18.844
-13.536
-24.362
16.854
33.256
-10.013
0.13475
-16.68
-6.7255
6.7026
27.198
2.8361
-12.251
-9.2623
4.8579
-4.4103
-38.115
7.6216
19.231
-3.2573
26.326
33.422
-17.338
NaN
NaN
NaN
NaN
-27.723
-8.9754
23.09
-2.0795
-55.737
-40.096
14.924
58.953
54.951
-15.914
-42.825
-2.3799
23.837
16.878
-7.4828
0.062267
-39.862
-14.156
-27.55
-23.737
19.463
25.507
-1.6775
-3.638
9.748
24.89
30.9
28.606
39.34
24.007
53.752
42.57
-38.188
-42.739
-25.412
-26.618
-51.71
-15.947
14.489
-25.423
-40.211
-9.1856
19.699
15.587
-23.138
16.894
29.086
-15.344
-33.799
10.227
22.372
15.802
10.562
-5.2223
-22.368
-24.079
-6.239
14.877
-13.061
-20.916
-3.6068
4.8653
2.592
36.267
35.357
1.425
-1.2508
-3.9305
7.6495
-11.147
12.836
7.049
-0.27885
22.861
26.278
36.346
44.41
12.784
-16.342
-26.658
-6.9652
-20.974
-9.7935
5.9378
-16.266
-38.012
-42.612
-28.389
-21.647
2.4711
16.05
7.5226
-11.796
-37.176
-30.651
8.2263
-23.189
-24.474
18.988
41.742
5.3847
-31.577
-21.744
17.073
-9.3606
12.591
57.024
82.648
105.49
43.071
-20.84
14.797
7.8305
-52.635
-7.3588
40.856
NaN
NaN
NaN
NaN
-6.8421
-13.208
-35.245
-37.215
-39.208
-39.255
-32.594
-17.259
-25.815
-36.853
-27.925
-1.963
8.088
-21.768
-4.3766
16.413
44.358
31.857
11.406
28.183
44.567
13.661
-27.505
-1.554
20.738
21.003
40.465
45.754
10.925
31.332
32.695
-4.3828
-18.999
-24.839
-53.05
-67.475
-14.427
-3.9612
-43.888
-43.973
-19.026
13.33
7.6026
2.049
3.1936
2.0564
10.568
26.752
29.055
35.636
42.682
8.5927
-34.379
-50.44
