-29.711
33.315
1.0432
3.6507
20.735
-25.89
-12.271
-3.8221
-7.6172
37.447
36.196
-36.554
-37.186
-25.356
0.38893
26.97
15.165
-10.981
-32.234
-7.0755
42.13
23.24
8.8573
14.835
30.429
2.3063
-55.501
-25.606
19.467
-26.887
-29.071
-27.308
-4.9042
5.8407
22.768
15.71
4.0448
-0.48924
-23.506
5.4385
26.195
28.785
24.915
-8.4665
-80.654
-0.25158
24.489
-11.971
3.7421
13.009
-20.242
-22.877
34.473
49.34
-17.892
-36.025
26.026
21.437
26.244
63.674
33.853
-7.4198
-41.943
-46.295
1.4652
-6.4494
-28.876
-35.899
-41.463
-7.3683
-0.99149
11.134
47.709
46.987
-11.919
-5.0826
-5.6395
-32.285
-11.73
-9.1251
-37.067
8.1824
14.723
-18.618
22.029
22.269
16.413
18.841
33.981
-13.141
-19.056
-38.344
-22.528
54.759
46.454
10.051
-6.9163
6.7771
-6.573
-48.121
-26.139
5.5707
38.004
7.8565
-3.9894
27.954
17.606
24.048
1.1662
-32.103
-12.959
-15.541
-24.411
-4.1157
14.296
-35.069
-79.958
-43.491
3.1221
20.891
30.121
9.4742
35.77
13.409
-3.9146
38.242
22.281
-9.31
-4.0941
-14.956
4.9445
3.4196
-20.644
-24.347
7.1915
22.094
-0.20613
13.263
21.716
-15.906
-15.681
30.603
46.054
37.39
-12.52
-29.736
-6.3032
10.867
-52.968
-36.879
-0.94289
12.555
8.7627
-6.6941
1.689
0.15351
30.758
16.336
-30.62
-41.013
-51.018
-31.293
10.247
16.812
0.75696
-3.9304
24.745
21.876
-7.6208
-35.178
-13.719
9.7766
33.87
61.714
39.349
32.091
15.623
4.4112
1.5199
2.9492
23.295
-19.05
-70.767
-37.414
11.793
10.308
-8.7665
-14.855
-7.5438
-2.3525
-13.979
-44.262
-24.298
-0.13979
10.292
41.879
43.209
42.561
19.098
5.4423
-9.1688
30.489
-2.487
-75.299
-63.532
-31.359
8.4844
5.3105
-44.296
-47.775
7.7744
21.918
57.802
4.9276
1.4268
32.288
54.966
82.811
50.574
1.7195
-18.535
-17.656
-22.731
-45.634
-20.95
-10.284
-3.2096
0.11866
9.4153
-8.4565
-28.53
-23.776
-34.173
-18.552
-13.847
0.97969
29.688
27.953
25.408
34.687
12.685
28.175
17.549
-2.0986
-40.921
-20.8
6.6784
-18.969
-56.274
-47.129
0.99959
14.353
10.276
31.328
60.402
