39.844
27.355
41.759
10.985
66.539
45.696
21.957
7.0761
22.706
22.293
-7.9456
-7.3768
-41.199
-10.63
-3.3234
12.912
-7.9473
-21.412
-19.302
-14.409
-23.294
-15.089
8.1315
-20.802
5.4807
4.5837
2.2545
-6.7532
-14.102
-6.1061
21.759
30.109
2.0778
4.1634
10.843
3.6454
-44.389
-11.342
-23.489
-14.85
15.015
3.0569
3.2199
-11.666
-13.128
14.5
31.16
15.838
-31.039
25.978
1.4472
7.9571
3.6216
-25.518
35.681
-8.2244
12.496
7.3431
16.584
-8.9366
7.6991
7.1133
-1.9754
-13.35
-23.055
21.064
12.806
19.849
-40.397
30.654
29.458
-65.065
-39.643
9.7483
17.491
-12.446
1.0619
13.319
-19.092
0.7832
-4.4269
-4.8915
7.0052
-5.6046
-17.02
-0.56583
7.2095
-37.351
-32.548
-22.459
14.679
62.301
24.784
-16.66
5.4222
33.647
22.076
19.097
-3.6147
-2.7493
-6.4742
-11.608
5.6478
15.542
27.683
-10.204
6.9872
-10.872
-23.002
18.488
18.601
9.8426
-31.134
-44.837
-7.6753
-5.7793
-9.2757
-0.90182
-7.9772
-15.155
-11.119
29.759
14.614
-36.327
-15.562
42.079
24.601
10.205
-33.902
-11.973
3.3774
19.052
-17.97
-6.4152
16.053
18.624
-4.4319
2.9834
24.722
10.912
-23.336
-21.827
11.051
40.831
-30.579
-31.007
-10.261
4.782
18.794
23.738
8.9243
-3.6585
-17.845
39.89
20.224
-4.6086
4.6738
-10.522
-9.6714
-21.506
-50.454
4.0591
-11.495
-12.826
3.8599
27.1
4.7809
1.9849
-27.103
13.237
13.997
17.829
-27.366
8.4916
37.029
8.3877
-43.884
-1.701
-13.748
1.4694
-10.902
32.553
26.31
-5.6956
-20.539
-31.379
22.748
9.2464
-9.3937
4.1147
55.208
40.68
-29.727
-90.134
-10.579
-11.03
37.271
23.514
20.49
-6.3928
-17.165
-5.2163
23.51
-25.746
-42.201
-4.9954
24.415
-19.459
4.7453
56.774
31.138
-16.101
15.116
-1.2578
0.54639
-11.481
-8.5381
-2.2205
3.2551
-30.099
8.3488
14.238
-9.4022
-24.827
-1.8275
14.411
-21.63
-26.869
25.15
23.467
3.979
-24.818
-24.09
-30.68
2.9287
26.479
50.493
-43.554
0.19938
13.065
2.4215
21.304
-12.779
7.1484
25.329
41.025
9.5065
-21.407
-4.221
-12.227
0.29854
-31.912
13.97
12.202
18.911
24.755
-28.121
7.0292
-23.011
7.8939
-5.4001
7.0784
23.09
3.4569
18.81
-37.07
-56.047
-7.5587
7.1187
-40.419
-49.056
-36.329
38.727
13.039
-1.7946
-6.0361
28.213
64.172
-46.211
-19.826
13.846
65.793
-10.913
-32.434
10.719
18.138
19.327
27.182
37.256
10.886
-24.976
1.1918
16.367
7.5052
-3.9334
-6.8964
45.528
-24.923
-45.414
-46.263
34.91
-4.8474
-37.843
-16.652
13.439
8.5422
-35.864
-18.515
-17.794
-8.4212
21.359
18.068
-26.369
4.9557
-1.7994
40.737
-23.55
-0.91355
-3.145
3.3889
-8.3452
-14.65
8.696
34.543
-13.894
10.23
0.80822
22.656
20.697
5.8442
43.208
-4.4141
-32.664
-19.662
72.673
30.883
-27.642
-12.928
-32.338
26.188
18.43
-33.402
16.005
-6.3411
-24.777
7.9248
-31.858
-13.09
18.495
-23.616
-44.725
7.3866
8.0325
-24.37
-10.803
3.9178
-10.952
-44.927
37.038
3.8199
-4.5639
17.711
17.029
23.41
-31.954
31.17
72.696
31.769
-7.2165
-10.321
-18.074
-17.725
-19.486
-57.718
10.273
0.4855
15.67
-28.238
56.917
32.392
13.618
-30.352
31.478
20.117
-1.0282
23.831
30.879
4.8176
110.37
45.136
13.164
-27.588
-82.28
-154.08
-136.23
-113.82
-72.552
-13.504
-2.507
-3.5921
32.62
46.283
71.688
