-29.482
16.884
-33.739
-27.315
-8.6168
-19.987
-4.6655
0.5496
-24.096
26.698
-0.72194
8.2245
18.058
-1.4421
7.3844
8.7602
18.095
-14.62
-38.693
22.937
13.143
11.474
19.364
32.946
0.84749
-0.98488
-17.922
-19.194
1.1767
-11.344
17.052
-7.8169
-15.6
15.025
-21.067
-28.017
-1.0811
41.289
0.60023
34.399
8.2156
-17.4
3.7495
22.533
-66.986
-2.2573
-10.112
-37.934
-14.544
7.2405
9.6075
12.06
24.995
-21.042
-59.363
-6.1089
13.874
20.176
44.362
60.642
46.501
17.477
-23.161
-18.941
-13.126
-6.8854
6.6945
-8.8061
-21.231
22.122
0.15035
2.4539
5.0768
5.3032
-12.157
-22.545
-21.852
-13.99
-14.976
6.0626
1.6406
27.791
2.8444
-15.001
-12.638
-4.7687
-9.2301
-3.0883
7.7018
-18.479
0.0098899
4.4273
29.414
16.199
-5.6756
15.541
5.5719
-14.052
-19.665
-5.9705
0.36807
-2.2205
27.788
33.633
1.6675
-16.572
-2.753
21.216
24.815
24.199
45.762
-4.7176
-2.1437
-35.417
-48.425
-56.775
-34.47
22.872
27.402
1.2198
-26.338
-40.572
8.3172
28.706
13.057
-24.282
-30.857
-3.7521
-30.657
-9.8753
24.431
36.273
25.605
16.686
2.2658
-18.69
20.048
17.919
10.373
9.1715
4.4808
27.911
36.18
34.837
4.2898
-4.233
-15.877
-3.5329
-5.1531
-26.397
-21.182
-42.38
-64.647
-69.037
-11.823
17.703
39.09
23.359
-1.8602
-0.2867
-0.3172
-6.0634
14.859
20.03
27.563
2.0928
-5.1112
-5.5405
-19.791
-16.583
-5.5913
2.3821
11.926
12.439
-2.607
33.148
29.441
21.237
24.172
26.547
-8.4507
4.8579
-15.701
-35.2
-37.683
-4.1837
8.9306
8.5111
-11.037
-47.032
-47.919
-6.037
-10.236
-20.743
2.9984
19.188
59.846
45.292
-21.533
-12.81
11.506
26.189
4.9823
-5.1165
-0.76831
-0.51473
-2.213
-1.1037
-1.6276
-16.341
-18.651
-22.952
-10.882
-9.0833
30.092
33.53
20.055
20.472
36.725
30.342
-4.5016
-36.888
-38.44
-14.293
13.913
6.2121
5.5185
4.0339
-37.938
-85.363
-31.77
3.6239
9.5021
11.925
12.089
12.553
24.965
-2.6736
2.5962
15.819
-1.8224
35.088
31.688
33.819
15.464
1.4723
-17.548
-24.675
-56.31
-32.28
24.37
49.327
9.7105
14.881
-7.6697
