-30.576
18.805
7.1908
36.512
6.4536
4.4596
0.095648
-9.0116
-15.662
-23.556
-5.3976
-3.6393
15.448
-17.926
25.502
9.2268
-27.25
-14.398
-13.483
-10.666
-14.744
-16.464
-14.663
10.366
31.048
28.256
34.323
19.305
-19.692
-19.306
32.694
14.896
-2.4842
-59.493
-14.973
-31.753
-23.575
37.826
-3.6202
2.8947
11.916
20.828
2.9366
14.211
24.187
6.3743
-22.188
-45.535
-13.61
23.674
36.551
2.4512
-29.943
-9.7216
-4.1025
17.425
19.263
7.8338
-6.2267
20.675
-11.619
-32.871
-6.1805
-18.708
30.585
32.841
5.2026
-19.553
-5.688
43.722
-27.455
1.2069
-41.809
-9.8963
6.4365
-6.1132
-26.711
-34.097
-20.275
1.557
8.4549
7.3237
35.752
33.863
26.779
-4.9474
-22.543
30.247
34.069
9.7075
-6.5333
3.8875
-1.2953
-5.4035
-13.599
-5.4902
7.2861
15.068
-8.395
-5.1398
-6.536
3.4943
-33.766
-3.9853
1.2521
-9.5704
8.0606
-9.0026
-18.841
-5.6165
-8.2704
-35.271
-1.3194
6.4664
13.159
-3.8159
-15.089
12.043
-5.4094
25.641
26.08
13.332
-2.9466
12.378
64.201
7.2495
-14.383
-1.256
0.21691
22.983
1.8297
-7.0276
17.539
-1.6595
-5.1408
-13.461
-3.1564
-53.16
-67.399
-11.199
-2.6521
-4.5735
-20.63
-14.237
13.69
1.3337
-0.89131
12.804
27.672
46.227
25.232
22.84
-4.534
-37.452
-6.0326
-0.15265
-2.2322
-2.2223
-19.091
11.879
29.693
31.933
29.505
-26.789
-15.712
7.9575
14.98
8.3473
-21.642
-7.9081
-37.243
-0.39477
8.7964
5.6024
-26.644
-39.522
-14.079
0.074511
13.975
2.5905
-8.5031
-11.247
5.2721
19.473
32.54
26.046
17.947
9.8429
-14.367
3.8909
-2.9113
2.202
15.626
0.97741
-3.2474
19.533
-0.027807
-24.244
-36.605
8.9783
13.822
-18.207
-25.336
-6.2067
1.9589
-21.79
-22.637
9.1155
23.707
-18.628
-32.116
-8.492
26.374
51.488
24.787
18.453
1.3964
11.009
22.682
6.9561
2.0373
-7.8772
-16.701
-8.0556
-20.293
6.6299
-31.934
-20.047
-12.124
-2.0118
1.3829
8.2208
25.24
19.123
17.182
-6.9821
-27.375
-2.9525
9.0124
-3.0195
32.22
17.852
-4.8246
-31.084
-11.907
-4.4807
-27.849
-12.044
-5.2066
10.434
8.1293
10.169
-6.2671
7.4684
-4.9425
-2.9529
-10.19
9.014
29.49
-3.6163
-6.9578
-21.584
5.0068
18.44
2.758
6.3497
23.713
37.362
17.288
18.514
51.395
-10.82
-37.845
-29.821
-43.721
-40.02
-10.369
4.1813
21.233
-8.4382
-26.783
-21.093
-26.919
-26.404
-7.9932
7.3941
4.4041
5.4167
0.96339
27.391
27.175
22.837
11.734
24.474
36.066
24.946
1.9359
-13.407
18.696
-14.209
-21.865
7.1987
-6.0736
-12.191
-13.115
11.025
-4.8499
-21.455
0.54747
-5.4899
-25.297
-17.862
18.459
31.7
-15.83
-18.153
-14.1
-11.819
1.5443
22.975
14.356
-9.2709
-31.233
-8.2759
34.484
18.826
-9.9743
28.558
27.705
1.7826
-38.202
-16.501
10.312
1.0267
11.18
-33.57
11.198
-0.71186
20.772
1.9636
22.591
-26.768
-36.604
7.018
4.2034
-8.011
20.796
29.195
6.5781
15.433
14.111
9.6377
34.746
-13.045
-45.82
-18.68
-15.338
-21.335
-19.034
-10.936
-7.6324
8.3939
-8.5491
-0.89695
11.764
-10.907
-27.72
-27.737
14.856
11.577
26.933
29.138
31.494
-1.4448
-3.9655
1.2291
19.581
16.857
-7.9563
2.4456
16.85
26.743
19.287
14.231
10.329
16.043
-23.946
-22.8
-81.924
-15.967
-16.32
-76.334
-30.555
6.2604
-14.293
-4.3854
17.186
20.148
25.257
47.654
31.464
39.483
-20.829
