-58.214
13.559
1.2503
-6.5691
-1.4263
4.0305
-0.48592
11.348
30.533
25.948
31.046
33.136
53.928
34.657
-1.8366
-13.852
0.59591
2.926
-24.337
-5.0634
-2.5346
-19.304
-18.29
-2.7921
-15.416
28.243
21.986
7.2427
-27.55
-40.345
-27.718
5.538
-9.1752
-33.33
-33.685
-11.425
4.9395
2.7246
7.302
42.009
53.184
36.943
12.255
24.047
14.136
15.112
0.25476
-1.9737
-24.034
-28.698
-19.989
-14.554
-3.9095
-14.201
-17.668
1.3507
1.6846
28.888
-15.47
-18.1
-20.33
-5.6757
14.503
-5.2048
-0.018673
-17.042
11.925
15.71
39.263
45.023
10.245
30.897
7.1904
-31.698
-40.181
-36.622
12.051
-6.3671
9.7535
-28.52
-41.284
-14.044
13.993
26.699
19.078
5.5818
12.164
13.399
23.191
39.524
-2.1596
-17.395
-17.238
3.6368
-8.1231
-6.6887
-7.1216
-8.5781
-1.4595
16.144
8.1544
-18.814
-9.269
-16.633
2.1033
12.936
11.721
-26.081
-39.818
-8.7948
2.9394
-0.19667
16.138
-2.6909
-26.435
1.5537
7.4056
21.313
17.241
19.511
19.832
13.59
14.279
-29.929
-11.837
-0.64827
11.217
19.593
-13.223
-49.192
23.32
18.596
4.8353
19.122
22.79
12.173
-10.535
-1.0589
3.0622
14.917
7.6853
-14.152
-15.409
-8.3476
-17.431
4.0746
-4.3273
-30.633
-53.502
-54.953
-17.933
-7.8499
13.778
30.172
17.02
3.3926
18.496
24.154
2.0212
-26.01
-18.577
15.33
25.536
16.825
15.724
9.3838
12.143
28.506
-3.4694
-23.838
3.5564
22.114
31.877
19.662
-18.285
-39.444
1.6173
12.89
16.316
16.356
-23.204
-8.6866
-33.919
-22.584
-31.768
-3.6728
14.163
12.342
-3.3114
-13.738
10.949
-39.269
-5.2155
-6.5767
-5.5338
-10.349
-13.984
5.5545
-15.657
18.597
0.99259
40.465
32.189
24.077
41.199
2.0475
-21.551
-6.697
24.959
22.422
-1.2473
-3.9609
-15.503
-4.6297
-1.9166
-26.918
-30.302
-18.74
-26.621
-15.252
-7.041
12.356
22.355
25.752
9.6492
22.103
1.3813
18.112
36.363
7.7132
0.83637
-21.42
-9.7471
-22.936
-0.22648
18.006
3.4347
-14.312
13.517
-29.265
-27.877
-43.524
-52.154
-16.555
-7.5415
2.5815
11.609
33.453
31.263
41.311
33.343
33.527
17.805
-24.658
-27.8
-35.757
-24.147
1.136
-15.284
16.002
25.618
14.439
-4.0397
3.1079
17.016
14.91
19.391
5.9286
-12.747
7.9526
4.4697
25.878
7.7855
21.856
-2.647
-54.834
-65.438
-53.785
-24.785
-2.4977
28.078
18.407
9.884
11.566
0.72422
6.2976
0.28783
1.1621
8.0704
16.912
8.9552
-17.82
-40.619
-12.838
-7.3475
-12.215
-17.12
20.089
14.061
18.343
-3.7915
8.9206
25.621
22.675
31.45
6.5997
16.06
-18.264
-27.16
1.7344
9.1788
13.051
41.743
7.7296
0.15145
-15.525
-14.331
-42.607
-84.641
-44.14
-23.476
-10.61
18.715
48.42
38.121
12.668
-0.94862
5.9497
8.9014
21.572
13.997
-13.975
25.017
14.553
6.0702
-8.318
7.8739
12.125
12.186
-29.146
-51.715
-44.927
-7.5783
-21.367
-7.4502
-18.735
-12.191
-20.033
-2.2135
18.989
4.5715
7.2965
25.074
27.051
40.935
37.881
17.942
-7.7412
17.719
16.391
5.0433
-2.5282
28.958
20.965
-23.996
-0.67264
22.919
-43.964
-51.157
-32.816
-14.034
5.4921
4.619
8.8954
-3.17
-13.546
-17.751
-43.008
