-50.976
17.186
-6.3029
-16.495
-13.857
0.012216
8.316
10.044
32.038
10.35
13.832
17.923
46.53
20.654
7.022
14.411
9.5786
13.264
-4.3216
12.844
0.43834
-21.918
-26.139
-15.051
-39.717
-4.5657
-5.0619
-2.9076
0.21165
-11.507
-18.616
-7.0842
-25.887
-4.1715
8.1514
2.309
12.437
7.2397
-2.8178
-4.4385
5.584
24.548
-2.1752
4.9195
-1.9503
3.3582
-5.5693
9.7499
-8.3207
-22.098
10.006
15.825
21.725
14.357
11.823
33.039
8.4093
12.779
-34.873
-14.014
0.23244
9.2972
12.306
-5.3468
17.597
-10.822
10.381
0.47035
2.1978
-16.583
-42.227
-15.454
-13.485
-35.466
-10.586
-19.222
-3.403
-45.717
-3.867
4.7598
-14.001
7.6663
19.727
15.558
28.594
50.037
53.162
-2.3109
-2.4787
30.351
22.979
22.11
-14.396
-22.572
-13.203
9.3071
15.02
-13.803
-30.697
4.5142
-0.31788
-14.212
-2.4136
-9.7632
-8.9148
4.9011
4.7775
-22.226
-22.392
2.6646
16.828
17.032
18.324
-28.461
-29.94
-9.4359
-11.953
-8.6681
2.0479
22.897
13.192
3.9438
-2.075
-2.1633
13.715
14.718
-0.73291
-2.64
-17.191
-26.972
40.156
24.366
19.792
-0.76189
-7.7005
-17.43
-23.277
-6.9866
10.285
11.664
10.531
22.053
47.383
42.513
-5.0107
0.61198
-3.3164
-34.636
-40.239
-50.955
-27.331
-19.328
-8.5814
-3.1776
-13.259
-12.604
-5.6077
7.1448
6.2667
0.10241
-2.315
13.29
10.11
11.409
20.158
19.58
27.566
40.228
-0.96821
-21.33
-4.473
28.282
51.461
25.707
0.32076
-51.936
-14.058
-9.4758
-11.174
-18.674
-49.296
-5.0175
0.48152
16.042
-2.4635
-17.702
-36.483
-19.276
-0.35967
18.344
59.428
6.9221
0.78807
-0.52294
-6.267
-10.418
-23.884
5.1229
-22.195
7.0499
-3.4298
31.358
26.561
6.6874
14.705
10.287
12.885
-13.993
0.94342
25.262
14.806
-10.67
-14.681
-20.563
-4.6325
-13.022
-4.3853
-19.59
-21.642
-13.967
-5.4906
16.484
11.581
0.5472
10.617
9.9165
-6.6742
-0.21029
25.258
7.2694
-4.8733
-1.4151
-3.3691
-6.567
16.543
29.087
4.862
-11.386
-11.95
-6.4837
-8.0167
-54.304
-60.64
-6.5719
-10.289
9.4916
12.428
36.062
23.617
22.732
9.5773
28.724
20.868
-11.003
-4.2858
-15.611
-14.05
8.2188
-8.0222
3.6148
25.926
15.897
8.8521
0.30642
8.2294
4.7399
-2.5293
-9.3624
-14.631
-5.0081
-20.352
-1.0691
-18.572
-20.474
-26.304
-9.4318
-5.0672
-14.914
-12.444
-13.46
17.952
15.993
8.3391
11.071
3.6351
32.283
13.649
5.2361
9.231
29.622
2.2725
-22.787
-46.567
-16.277
-1.348
13.537
1.7044
23.569
13.494
31.307
7.2839
0.71849
5.0568
3.2775
7.0798
-12.117
8.4057
-3.9583
-3.2838
-3.5809
-6.3358
-6.5042
2.6538
-21.658
-12.455
-11.147
-9.8587
-23.455
-59.476
-24.419
0.90565
2.2139
18.063
28.852
11.525
-2.7786
3.1746
14.019
12.524
21.607
-5.244
-27.651
41.68
21.602
1.9862
-3.4587
17.541
20.499
27.158
17.036
-6.9681
-3.9452
14.821
2.2384
-33.131
-58.944
-16.011
-4.498
-2.7679
1.1837
-24.468
-9.6169
-12.166
-5.5905
0.57797
-7.9036
-6.7621
3.6098
11.583
10.426
0.99833
10.6
45.861
34.986
1.6354
-27.285
11.235
-18.324
-5.0004
30.947
18.707
12.662
-5.6867
14.657
-10.524
-39.157
-27.438
-35.415
