-39.514
1.4978
-9.088
-13.62
27.701
11.333
4.1475
-9.6005
-0.33789
39.777
-8.6116
-28.3
14.055
12.249
27.097
11.282
18.7
27.289
-1.4411
-42.393
-23.403
0.98189
7.0421
6.8107
-19.234
21.237
20.775
-6.8304
-20.407
-35.004
-23.247
-5.231
-6.6244
-8.9342
1.6485
20.352
25.647
37.732
-2.2063
-32.018
-11.674
-6.4009
22.014
23.77
-13.986
-22.579
-7.3604
32.802
17.3
-19.468
-7.7697
8.0602
15.438
-6.5559
-0.51494
19.768
-3.6592
-24.711
-5.7369
-6.2777
-8.8609
-6.9791
14.582
23.515
10.121
-11.785
-14.889
-3.3423
7.3592
24.518
13.989
-24.765
-4.0584
15.443
12.795
6.0627
3.7072
-35.246
-24.742
-20.812
-12.553
-19.806
-4.8962
3.364
2.9433
13.07
5.7555
0.98148
-4.0313
0.36333
8.4417
-1.0295
4.0558
11.591
0.041364
40.572
29.887
39.065
-12.994
-23.027
0.99928
12.917
6.7034
18.558
14.114
-21.152
-24.576
-37.842
-18.976
-16.555
-6.7377
-2.8425
-29.782
-19.257
16.107
12.561
19.493
-12.502
-2.4015
24.06
2.8498
-5.3948
-11.355
-0.98371
3.2775
17.98
2.2739
-0.41764
9.9713
4.7504
-20.144
-5.9719
14.728
1.7907
12.471
18.72
-1.1373
-12.885
-7.5321
10.575
15.111
-1.2636
-17.692
0.36507
-14.846
-9.6077
6.8633
19.582
11.885
-12.437
-4.5485
-17.215
1.3311
12.572
-2.7889
4.572
1.6171
-7.65
-1.4432
12.191
11.293
16.351
-6.3098
-6.2557
-48.366
-26.764
-10.137
19.54
26.361
0.010278
-22.689
-0.37204
-16.914
-4.2754
-0.40284
15.081
5.9116
8.8452
18.445
5.2592
-1.0613
0.57852
-5.7528
25.509
22.066
9.9635
-24.666
-8.2677
3.6823
-3.5797
24.383
1.4019
11.577
-5.2352
-17.271
-1.0501
-1.686
-21.264
16.192
NaN
NaN
NaN
NaN
-1.2057
16.049
16.462
-3.8294
-7.0639
-39.994
-9.9398
-3.3393
13.206
-5.6835
10.861
-17.019
0.19029
9.676
14.407
10.925
-11.123
7.5557
16.087
36.473
3.9243
7.8508
-12.909
-0.38251
28.86
NaN
NaN
NaN
NaN
-10.401
-10.913
2.2461
15.397
17.75
20.2
15.331
-11.061
-39.124
-18.038
-9.004
-20.797
-34.606
15.473
26.386
15.302
10.234
27.185
30.937
32.615
-8.1739
-33.816
-22.394
2.3834
-15.684
-1.1654
-1.2008
-25.151
-34.98
-42.247
-30.943
1.3977
25.912
21.749
20.037
34.749
38.581
16.106
2.9377
-2.6921
9.8877
1.1277
1.5708
27.744
24.097
9.2622
-33.533
0.87413
-33.769
-24.602
-28.987
-8.0138
18.479
25.46
0.42324
-4.2598
-9.722
2.6434
0.88682
7.4343
-8.9415
-15.862
-15.887
-13.317
-9.9608
5.7573
5.9274
-0.71285
-6.0588
-9.1602
17.483
16.943
16.453
19.014
7.9945
-4.3448
-14.19
-3.8299
0.056108
-18.818
-5.4476
-11.124
-1.6066
-8.393
22.544
15.496
-2.6801
12.695
15.076
14.124
6.6235
7.4867
-6.2677
-7.6933
6.1181
5.1884
4.7155
-9.9283
-19.968
-4.0779
21.608
28.634
3.4262
-8.1003
-23.08
-26.137
-38.516
-20.33
-1.3669
4.0536
-15.132
-17.716
-6.4127
-10.701
-6.4014
14.36
NaN
NaN
NaN
NaN
3.7129
-0.22914
23.696
22.789
28.89
15.753
19.368
22.959
34.27
9.7635
-2.2873
-1.3661
0.29196
-6.8251
-15.277
-45.447
-32.384
-14.528
4.7506
-12.01
-21.339
1.4405
11.192
-7.6802
-17.451
-14.083
-8.2828
-4.6602
7.9029
2.1382
-44.499
-7.83
24.475
31.182
43.283
4.4039
1.1056
8.9807
11.177
29.353
13.947
1.7547
11.394
1.7075
-7.3599
-8.3046
-13.8
-3.0688
3.3205
-15.427
-4.1998
0.19913
-19.226
-15.874
