NaN
NaN
NaN
NaN
NaN
NaN
NaN
NaN
-6.8606
-11.328
-24.889
1.1447
-7.803
-18.242
-15.582
34.114
45.558
36.249
-6.1093
-2.4195
0.44555
-24.015
-33.608
-25.217
-19.79
5.2229
5.6567
NaN
NaN
NaN
NaN
NaN
NaN
NaN
NaN
NaN
NaN
NaN
NaN
NaN
NaN
NaN
-73.493
-50.137
-12.972
1.0219
-21.132
1.6563
21.077
33.694
45.833
21.603
-2.6226
-3.4245
-12.171
-19.963
18.149
34.319
21.978
-10.314
-0.48595
-11.305
-37.245
-84.926
-70.452
NaN
NaN
NaN
NaN
NaN
NaN
NaN
NaN
NaN
NaN
NaN
NaN
NaN
NaN
NaN
-47.486
-43.352
-17.559
-14.311
11.438
-9.4189
-44.212
-47.632
-18.91
-15.165
-2.7434
-0.96753
-0.52311
28.095
21.38
17.152
-15.99
4.5714
-30.484
-27.897
-28.647
5.9372
8.0592
-25.292
-31.377
-28.39
NaN
NaN
NaN
NaN
NaN
NaN
NaN
NaN
NaN
NaN
NaN
NaN
NaN
NaN
NaN
NaN
NaN
-42.602
-56.034
-26.353
3.4588
2.6149
-31.534
-46.863
-22.399
-54.116
0.80819
15.246
-0.022581
-18.19
-41.59
-47.045
-43.418
13.943
42.658
17.22
-34.434
4.5598
40.186
50.184
7.5135
-45.952
5.0805
10.104
NaN
NaN
NaN
NaN
NaN
NaN
NaN
NaN
NaN
NaN
NaN
NaN
NaN
NaN
NaN
NaN
NaN
NaN
NaN
-24.766
-30.903
-1.4189
-33.884
-45.751
-45.076
-59.706
-55.175
-41.948
-37.079
-0.64915
52.725
-16.357
-18.949
16.534
16.656
44.44
NaN
NaN
NaN
NaN
NaN
NaN
NaN
NaN
NaN
NaN
NaN
NaN
NaN
NaN
NaN
NaN
NaN
-42.709
-59.481
-23.634
6.0716
-24.572
0.021159
-20.391
-12.257
-14.473
17.11
34.941
37.011
-24.48
-41.666
-0.11949
20.415
32.376
16.378
7.1641
-11.457
-45.888
-37.04
-2.324
0.024785
NaN
NaN
NaN
NaN
NaN
NaN
NaN
NaN
NaN
NaN
NaN
NaN
NaN
NaN
NaN
NaN
