NaN
NaN
NaN
NaN
NaN
NaN
NaN
NaN
-20.759
-36.789
-11.771
31.061
41.74
29.71
38.381
39.492
21.16
5.4554
-36.349
-23.759
5.6493
16.539
4.213
24.369
45.069
34.044
-1.8336
NaN
NaN
NaN
NaN
NaN
NaN
NaN
NaN
NaN
NaN
NaN
NaN
NaN
NaN
NaN
12.876
-1.7068
-17.549
-19.098
-27.332
-5.592
1.986
-10.398
-0.91057
10.873
28.041
12.689
7.0544
-0.41901
-0.61218
5.317
-5.4492
-37.253
16.351
21.093
21.993
50.372
79.222
NaN
NaN
NaN
NaN
NaN
NaN
NaN
NaN
NaN
NaN
NaN
NaN
NaN
NaN
NaN
7.1737
-16.441
-32.461
-31.017
-13.398
12.387
14.974
6.9863
1.8485
8.6295
44.295
40.413
44.398
53.608
27.079
22.497
5.8409
0.22932
10.652
27.511
55.238
40.046
0.50616
-58.435
-105.16
-63.59
NaN
NaN
NaN
NaN
NaN
NaN
NaN
NaN
NaN
NaN
NaN
NaN
NaN
NaN
NaN
NaN
NaN
28.834
5.3402
16.87
19.377
25.178
2.4719
16.607
39.269
37.227
23.871
12.021
-13.575
34.698
31.654
18.703
-5.4906
17.486
-11.47
-51.632
-17.202
-21.917
-35.384
-25.392
-69.192
-50.987
1.7263
-26.968
NaN
NaN
NaN
NaN
NaN
NaN
NaN
NaN
NaN
NaN
NaN
NaN
NaN
NaN
NaN
NaN
NaN
NaN
NaN
42.565
62.319
58.614
14.42
29.469
72.283
70.862
25.88
-6.4173
-2.5145
11.031
7.1777
10.486
19.294
4.5949
-40.828
-54.896
NaN
NaN
NaN
NaN
NaN
NaN
NaN
NaN
NaN
NaN
NaN
NaN
NaN
NaN
NaN
NaN
NaN
7.5892
26.527
16.489
-5.2427
-46.657
-15.089
-7.4259
4.1652
4.4832
23.965
22.842
-8.4271
-32.283
15.707
59.791
32.579
-35.562
-40.305
9.098
-23.692
-2.228
59.967
57.842
6.7234
NaN
NaN
NaN
NaN
NaN
NaN
NaN
NaN
NaN
NaN
NaN
NaN
NaN
NaN
NaN
NaN
