-62.244
57.563
20.942
-35.444
-24.071
-17.677
-20.717
15.188
31.537
55.561
-5.1692
-5.7118
12.901
9.0333
-25.527
-22.592
17.391
18.067
24.779
5.9962
15.179
-0.028395
6.8781
-12.598
-21.346
-28.321
8.4248
-27.837
-6.5068
1.0258
-33.077
-10.722
-28.686
-5.6
-22.768
-15.251
13.198
5.5793
25.752
8.4279
-4.2202
3.9629
68.138
27.484
47.441
-22.581
36.565
15.368
19.222
-11.531
-62.51
10.424
-9.1233
-39.689
-48.514
-9.4359
-28.288
-30.123
4.9148
42.729
20.494
23.823
-48.205
-12.8
24.349
14.59
35.02
16.99
57.124
10.376
-5.3063
59.097
39.193
-28.05
-32.477
-45.854
-2.3884
-75.975
-53.197
-52.755
30.624
11.928
-52.665
-39.102
49.011
33.061
11.757
7.6978
27.018
-10.333
29.238
-4.1105
24.667
5.6914
-24.716
-24.954
-10.451
-6.8258
19.42
45.395
34.909
43.532
19.549
0.60241
17.41
25.132
-40.751
1.5671
-71.13
-31.929
-12.551
-30.558
42.346
14.489
-16.89
5.5507
-25.706
15.695
-5.6544
-23.566
3.1122
16.573
-40.152
-17.222
-33.379
-42.293
-15.013
-13.515
9.6314
37.629
25.391
37.327
-9.0808
18.223
30.869
53.146
45.886
18.78
57.982
26.678
-0.19954
-3.3301
2.9603
-48.547
-20.721
-18.19
-54.416
-43.026
-6.733
-21.033
-38.212
-47.255
14.765
-25.74
62.108
31.906
-4.9738
-16.731
38.602
45.869
-11.058
-63.044
4.6945
-2.0692
64.584
4.493
-71.649
2.6687
-24.901
-32.398
23.685
-7.9807
-8.1532
28.894
77.778
54.966
24.706
7.961
30.068
-46.169
8.1393
0.55845
-33.037
-63.786
-35.876
41.457
33.185
22.145
-39.199
-36.984
12.081
-44.087
16.034
-35.568
-0.91206
22.802
-4.253
-10.152
-5.5522
-8.218
15.54
48.672
54.864
53.918
-10.602
10.647
-5.4069
-2.1549
-21.115
-25.903
-93.79
-38.23
-60.324
32.305
34.616
-12.347
52.602
30.139
-16.288
-16.142
29.875
15.266
74.109
-0.16358
-50.366
-44.975
34.608
-19.407
7.6527
-7.6151
13.42
-7.1633
39.672
32.97
-18.257
16.432
-7.6834
-13.808
13.097
-56.982
-25.107
-10.694
-7.2381
18.644
10.241
-8.3017
26.043
-36.037
-36.878
-5.4883
-21.174
-25.925
75.603
54.352
-3.4591
