-14.061
32.918
-20.411
-21.112
2.1846
-5.0851
6.5805
-4.8219
-13.76
36.689
41.652
33.856
5.3493
43.322
12.922
-9.1745
25.135
-7.2128
-7.5379
-6.893
-17.355
-29.389
7.9174
20.625
3.0607
-15.244
-14.624
-8.046
-8.6619
-14.228
-26.077
-8.3978
10.97
-13.215
-38.877
-21.547
-28.897
-38.093
1.373
0.22091
23.665
41.934
32.149
47.296
28.461
0.92205
1.416
23.185
18.293
1.8648
3.5317
9.7832
21.038
-4.1027
-21.498
-29.974
-0.8177
19.107
-10.967
-3.9394
-8.7914
-25.466
1.2431
-13.751
-2.8082
-11.33
-6.4985
-10.034
-21.895
12.005
4.5047
15.823
5.3038
7.12
-6.885
0.089822
-1.4081
-7.8033
5.9131
-1.7115
-1.2696
7.2871
-13.268
-8.6135
-30.857
8.6677
36.251
-1.4021
-4.6891
20.726
4.0326
21.544
26.694
2.9584
13.93
3.9281
17.809
28.32
-39.898
-7.4545
-10.966
-19.418
-12.466
-39.266
22.719
18.216
-17.181
-29.575
-21.972
-25.816
-11.014
9.9803
4.5666
29.707
35.44
-10.202
-32.527
-13.886
27.645
33.676
46.646
28.821
2.2514
0.2644
-17.942
-43.669
-23.023
-31.571
-17.88
-2.1591
25.829
-5.0866
-1.075
20.643
27.417
10.546
-10.593
-8.3675
17.697
-6.3429
-25.868
-16.243
23.772
29.61
1.3695
4.731
13.169
-20.956
-23.646
6.0459
17.667
29.957
0.25459
-4.1247
-10.527
-39.668
-31.224
-32.201
-23.213
3.193
22.079
12.132
22.616
43.693
47.136
2.2031
-43.192
-2.544
-7.6426
-8.289
-24.681
-24.01
23.617
23.743
9.4892
-7.3938
-14.479
-37.393
-10.763
7.5085
12.321
17.423
3.5586
3.9743
25.727
-0.53222
14.554
5.4669
23.883
20.267
15.677
-8.2144
-42.001
-28.084
-10.49
-0.77579
-11.517
13.467
-5.4201
7.1534
3.7899
-31.668
-21.647
9.6835
11.405
11.995
-7.1031
2.6762
6.4441
14.084
-0.34925
-12.643
-23.148
-10.926
-16.161
13.263
5.55
2.5197
3.7583
19.622
10.368
23.702
-7.9088
-12.104
1.3454
37.162
22.983
-17.348
-10.037
-1.1755
-31.388
-8.6418
20.785
18.507
-13.225
-28.684
-10.489
19.62
-0.073804
-7.3788
11.46
43.651
7.9163
-42.623
13.542
23.232
23.876
-28.852
-34.36
-45.025
-32.234
-10.27
24.143
25.828
-21.599
