-99.358
-21.421
-5.9342
34.308
37.688
59.108
27.574
27.831
54.928
9.7524
-47.022
-8.6849
29.953
-19.54
-34.553
-22.874
12.093
27.429
-16.91
-39.886
4.0239
-11.297
-26.463
-3.1827
27.814
2.8403
10.92
17.2
45.388
26.087
-46.12
-23.151
-3.2001
22.491
-19.939
-53.2
-21.389
7.732
-21.399
-32.052
41.723
61.512
28.117
-5.4701
-17.218
20.043
9.3182
NaN
NaN
NaN
NaN
NaN
-31.138
40.611
43.382
25.11
8.2019
11.886
15.872
13.839
51.046
14.062
-35.223
-16.151
3.6922
-15.451
-18.59
-2.7859
6.5682
5.1545
-10.222
7.882
16.778
8.1993
18.242
14.917
-35.582
-27.95
-26.404
-45.156
-46.934
10.049
33.576
1.4421
18.6
4.427
-27.636
NaN
NaN
NaN
NaN
NaN
-1.034
1.8952
15.631
19.111
15.179
-6.1172
-3.0634
-6.38
31.253
-18.051
-4.0781
11.657
-24.134
-25.654
-6.4319
-0.42749
-11.718
-26.672
-11.981
7.542
15.221
11.192
25.788
-13.604
-18.783
-11.64
0.27742
9.1855
-14.554
-34.709
-33.307
-9.7134
18.54
48.777
64.799
33.545
-65.813
-16.908
3.9876
3.5536
-1.2162
4.0797
1.5945
14.423
35.995
29.828
15.379
10.596
27.114
12.866
-16.84
-40.499
-41.179
24.236
4.3565
7.962
-37.846
-40.151
-15.982
5.6444
4.5981
5.0952
7.2541
16.649
-0.088522
-39.138
-14.788
-19.653
-51.083
-41.342
1.9695
-13.791
-44.895
-15.508
28.123
51.253
26.623
29.692
30.733
55.252
70.851
58.324
33.615
20.027
-0.24334
1.0302
7.3279
-21.914
-34.476
-33.64
24.836
-38.266
15.254
-9.598
-34.585
-30.102
-27.654
-1.1278
16.006
-6.0596
-5.1101
-11.137
1.3202
-38.034
-54.789
-23.939
-14.365
6.3138
-2.0218
11.062
-8.203
-10.314
7.8002
-11.834
8.0529
14.221
29.989
45.286
39.229
4.5757
29.024
37.108
48.105
23.846
-3.7788
-8.1914
-17.493
7.6991
-7.3421
-26.595
-15.558
4.1379
3.1027
-7.0814
22.046
NaN
NaN
NaN
NaN
NaN
-46.308
-19.542
18.98
-35.15
-54.495
3.5375
37.656
9.2162
3.5065
44.205
-15.399
-34.821
-16.352
-24.25
-18.415
12.234
-24.931
18.561
50.312
40.497
30.236
19.423
-16.11
-52.281
-4.1196
-6.4975
-3.9783
14.838
18.449
1.5004
7.964
-8.7687
-26.919
-8.4542
28.315
30.168
19.109
-11.97
1.6681
15.057
18.339
23.35
14.038
-19.611
-3.4599
50.03
25.626
11.104
13.752
0.81624
-39.64
-44.153
NaN
NaN
NaN
NaN
NaN
NaN
29.065
11.578
-20.483
1.5962
22.447
16.832
58.698
76.195
37.466
-9.4989
3.9953
-12.662
11.33
32.393
3.1705
18.961
-2.3096
3.5644
22.315
2.8183
46.083
20.336
13.686
-44.68
-9.2691
-6.771
-18.603
-0.85102
-23.426
2.8749
-3.7866
13.31
-16.85
8.352
-17.709
-40.638
-33.228
-77.806
-54.045
25.76
25.385
50.187
40.92
30.396
-21.745
-17.475
-14.4
-14.346
56.23
