-77.151
5.7306
3.2421
-27.783
-52.275
-25.275
-30.426
-40.039
-18.752
13.534
44.052
42.773
11.621
18.008
-5.3195
17.539
-16.913
18.027
32.756
13.061
3.3037
-14.821
32.156
53.323
37.488
17.201
-2.6288
-24.441
-37.189
-28.743
-13.503
-11.233
-45.622
-15.633
14.221
-6.9651
-25.513
-11.832
18.031
33.292
NaN
NaN
NaN
NaN
NaN
NaN
NaN
NaN
NaN
NaN
NaN
NaN
NaN
-26.519
-40.262
-13.862
14.142
19.821
17.881
33.726
-11.093
-15.242
4.5852
6.3796
10.529
-10.511
-6.2567
2.8451
-26.51
5.2307
16.32
5.0079
22.083
9.9779
-3.2502
13.841
11.331
5.3935
0.25805
-21.19
-3.8635
0.39627
-6.4252
10.773
-18.444
3.6129
10.462
-18.467
-33.565
NaN
NaN
NaN
NaN
NaN
50.64
64.74
72.971
61.778
-14.232
-22.24
-63.152
-51.054
-4.1041
5.124
28.685
14.665
-22.139
-34.456
-7.5374
-8.1267
-24.404
7.2519
48.277
34.103
40.018
31.404
12.221
-24.014
-53.063
-23.349
10.146
19.455
1.1151
12.427
38.08
42.983
-6.1332
-7.3016
-37.067
-38.223
-52.721
-73.289
-55.161
-12.232
24.749
96.448
105.85
100.79
-17.085
-92.002
-15.512
-1.5191
7.178
-19.933
-31.463
-47.801
-21.233
-29.626
-11.908
-28.767
-11.561
47.061
35.108
33.568
51.462
7.0901
-12.141
15.23
36.124
33.5
46.532
27.015
-39.925
-10.373
17.399
4.7516
-19.644
-19.345
-23.468
-15.596
-9.7362
-8.1794
-69.715
-24.324
-10.967
-34.558
-24.53
-13.145
-11.294
27.752
37.784
13.395
58.7
33.015
4.7774
-0.34625
3.3634
13.546
37.927
11.579
-64.816
-54.075
9.4901
-6.8023
-19.514
-0.84185
4.3531
9.2815
34.606
41.725
35.51
34.662
-18.39
-8.3636
5.6146
-8.4134
-10.274
-43.081
-52.381
-29.289
-10.639
16.375
28.385
1.3452
-43.837
13.673
31.537
-18.571
-6.0914
10.258
45.572
14.155
-17.645
5.448
5.3771
5.9386
48.612
4.3289
-44.924
4.5254
-11.093
-32.499
-23.5
NaN
NaN
NaN
NaN
NaN
NaN
-12.337
-6.7465
26.301
27.078
-26.703
-22.6
10.103
28.467
41.563
65.154
36.56
-7.5805
-24.886
-2.3834
4.52
7.5058
26.353
3.3241
14.617
-23.644
-10.821
-0.65672
7.3616
