-58.417
-8.6143
39.856
57.662
15.137
-24.503
15.33
46.736
23.043
1.0704
-28.883
-20.788
-29.138
-59.756
-65.966
-98.103
-24.468
3.4797
-4.0689
-24.958
-35.486
-30.488
-23.141
-6.8535
37.589
75.073
32.135
5.0128
-24.212
-53.531
-29.273
-30.176
30.208
1.4277
-15.819
23.688
41.667
-7.112
-10.762
3.5285
5.2926
1.3404
27.253
-23.343
-38.444
7.3301
56.784
41.669
4.5498
17.001
57.55
41.72
75.408
119.78
100.88
27.554
NaN
NaN
NaN
NaN
-21.17
-42.389
-14.872
-25.821
-39.06
-48.972
-91.629
-54.003
-52.7
-46.972
-19.626
-0.24139
-31.03
-51.995
-64.692
-42.277
-45.485
-56.057
-20.36
9.0727
41.023
63.643
62.352
62.049
44.787
30.325
31.719
45.717
45.891
61.828
40.287
38.991
54.078
79.774
77.677
39.419
23.366
-8.7887
NaN
NaN
NaN
NaN
NaN
NaN
-18.463
-23.593
-33.911
-38.091
-51.321
-57.109
-72.766
-57.123
-15.319
-45.031
-46.457
-35.389
-26.825
-19.971
3.0984
-1.8376
-36.604
-20.319
9.5784
13.094
5.2585
24.481
18.941
25.622
39.724
50.264
45.023
47.963
63.439
43.376
27.494
31.032
42.496
18.725
36.174
20.738
-14.729
-37.158
-23.543
-6.7287
3.1539
NaN
NaN
NaN
NaN
-16.647
0.6046
18.339
23.083
-15.264
-20.727
-26.533
-59.395
-98.465
-99.284
-48.092
-6.77
4.0585
-18.244
-3.1679
-1.5114
-18.032
-28.031
-13.208
0.84292
40.881
16.811
12.123
23.47
32.982
32.25
21.656
27.791
37.144
25.069
33.311
1.3687
12.981
30.757
31.482
-9.7309
-37.112
-17.494
-6.6248
9.7797
5.9161
-25.187
-27.588
NaN
NaN
NaN
NaN
NaN
-55.216
-36.174
-12.98
13.387
25.37
11.68
-13.992
-10.274
-16.951
-28.092
9.8242
34.155
4.8615
-43.943
-30.177
3.7633
9.508
16.258
1.9121
-29.328
-43.978
-32.579
8.9275
-70.934
-77.435
-41.445
-19.557
-15.963
12.509
43.606
22.331
40.748
50.115
47.123
55.652
37.581
-6.1215
-3.2565
13.214
27.542
44.739
20.973
24.502
40.114
61.159
32.132
-8.2808
-15.608
-9.3248
25.171
-14.984
7.5522
64.68
29.804
-44.997
-81.896
-98.445
-61.66
-73.906
-83.933
-78.035
-58.643
-33.613
-6.2687
15.27
5.0215
16.864
61.563
39.434
-11.765
-60.382
-17.329
19.04
26.419
57.33
13.39
10.468
14.636
20.08
23.242
17.128
8.5443
13.69
28.474
20.593
39.4
40.572
35.192
