-7.1989
2.5145
29.71
-15.778
-15.952
-36.639
-0.85754
-0.51473
-5.4808
5.3692
-5.3593
-4.783
-17.711
-19.233
-11.742
5.8144
36.823
18.529
2.6417
17.486
13.538
24.885
2.5464
-8.4211
-12.988
-9.7656
15.975
2.5886
0.16318
-1.3536
0.20516
-28.654
-23.279
-3.1618
7.2506
-19.121
-12.496
10.398
36.36
2.0775
-33.746
10.813
7.0007
-5.7027
21.132
-17.436
16.941
-6.7762
3.8856
-19.091
-8.9471
7.8391
22.034
-3.833
-27.339
-5.7251
3.5778
-6.0402
-15.304
14.084
26.483
24.213
-2.8047
-4.1103
45.303
-17.187
3.9344
27.385
-1.8245
-9.4576
-20.951
27.018
20.123
-29.52
-33.703
-18.297
-1.4759
-12.876
-23.488
-16.565
5.5775
-1.4139
-26.487
-13.046
5.1701
24.008
24.065
-24.368
6.4216
42.396
19.511
4.5779
13.512
-2.48
-8.9654
-7.8397
-4.0634
-7.8726
21.296
29.826
-11.456
-1.3092
14.551
-6.6223
7.9849
-3.7491
3.4293
-10.065
-21.709
-18.51
0.051407
-6.7944
2.2644
-2.975
-15.539
-0.94208
12.25
15.345
-2.5707
-25.36
-3.6877
11.52
-14.384
-10.898
-6.3504
9.7786
14.729
-15.251
-24.222
5.3031
34.461
6.7943
10.512
-1.1802
36.084
13.235
-4.2103
3.6629
41.949
-13.658
-7.9707
22.991
-17.266
-18.358
-17.912
-24.327
-25.985
-21.802
1.5174
6.6986
2.5233
-9.2992
9.1934
7.0454
33.732
7.4797
-6.5912
-23.067
-11.988
17.004
-6.937
-1.9151
-7.3466
-4.2867
20.348
-10.745
-25.474
21.867
9.3009
-3.312
20.112
35.489
-26.526
-17.104
40.834
6.7482
-3.8499
-12.124
24.279
-13.99
1.7239
-4.3475
-26.066
-20.945
-13.392
-17.913
18.567
12.151
-33.215
-29.343
19.104
12.341
30.482
-0.75802
7.2863
18.338
5.7242
7.1306
20.373
-12.395
6.0817
-5.7108
10.07
-11.322
-21.712
3.7142
8.6991
-25.119
10.341
-20.429
-25.958
-12.765
-19.868
-7.6898
33.416
17.571
52.837
-5.0586
2.0773
-26.547
1.269
-8.7539
25.731
10.349
-33.501
17.359
27.605
-17.105
8.5956
-25.811
-10.076
19.262
15.802
-16.436
5.5713
-20.283
6.2942
-13.903
9.4139
-0.89489
-17.768
-9.8132
15.17
5.3773
0.56156
19.58
10.928
13.177
-35.253
-34.888
5.3522
3.5524
17.342
17.662
25.83
