-18.869
-20.679
-9.0793
-62.624
-54.761
-23.327
-8.8737
-35.791
-16.587
5.6691
22.152
53.217
73.916
43.676
-38.964
-20.952
1.1852
-13.524
14.305
11.57
8.6023
30.001
-8.1749
-37.302
15.622
43.447
2.604
-5.9074
7.1784
22.89
-1.7462
13.459
-17.845
-8.0277
17.013
-18.176
-52.51
-15.585
12.068
6.7426
-35.303
-44.661
-20.171
-5.6323
-2.5244
-4.3364
-3.7149
NaN
NaN
NaN
NaN
NaN
23.289
19.836
21.512
20.978
10.226
13.862
-3.55
-31.233
-18.916
-0.53998
30.542
-20.1
-34.693
-21.711
-12.749
17.449
38.212
44.791
-1.7905
-54.365
-22.033
-23.606
-57.889
-39.582
1.0446
39.936
52.091
43.978
7.9463
11.114
22.662
10.465
19.804
49.362
14.42
NaN
NaN
NaN
NaN
NaN
-53.5
-19.012
4.2476
-2.6637
33.372
18.207
-1.781
0.67586
29.342
35.654
-3.5268
4.6069
27.237
31.319
12.501
3.3939
-12.041
19.805
22.684
-4.7207
-32.807
-15.107
-14.097
4.4415
18.884
5.4803
-7.5455
-29.488
-12.316
-16.358
-25.039
-10.408
-7.3399
-11.713
6.3073
27.244
-14.288
-16.529
45.796
58.723
4.8047
14.537
29.774
-12.049
-47.95
-21.233
29.166
-8.4543
-19.061
43.719
46.179
-58.638
-29.843
-19.334
-20.676
-51.326
-11.545
16.043
-17.405
-23.539
-5.7089
29.876
1.0969
-15.406
25.854
58.676
30.623
15.545
32.44
19.045
-1.1694
27.045
12.926
18.872
6.7708
0.83243
-5.8126
-8.7555
-17.198
-19.797
-47.143
-60.411
-26.154
11.456
-8.7647
-21.289
25.333
6.1729
-15.669
5.0243
28.893
12.073
-0.74307
-23.269
-28.861
-36.757
-24.214
-6.3865
11.57
5.1413
16.351
16.724
26.31
51.125
8.3523
27.086
40.36
14.439
-1.4732
29.101
-16.345
-41.133
-34.749
-40.822
10.042
50.8
4.6549
-21.48
8.0488
7.9335
-24.173
-13.565
36.546
21.444
9.2966
-6.1845
-5.671
-39.047
-39.066
-16.429
-7.5648
-29.696
-18.977
8.4608
-21.311
NaN
NaN
NaN
NaN
NaN
-20.132
27.831
57.262
65.713
55.645
57.527
-23.379
-2.0283
-5.1526
-2.0139
-16.638
-28.057
-25.32
3.7334
20.101
7.0195
-31.543
-53.411
-12.511
-3.1671
0.46667
-7.5314
-1.5425
6.6823
2.5645
1.9438
19.832
12.586
-31.024
-1.8101
7.9864
6.2047
-10.892
17.203
4.3135
18.295
26.602
34.634
27.279
-26.108
-25.429
-5.7715
-29.904
-18.153
-2.0028
-27.574
-21.133
-22.657
-34.3
-8.5495
20.147
25.175
NaN
NaN
NaN
NaN
NaN
NaN
10.449
8.8206
3.8921
-33.032
-20.731
-39.786
-67.512
-81.902
-53.9
32.442
62.404
22.646
-21.67
0.56761
37.104
55.387
50.751
52.819
17.837
-4.449
-23.447
-70.483
-74.973
-35.348
-3.3252
3.0825
9.3334
3.125
1.8757
-5.208
-10.589
9.3342
7.4043
12.179
17.051
27.472
1.1825
11.187
35.506
-26.746
17.271
0.75652
-7.7427
11.541
-10.917
8.2177
39.016
16.747
-4.6309
