-21.904
-27.735
-53.627
-56.122
-24.339
-32.687
-31.09
-33.117
5.7661
3.4389
23.658
47.368
69.249
29.235
-38.476
-37.608
-25.76
-30.509
14.351
23.684
42.53
53.02
7.0368
-28.899
18.232
29.652
-22.361
-8.1588
37.124
33.485
11.705
0.32995
-60.465
-54.425
-18.384
-14.882
-42.797
-49.096
-3.7308
32.416
11.609
-9.8768
12.302
20.488
11.646
8.576
20.179
NaN
NaN
NaN
NaN
NaN
-22.049
3.2493
43.072
14.761
-23.426
-32.599
-30.768
-21.495
-11.42
7.791
37.19
10.907
-18.348
-48.71
-12.012
32.284
54.446
35.185
-28.576
-55.229
-27.114
-33.747
-51.108
-17.098
24.192
58.867
45.731
49.254
23.562
-23.392
-30.057
-6.6576
31.402
57.309
8.9633
NaN
NaN
NaN
NaN
NaN
-83.068
-41.59
-14.202
-4.3954
41.208
60.806
17.88
-57.881
2.4824
37.841
0.51417
19.662
29.111
26.026
20.496
15.729
-10.864
15.158
15.356
9.0104
-29.949
-16.528
-5.7524
-4.7201
23.946
44.07
-8.473
-62.925
-26.6
-19.638
-22.619
-16.645
-15.485
-30.903
-9.2384
33.39
-1.6253
-4.5626
31.463
34.807
-6.3851
6.4897
14.438
-9.3189
-30.04
-20.446
23.823
-0.1875
-12.09
38.786
17.269
-22.113
2.3253
39.323
16.904
5.1077
24.866
-30.859
-29.522
-15.201
-36.369
11.058
-18.321
-40.788
4.5807
39.446
23.462
-4.6501
57.337
56.458
-17.45
7.5375
26.921
14.385
-7.858
-6.6046
-23.459
-19.558
-23.685
-15.909
-43.96
-49.286
-39.373
-16.737
-19.829
-15.806
12.528
14.604
30.098
6.9232
29.353
44.999
32.719
23.119
-2.767
-26.713
-35.481
-3.9715
6.165
-2.8742
22.955
18.424
19.46
6.4459
-20.338
10.319
43.917
25.089
-13.871
25.42
-24.908
-78.271
-52.161
-42.451
26.105
49.874
-10.151
1.5832
28.426
23.248
-18.5
11.625
47.794
13.163
1.5149
-3.6375
-8.2404
-32.883
-50.642
-14.451
-19.819
-30.356
-1.7972
16.798
-9.9752
NaN
NaN
NaN
NaN
NaN
-10.158
26.089
40.169
47.108
31.433
28.962
-8.9514
29.931
25.354
-5.5844
-10.451
-18.925
-22.516
25.642
24.729
8.2765
-39.502
-47.758
-9.8489
1.6194
9.1303
1.0521
20.886
23.481
-28.24
-23.849
11.303
-1.1158
-27.351
5.1519
21.556
-3.1446
0.32463
4.4881
-17.406
-27.625
-13.052
3.2376
31.399
11.11
-18.995
3.4754
-27.857
-11.111
3.3156
-12.763
-12.459
-3.9258
-4.5662
-21.645
26.585
45.032
NaN
NaN
NaN
NaN
NaN
NaN
-20.592
1.1825
-4.2985
-7.4772
-15.027
-36.009
-39.064
-61.544
-24.055
38.141
79.577
30.649
-32.031
-3.361
52.356
62.045
-4.6561
-60.224
-27.427
0.55429
-0.56843
-39.946
-54.279
-32.069
-3.2538
10.154
-7.3275
-16.38
-10.151
-6.6194
-13.723
5.7233
9.442
-4.0527
29.162
48.34
50.029
36.072
46.101
-4.8843
14.919
-4.1045
-30.655
-0.26377
-12.175
30.334
44.013
23.067
-2.5314
