-51.662
40.986
-41.447
-15.399
22.077
3.6688
-21.906
-17.376
-16.912
11.652
-14.433
-24.746
-11.687
24.39
14.595
13.45
11.961
9.2606
27.888
4.6173
5.6699
-0.15775
3.5032
-12.647
-24.092
-0.99448
24.48
-3.5579
-23.521
-1.7606
23.453
-13.999
-27.938
-1.9957
19.436
41.951
16.478
3.2373
-1.7136
5.0886
21.848
-5.0912
-10.984
-27.118
-3.2851
-19.167
-7.6984
4.3573
14.08
-4.6373
-1.0941
-37.629
-18.675
-24.441
-6.9265
-12.368
-23.567
-7.3259
46.785
2.8783
28.144
26.474
29.842
-16.612
-12.366
10.18
-8.443
4.5085
45.106
60.939
31.953
-36.534
-16.543
16.771
-15.556
-17.315
-3.1756
-0.77131
-0.40296
-22.759
-42.867
-15.197
-18.67
-17.903
21.192
31.096
-10.936
-33.73
-4.8893
-16.401
-22.097
-4.6026
-3.6617
24.726
21.608
11.156
41.256
19.873
-28.368
19.37
4.0891
32.2
29.629
-3.0473
33.954
14.369
-26.769
-16.282
2.8016
13.125
-4.4919
-40.97
-55.32
-15.882
-17.516
-14.763
33.046
23.333
-13.357
8.6823
-37.039
-51.572
-27.021
17.623
3.9267
20.819
37.044
29.547
56.816
23.39
-20.433
1.2228
-17.623
-36.496
-5.591
2.1654
3.1576
5.2698
37.639
15.822
28.209
16.053
15
3.1999
-26.572
-32.906
-23.531
-20.966
-7.66
-31.653
-27.677
-43.061
-14.355
-1.9841
13.843
11.855
51.607
21.379
29.091
-5.1683
-36.137
-29.246
23.887
29.96
24.984
13.695
9.4196
14.863
0.28704
-11.213
9.4714
2.2349
-36.101
-6.4054
13.582
-4.518
-1.3847
-18.812
-6.6804
5.6589
28.735
36.974
-22.662
-52.726
-17.153
-8.8558
0.79293
-6.117
25.928
-16.034
-33.837
5.7756
25.007
30.148
5.8924
-36.727
-23.354
1.7324
-5.6502
22.458
26.372
32.183
11.341
-6.8381
1.1004
-11.756
-14.415
20.231
4.6272
-7.9227
-5.242
29.391
1.6381
-16.709
21.109
-3.6613
4.758
13.851
-35.715
-20.619
10.083
19.82
-25.573
-7.1594
-16.012
-53.56
2.5075
-18.726
35.981
13.249
-7.889
8.3957
27.117
5.9112
-56.826
-5.6633
25.36
-26.462
-8.3403
19.365
56.134
27.055
10.104
-0.64975
24.07
-3.1508
-40.157
-12.505
35.176
-0.97643
6.0475
1.7504
7.7557
25.225
-33.49
