NaN
NaN
NaN
NaN
NaN
NaN
-116.55
-136.66
-53.428
-43.212
-13.935
10.489
-34.142
-2.8589
NaN
NaN
NaN
NaN
NaN
-1.5374
-79.91
16.282
72.421
60.13
95.037
NaN
NaN
NaN
NaN
-1.2553
9.0833
-36.561
-58.534
-123.51
-49.951
-46.17
-110.35
51.916
NaN
NaN
NaN
NaN
NaN
NaN
NaN
NaN
-43.497
-40.396
-8.5607
-19.132
-11.137
83.761
NaN
NaN
NaN
NaN
NaN
NaN
NaN
NaN
-21.953
-48.858
28.076
35.834
29.699
NaN
NaN
NaN
NaN
29.44
20.242
2.6949
30.82
61.723
21.429
31.465
84.036
120.17
80.658
-4.117
40.448
-20.584
6.3893
-82.344
-82.619
-81.899
19.37
NaN
NaN
NaN
NaN
15.42
-28.778
-42.612
4.0165
-3.755
-72.062
1.3771
72.251
NaN
NaN
NaN
NaN
NaN
NaN
NaN
NaN
NaN
NaN
NaN
NaN
NaN
NaN
NaN
NaN
NaN
NaN
NaN
NaN
NaN
NaN
NaN
NaN
NaN
NaN
31.486
1.8977
-45.229
-88.821
-28.916
9.4911
3.8026
-26.989
NaN
NaN
NaN
NaN
NaN
NaN
NaN
NaN
NaN
NaN
NaN
NaN
NaN
NaN
NaN
NaN
NaN
NaN
-78.184
-21.181
12.472
-29.098
-117.47
38.103
58.994
21.465
49.055
23.395
119.59
-0.22562
3.855
22.226
-36.883
5.9461
132.62
5.3307
13.228
NaN
NaN
NaN
NaN
26.46
-39.198
-74.249
-55.589
-119.61
-84.004
39.503
10.991
-60.241
-57.008
NaN
NaN
NaN
NaN
NaN
88.85
32.021
114.84
55.132
70.935
17.271
-1.5515
-8.9738
-75.935
-21.067
-35.641
-22.187
-4.6913
-32.942
-41.406
NaN
NaN
NaN
NaN
NaN
NaN
NaN
NaN
NaN
NaN
NaN
NaN
NaN
NaN
NaN
NaN
NaN
NaN
NaN
NaN
NaN
NaN
-19.053
-32.384
5.7877
-52.633
-62.523
-8.5147
22.252
NaN
NaN
NaN
NaN
-0.27545
-48.945
-48.096
-12.315
-30.955
65.923
3.0676
-73.961
73.394
50.899
15.652
-6.6715
18.637
154.41
60.365
2.2505
NaN
NaN
NaN
NaN
NaN
NaN
NaN
NaN
NaN
NaN
NaN
NaN
NaN
NaN
NaN
NaN
NaN
NaN
NaN
NaN
NaN
NaN
NaN
-45.705
36.133
-10.562
-57.956
-74.084
-20.823
-56.908
-28.995
19.577
8.5995
-60.015
-53.351
14.118
1.9234
24.773
35.028
21.166
-34.941
5.3408
66.207
110.36
11.029
39.857
23.42
-28.348
34.516
118.29
16.859
13.287
90.156
-14.829
