2.3854
-4.101
0.27008
-22.341
-0.16293
-13.829
-4.6482
-27.83
-20.172
-1.5563
13.338
20.213
9.9482
2.9514
-37.384
-41.822
-59.154
-29.876
-5.1489
-3.928
-11.215
1.2404
17.127
24.782
40.39
56.309
54.908
19.587
-32.641
-42.717
NaN
NaN
NaN
NaN
17.689
6.1909
25.56
19.382
29.143
34.207
27.123
7.0673
1.3667
-21.832
-26.547
-22.004
5.4217
-15.414
17.696
18.047
31.734
32.819
35.563
15.914
-19.101
-33.264
-53.019
-64.333
-59.836
-28.022
-18.806
-6.4799
5.6586
27.713
51.707
18.849
-9.0867
-37.973
-33.236
-18.677
-14.106
7.1724
30.449
31.756
38.566
48.762
35.329
38.308
1.1156
10.022
11.607
14.258
15.632
-2.0811
-19.941
-40.271
-23.276
-9.5652
-25.322
-48.466
-52.901
-9.2014
12.525
35.863
16.067
-16.362
-8.9816
-15.687
-7.3465
3.2543
19.193
31.66
14.572
3.7334
15.408
4.4979
7.9024
2.8467
7.7537
-13.465
12.853
3.0694
14.77
NaN
NaN
NaN
NaN
NaN
NaN
4.3413
37.242
39.339
21.063
21.459
32.794
-9.6418
-27.83
-10.516
-5.45
5.0751
25.479
36.991
46.771
32.401
-3.9506
-9.4388
NaN
NaN
NaN
NaN
NaN
NaN
10.778
-39.399
-11.811
-12.156
2.988
24.328
28.375
NaN
NaN
NaN
NaN
NaN
NaN
NaN
NaN
-2.4476
-5.3849
-23.613
-34.304
-38.717
-30.564
-27.141
-21.617
-29.416
NaN
NaN
NaN
NaN
NaN
NaN
26.163
48.006
39.078
5.4305
-25.562
-23.766
-10.689
-3.4273
18.971
0.57405
2.6403
-0.81876
17.288
30.354
-15.718
-72.903
-41.406
-7.6113
-10.467
4.4247
NaN
NaN
NaN
NaN
NaN
NaN
25.831
33.948
1.7233
10.522
-6.2895
-17.639
-28.16
-38.573
0.1508
NaN
NaN
NaN
NaN
NaN
NaN
NaN
NaN
NaN
NaN
NaN
NaN
NaN
NaN
NaN
NaN
NaN
NaN
NaN
NaN
NaN
NaN
NaN
NaN
NaN
NaN
NaN
NaN
NaN
NaN
NaN
NaN
46.163
18.601
12.393
5.1282
15.786
39.053
15.707
22.034
10.925
-17.257
-9.3272
-21.185
-0.40246
40.434
66.686
30.466
