32.049
-8.3188
-6.1312
-11.825
-15.783
-19.27
25.508
22.561
-8.1841
-9.7428
12.031
24.345
7.0984
21.646
19.223
42.041
33.731
27.226
11.755
0.037868
15.43
15.809
12.381
11.606
-54.661
-32.785
13.848
26.13
-2.7703
-24.767
-5.3038
-30.409
-30.232
-5.9787
28.636
58.521
68.594
NaN
NaN
NaN
NaN
NaN
NaN
NaN
NaN
NaN
19.036
35.616
8.7023
-26.793
-13.17
-4.1789
-29.858
5.1066
-4.7659
21.173
26.104
5.0074
28.624
21.198
23.318
24.088
37.834
31.309
36.454
9.3098
11.429
18.578
-15.184
-0.049066
25.087
0.30634
-10.554
-21.004
-2.2959
-17.264
-40.536
NaN
NaN
NaN
NaN
0.2956
13.006
26.102
2.8433
-4.5439
-1.1239
-12.603
-24.523
-32.918
-33.407
-9.1846
-6.2132
13.38
43.933
20.282
-8.8559
-25.49
-36.156
-8.3749
17.853
-10.896
NaN
NaN
NaN
NaN
NaN
55.397
42.275
16.339
12.478
10.67
3.3675
5.8928
-8.7181
-1.2344
15.786
NaN
NaN
NaN
NaN
NaN
NaN
NaN
3.1802
-3.8245
26.434
12.845
-15.623
-13.315
-41.045
-26.465
-35.618
-8.0753
-18.255
-11.309
24.754
39.553
11.975
4.7673
-22.576
-20.139
-13.543
-6.676
-9.0159
-24.273
-11.288
-12.135
10.826
NaN
NaN
NaN
NaN
NaN
NaN
NaN
NaN
NaN
NaN
NaN
NaN
NaN
-11.04
-28.26
-2.6329
3.1507
-29.76
-14.551
-2.5598
17.964
-1.92
-6.0717
1.3529
2.0146
-12.31
-5.76
-46.399
-29.466
-17.829
-6.4467
-11.89
-6.2757
6.8677
17.1
22.417
27.639
21.705
-1.7967
-22.395
0.18414
12.087
44.807
23.394
10.13
6.0219
-19.292
-24.793
-6.079
60.506
36.889
-9.2143
-0.69655
NaN
NaN
NaN
NaN
NaN
NaN
-2.501
-11.071
-6.7213
-7.4889
-18.068
-17.94
33.292
9.7973
19.981
43.089
18.72
-9.6235
-37.075
1.5063
53.745
20.297
-5.5992
21.624
34.992
13.29
-29.293
NaN
NaN
NaN
NaN
NaN
NaN
NaN
NaN
NaN
NaN
NaN
-18.562
-12.292
9.2494
14.179
4.1203
-2.7817
-1.4687
3.6256
NaN
NaN
NaN
NaN
-6.6096
-3.9919
-3.7934
-19.001
0.71017
-10.686
0.2549
12.759
-2.7782
21.184
31.734
62.739
40.95
-0.22404
14.844
34.602
3.1344
-30.5
-42.113
-27.612
2.2696
21.183
-12.356
-22.313
-22.574
NaN
NaN
NaN
NaN
NaN
NaN
NaN
NaN
NaN
NaN
NaN
NaN
NaN
NaN
NaN
NaN
NaN
NaN
NaN
NaN
NaN
-0.30882
4.8771
9.9142
8.0076
10.215
15.312
-0.29133
NaN
NaN
NaN
NaN
NaN
NaN
NaN
NaN
NaN
NaN
NaN
-18.407
5.9134
32.931
27.441
4.0193
-2.7159
22.025
31.709
-15.278
8.9127
43.011
40.608
70.394
41.782
-21.13
-42.368
-49.125
-28.197
-60.759
-68.075
-49.109
-40.253
-1.7449
-13.193
-12.255
7.1124
