-119.5
-84.693
-29.803
-0.47427
13.524
28.292
20.346
-4.4915
-5.2653
12.823
13.17
19.673
11.222
45.035
14.741
-7.7977
-5.1981
-8.1982
-8.0737
-6.9152
-7.7973
1.7964
15.073
26.42
20.934
19.593
13.689
-39.686
-9.2502
-11.824
20.833
5.9902
10.819
-39.109
-30.361
-48.6
-5.9678
NaN
NaN
NaN
NaN
NaN
NaN
NaN
NaN
NaN
1.0701
-3.9996
-0.23794
9.5694
21.629
42.771
22.694
47.542
36.837
14.449
27.15
10.399
46.613
19.793
24.974
31.212
21.756
8.0461
11.398
-32.417
-53.907
-85.458
-68.132
-48.303
-38.445
-26.39
28.658
25.609
26.601
28.439
29.72
NaN
NaN
NaN
NaN
-20.87
-32.392
-3.0876
5.6096
15.56
21.229
7.7429
-7.9069
-17.768
-10.987
-11.822
8.9758
26.398
38.02
24.911
13.594
62.456
40.748
37.413
54.955
3.3616
NaN
NaN
NaN
NaN
NaN
3.8625
-6.8786
10.357
9.679
15.265
-2.9382
-13.468
10.756
-15.125
24.75
NaN
NaN
NaN
NaN
NaN
NaN
NaN
8.0585
-26.709
-27.691
-47.074
-43.093
0.8413
26.47
59.016
20.33
-5.451
-27.49
4.9638
27.226
49.922
11.669
18.87
6.9137
22.404
-4.6112
12.93
8.1984
-14.648
-5.7279
-4.8075
-1.8341
NaN
NaN
NaN
NaN
NaN
NaN
NaN
NaN
NaN
NaN
NaN
NaN
NaN
-27.066
-35.322
-27.437
-11.093
7.2687
-2.6147
37.434
1.3734
-31.078
20.005
26.338
69.161
21.26
-8.5455
-45.928
-31.478
-22.275
0.29556
8.4578
-1.9604
-3.5913
-23.593
-25.13
-39.757
7.2249
20.54
-0.81901
26.283
-9.379
24.536
5.3408
36.939
31.395
-15.353
28.56
10.423
30.724
12.844
34.733
35.078
NaN
NaN
NaN
NaN
NaN
NaN
-25.439
-59.42
-34.808
-50.145
-36.691
-22.897
36.694
36.125
32.339
58.707
24.275
29.513
-1.7794
-7.5135
5.5067
-4.2193
-11.121
-6.2275
-22.699
26.956
50.808
NaN
NaN
NaN
NaN
NaN
NaN
NaN
NaN
NaN
NaN
NaN
-9.4125
8.2423
-6.6129
-15.693
-26.369
-31.598
35.299
25.519
NaN
NaN
NaN
NaN
39.72
37.127
23.592
-32.997
-10.943
-26.098
-2.4206
3.4401
-10.243
-6.1688
14.285
39.088
40.292
52.454
53.685
3.2699
-4.9762
-28.482
-23.132
-20.732
-41.374
-33.884
-58.044
-57.09
-45.411
NaN
NaN
NaN
NaN
NaN
NaN
NaN
NaN
NaN
NaN
NaN
NaN
NaN
NaN
NaN
NaN
NaN
NaN
NaN
NaN
NaN
20.858
21.752
25.677
23.766
0.48158
12.591
-19.561
NaN
NaN
NaN
NaN
NaN
NaN
NaN
NaN
NaN
NaN
NaN
-44.203
-1.3005
-2.7276
17.847
14.67
5.1512
13.471
-21.319
-50.373
-18.378
13.325
21.99
38.78
-16.135
13.764
2.9204
5.5254
24.59
10.298
1.1422
-6.2892
-4.6183
52.847
29.052
18.453
37.673
