-58.198
-46.203
-29.905
-11.482
1.9897
19.889
24.397
-8.9358
-2.4029
14.054
28.838
38.958
18.399
45.031
34.952
15.016
-0.057716
-3.9301
-18.623
-0.063853
17.739
6.4029
6.6217
-0.97826
-4.8457
-3.9123
21.37
-4.7016
2.0086
-0.72852
38.78
12.901
5.341
-39.565
-20.691
-21.223
15.657
NaN
NaN
NaN
NaN
NaN
NaN
NaN
NaN
NaN
16.456
-13.209
-10.729
6.6607
9.2185
4.4873
-15.659
6.8984
23.945
15.495
30.194
12.247
52.25
49.362
55.839
48.804
35.174
6.2287
-1.83
-30.31
-47.277
-40.733
-26.27
-24.062
-22.981
-24.598
38.273
39.95
24.971
12.349
-2.1353
NaN
NaN
NaN
NaN
-23.589
-43.741
0.89808
0.032656
-10.766
-8.8498
-23.672
-23.906
-34.911
-35.937
-25.835
-3.2232
28.933
56.784
61.442
43.476
60.898
33.894
34.93
64.032
16.907
NaN
NaN
NaN
NaN
NaN
-17.952
-19.226
1.2205
10.174
25.666
14.321
7.5584
16.398
-6.1782
21.947
NaN
NaN
NaN
NaN
NaN
NaN
NaN
8.6594
-19.276
-16.9
-9.1152
-26.874
-12.045
-11.341
15.208
-17.103
-13.539
-7.0216
41.245
67.817
74.917
38.987
23.465
-12.74
-2.7385
-8.614
-4.2268
-30.557
-49.274
-35.35
-43.788
-34.287
NaN
NaN
NaN
NaN
NaN
NaN
NaN
NaN
NaN
NaN
NaN
NaN
NaN
-53.421
-27.295
-6.8174
0.22408
16.74
-1.2319
27.59
15.564
2.1094
26.307
26.78
56.471
16.605
-16.879
-69.615
-37.335
-11.472
16.395
24.796
17.446
5.4155
-20.643
-45.527
-55.094
-25.379
-5.5246
-6.1003
43.196
-4.4659
9.9439
-42.943
2.7776
6.4993
-20.338
28.239
10.911
37.817
29.759
52.032
55.754
NaN
NaN
NaN
NaN
NaN
NaN
-13.883
-37.439
-26.73
-39.824
-32.368
-26.026
33.743
17.594
22.061
55.235
34.58
47.725
16.946
-4.035
-5.815
-28.191
-19.41
0.70248
-29.663
-16.84
11.729
NaN
NaN
NaN
NaN
NaN
NaN
NaN
NaN
NaN
NaN
NaN
-10.011
2.1516
1.262
10.538
10.291
-15.552
24.78
-5.1394
NaN
NaN
NaN
NaN
4.6604
16.402
-9.236
-42.604
-16.325
-23.294
16.354
4.6531
12.93
38.462
24.49
41.15
43.111
41.078
48.242
7.2383
3.4587
-26.759
-15.452
-12.558
-26.34
-14.72
-59.28
-56.913
-48.947
NaN
NaN
NaN
NaN
NaN
NaN
NaN
NaN
NaN
NaN
NaN
NaN
NaN
NaN
NaN
NaN
NaN
NaN
NaN
NaN
NaN
20.883
-1.679
-24.164
-20.452
-20.595
3.6239
-9.0583
NaN
NaN
NaN
NaN
NaN
NaN
NaN
NaN
NaN
NaN
NaN
-42.943
14.657
21.995
37.647
43.735
64.372
77.211
39.268
-21.906
-4.4945
29.029
15.704
21.844
-28.635
-4.654
-26.487
-9.0618
17.422
-13.242
-28.197
-37.258
-35.228
16.31
-1.7906
-25.311
9.0963
