NaN
NaN
NaN
NaN
NaN
NaN
3.5908
64.795
83.519
63.995
72.092
28.051
-7.0796
12.891
NaN
NaN
NaN
NaN
NaN
14.489
15.026
-13.387
-61.536
-33.084
-32.619
NaN
NaN
NaN
NaN
-61.971
-60.911
-69.407
-5.2788
37.588
21.328
23.173
11.978
-5.0486
NaN
NaN
NaN
NaN
NaN
NaN
NaN
NaN
-1.5129
18.697
-31.91
23.064
13.479
34.71
NaN
NaN
NaN
NaN
NaN
NaN
NaN
NaN
0.94948
-50.42
-50.726
-47.431
-20.158
NaN
NaN
NaN
NaN
-32.778
-33.708
-56.413
-47.996
-41.059
-31.539
-30.594
12.948
2.2979
-32.915
-8.6849
-23.597
54.906
8.8346
40.949
8.7525
17.334
23.435
NaN
NaN
NaN
NaN
63.155
53.07
48.621
-7.2865
22.316
-3.8514
-4.2447
2.1561
NaN
NaN
NaN
NaN
NaN
NaN
NaN
NaN
NaN
NaN
NaN
NaN
NaN
NaN
NaN
NaN
NaN
NaN
NaN
NaN
NaN
NaN
NaN
NaN
NaN
NaN
20.237
8.6376
3.8579
26.159
50.798
9.4709
-34.36
-17.019
NaN
NaN
NaN
NaN
NaN
NaN
NaN
NaN
NaN
NaN
NaN
NaN
NaN
NaN
NaN
NaN
NaN
NaN
-12.591
-41.053
-17.065
2.3191
-22.492
-40.785
-43.726
-40.605
4.3286
-25.778
-13.148
-15.04
36.539
2.3582
-10.018
-27.462
-57.263
-28.332
-35.163
NaN
NaN
NaN
NaN
75.489
10.568
38.768
-0.79611
64.186
70.488
-5.4291
-35.332
0.52692
-0.5708
NaN
NaN
NaN
NaN
NaN
-11.209
-42.479
-73.819
-63.603
-37.353
-21.127
3.2249
7.667
26.068
38.382
76.312
52.483
52.567
71.205
54.417
NaN
NaN
NaN
NaN
NaN
NaN
NaN
NaN
NaN
NaN
NaN
NaN
NaN
NaN
NaN
NaN
NaN
NaN
NaN
NaN
NaN
NaN
7.8898
-12.348
-2.5662
-6.7124
-13.204
-6.7719
26.105
NaN
NaN
NaN
NaN
-2.6095
-10.836
5.9757
24.521
50.243
-7.4621
-8.0099
-17.588
-62.478
-67.346
-22.549
-22.014
-23.269
-6.6868
-21.383
-15.155
NaN
NaN
NaN
NaN
NaN
NaN
NaN
NaN
NaN
NaN
NaN
NaN
NaN
NaN
NaN
NaN
NaN
NaN
NaN
NaN
NaN
NaN
NaN
-1.5145
19.868
48.375
46.195
29.623
16.632
5.6482
19.467
30.358
10.714
64.426
58.033
48.139
37.897
-1.1967
32.08
-35.993
-71.889
-87.145
-67.187
-83.213
-75.418
-58.829
-42.515
-14.077
-7.6973
-15.744
-2.8315
12.152
-8.0712
15.702
