NaN
NaN
NaN
NaN
NaN
NaN
-51.019
-34.518
2.6311
-31.44
-13.59
47.133
5.3871
-5.8818
NaN
NaN
NaN
NaN
NaN
17.88
0.048383
-24.908
21.201
48.702
27.246
NaN
NaN
NaN
NaN
5.2825
-18.046
2.2476
0.92207
5.3859
2.8449
-23.087
-41.784
-8.0556
NaN
NaN
NaN
NaN
NaN
NaN
NaN
NaN
-13.818
-35.677
-26.153
-21.658
-7.2183
9.7443
NaN
NaN
NaN
NaN
NaN
NaN
NaN
NaN
26.475
7.1869
17.354
3.4584
14.149
NaN
NaN
NaN
NaN
31.255
21.097
-21.988
-11.829
9.6962
10.695
-36.643
0.90402
31.276
25.288
1.8953
28.759
25.127
19.838
-7.0428
-17.33
-21.173
-5.8319
NaN
NaN
NaN
NaN
-32.644
-14.497
-26.043
22.312
0.72616
-57.912
-34.25
8.3764
NaN
NaN
NaN
NaN
NaN
NaN
NaN
NaN
NaN
NaN
NaN
NaN
NaN
NaN
NaN
NaN
NaN
NaN
NaN
NaN
NaN
NaN
NaN
NaN
NaN
NaN
-2.4589
-13.845
-25.128
-30.018
-10.932
16.692
-11.863
-36.559
NaN
NaN
NaN
NaN
NaN
NaN
NaN
NaN
NaN
NaN
NaN
NaN
NaN
NaN
NaN
NaN
NaN
NaN
9.8111
39.872
24.25
1.3413
-39.074
23.05
29.862
30.311
-0.2042
8.4254
8.3788
6.8281
8.3887
22.172
-16.074
-17.627
-0.75671
-11.405
-21.564
NaN
NaN
NaN
NaN
-19.031
-23.042
-16.785
-0.16584
-53.792
-28.538
20.346
3.094
9.4164
-31.713
NaN
NaN
NaN
NaN
NaN
48.431
7.8711
35.691
-7.3879
35.352
18.94
18.742
-19.4
-16.928
-3.6325
-18.379
14.467
-19.051
-28.483
-2.9752
NaN
NaN
NaN
NaN
NaN
NaN
NaN
NaN
NaN
NaN
NaN
NaN
NaN
NaN
NaN
NaN
NaN
NaN
NaN
NaN
NaN
NaN
20.735
-31.673
34.037
11.38
1.6552
24.372
56.256
NaN
NaN
NaN
NaN
17.516
-25.911
-14.075
-3.6449
-16.209
0.049847
0.58029
-5.6786
-0.82452
48.066
19.483
21.13
-35.582
8.8441
11.721
-17.995
NaN
NaN
NaN
NaN
NaN
NaN
NaN
NaN
NaN
NaN
NaN
NaN
NaN
NaN
NaN
NaN
NaN
NaN
NaN
NaN
NaN
NaN
NaN
12.381
29.684
15.464
-8.9988
-39.174
-23.945
-8.5224
-8.5059
13.539
-6.9602
-44.207
-25.741
-23.541
-22.685
7.1268
-24.775
16.731
13.045
0.83257
9.2403
49.193
9.0218
-7.3374
-0.29373
-15.517
11.055
33.831
16.135
-6.5725
32.143
-35.856
