NaN
NaN
NaN
NaN
NaN
NaN
-22.564
3.7268
5.838
-3.2889
27.034
31.813
19.816
35.893
NaN
NaN
NaN
NaN
NaN
33.993
41.218
-1.3719
-44.067
-10.573
-21.892
NaN
NaN
NaN
NaN
-42.601
-38.816
-39.676
64.286
93.225
57.646
45.122
5.6771
-2.2142
NaN
NaN
NaN
NaN
NaN
NaN
NaN
NaN
37.35
53.835
-39.975
7.7601
-8.5362
16.045
NaN
NaN
NaN
NaN
NaN
NaN
NaN
NaN
79.523
47.16
2.0361
9.3246
-13.498
NaN
NaN
NaN
NaN
6.2165
-22.644
-79.178
-83.578
-111.81
-107.53
-97.13
-70.34
-65.755
-91.994
3.8586
4.9168
104.48
73.886
111.77
79.961
66.354
14.695
NaN
NaN
NaN
NaN
47.14
23.705
23.778
-37.649
-0.98096
-16.16
-39.048
-33.554
NaN
NaN
NaN
NaN
NaN
NaN
NaN
NaN
NaN
NaN
NaN
NaN
NaN
NaN
NaN
NaN
NaN
NaN
NaN
NaN
NaN
NaN
NaN
NaN
NaN
NaN
42.968
1.7657
-11.778
9.5478
28.081
-31.541
-35.37
-28.887
NaN
NaN
NaN
NaN
NaN
NaN
NaN
NaN
NaN
NaN
NaN
NaN
NaN
NaN
NaN
NaN
NaN
NaN
10.282
24.054
43.542
55.457
22.073
1.6173
-30.277
-30.745
13.554
-40.097
-35.431
-57.815
7.1331
-27.551
-39.467
-63.666
-107.61
-49.394
-33.597
NaN
NaN
NaN
NaN
49.22
32.411
47.055
-0.42079
33.878
62.171
21.905
20.123
33.051
26.298
NaN
NaN
NaN
NaN
NaN
19.099
-34.27
-83.056
-83.232
-34.38
-57.337
-18.016
-14.135
-14.995
-7.9957
46.881
22.373
-5.3057
36.53
56.904
NaN
NaN
NaN
NaN
NaN
NaN
NaN
NaN
NaN
NaN
NaN
NaN
NaN
NaN
NaN
NaN
NaN
NaN
NaN
NaN
NaN
NaN
-60.812
-44.441
-6.5084
25.683
37.432
32.296
46.055
NaN
NaN
NaN
NaN
42.243
5.3857
-12.406
-30.751
16.6
-11.315
14.268
-0.7589
-55.391
-54.703
-11.313
-4.2572
-28.652
-15.119
-45.567
-29.115
NaN
NaN
NaN
NaN
NaN
NaN
NaN
NaN
NaN
NaN
NaN
NaN
NaN
NaN
NaN
NaN
NaN
NaN
NaN
NaN
NaN
NaN
NaN
57.004
21.05
18.954
25
12.639
9.9202
4.3067
30.4
11.047
-1.0502
47.134
34.72
9.6032
45.291
-22.725
7.2888
-44.962
-22.355
-51.803
-31.733
-41.174
-39.293
-38.985
-40.027
5.627
-3.0816
-19.85
-13.589
17.307
-31.608
15.152
