6.3652
5.9998
-7.8631
-35.755
-17.294
-36.59
-34.594
-51.745
-44.39
-21.718
-13.631
-5.6722
-22.976
-9.8479
-30.968
-21.518
-29.93
-11.102
7.5319
-5.2664
-14.063
11.297
20.815
49.674
72.761
91.571
83.83
46.186
-1.0458
-43.382
NaN
NaN
NaN
NaN
20.249
18.046
10.611
-7.5822
-15.495
-12.442
-15.208
-19.777
-16.267
-28.42
-33.156
-23.344
0.088128
-10.443
22.739
25.321
10.371
23.777
19.473
5.5503
-6.7094
-21.739
-34.815
-31.263
-27.19
-8.0411
26.202
22.879
17.1
20.085
21.438
-6.8993
-13.8
-17.7
-18.588
-1.0145
-7.4183
-1.0323
22.809
29.01
29.54
25.518
5.4121
16.195
-14.461
2.5166
10.889
9.3283
8.854
-7.8371
-2.4973
-20.767
-9.5275
-8.9386
-10.852
-26.787
-22.684
-18.776
-8.8612
11.867
-4.7193
-9.9574
-9.6409
-11.091
-17.276
-5.6588
13.311
18.849
12.931
10.383
15.558
9.9455
9.4887
25.852
20.731
-5.5909
19.003
-1.4795
19.271
NaN
NaN
NaN
NaN
NaN
NaN
-2.7818
18.525
27.12
13.949
1.3439
10.707
-24.016
-16.854
2.7257
-3.4002
13.018
12.376
6.5502
18.385
12.802
-1.1108
9.4783
NaN
NaN
NaN
NaN
NaN
NaN
5.2661
-27.949
-5.6814
0.67988
5.0839
21.098
22.15
NaN
NaN
NaN
NaN
NaN
NaN
NaN
NaN
-1.5739
-10.386
-21.761
-31.143
-32.337
-4.5529
-12.858
3.6992
-11.869
NaN
NaN
NaN
NaN
NaN
NaN
-8.1609
36.442
34.255
1.2571
-19.828
-19.086
-12.3
5.3118
1.951
9.9271
-8.3394
2.0965
12.659
9.4047
-26.78
-40.553
-20.731
-12.478
-9.4905
7.0756
NaN
NaN
NaN
NaN
NaN
NaN
11.374
7.1062
-1.9314
14.393
-6.9468
0.36262
-3.5626
-14.884
11.928
NaN
NaN
NaN
NaN
NaN
NaN
NaN
NaN
NaN
NaN
NaN
NaN
NaN
NaN
NaN
NaN
NaN
NaN
NaN
NaN
NaN
NaN
NaN
NaN
NaN
NaN
NaN
NaN
NaN
NaN
NaN
NaN
24.924
8.7648
25.499
19.803
28.188
44.551
8.2854
33.439
49.947
18.179
12.557
-13.785
1.2269
26.55
52.368
32.689
