NaN
NaN
NaN
NaN
NaN
NaN
-24.929
-17.484
21.395
7.139
9.7594
19.452
34.979
38.273
NaN
NaN
NaN
NaN
NaN
22.179
10.068
-25.949
-20.898
19.38
21.885
NaN
NaN
NaN
NaN
-10.672
-15.06
-33.975
-11.851
-14.663
-13.573
-1.3186
-15.157
-26.91
NaN
NaN
NaN
NaN
NaN
NaN
NaN
NaN
1.5202
2.351
-6.6352
25.276
14.277
26.565
NaN
NaN
NaN
NaN
NaN
NaN
NaN
NaN
-46.414
-36.979
-18.52
4.1307
13.619
NaN
NaN
NaN
NaN
4.4777
-6.2548
-11.817
8.2253
8.4919
6.262
13.565
34.59
30.252
-10.158
-36.829
-8.3114
32.756
14.293
17.13
-1.8918
-23.898
-9.7151
NaN
NaN
NaN
NaN
29.405
23.965
21.108
16.442
21.108
-0.61017
17.852
11.562
NaN
NaN
NaN
NaN
NaN
NaN
NaN
NaN
NaN
NaN
NaN
NaN
NaN
NaN
NaN
NaN
NaN
NaN
NaN
NaN
NaN
NaN
NaN
NaN
NaN
NaN
2.2245
-49.448
-47.611
-20.329
7.5156
-2.7573
0.027944
30.753
NaN
NaN
NaN
NaN
NaN
NaN
NaN
NaN
NaN
NaN
NaN
NaN
NaN
NaN
NaN
NaN
NaN
NaN
-25.997
-46.045
-27.541
-12.327
-21.265
19.599
13.67
5.0415
16.056
22.82
25.83
2.8319
23.244
1.0741
-18.124
-12.673
-22.352
29.735
-7.4461
NaN
NaN
NaN
NaN
63.572
-9.989
-1.4271
-14.856
14.84
18.826
-33.906
-44.513
-30.202
-12.105
NaN
NaN
NaN
NaN
NaN
-12.261
-25.46
-17.819
3.9453
-5.0452
-19.295
-2.0496
35.943
19.017
20.803
32.441
20.314
-16.589
-15.437
1.1171
NaN
NaN
NaN
NaN
NaN
NaN
NaN
NaN
NaN
NaN
NaN
NaN
NaN
NaN
NaN
NaN
NaN
NaN
NaN
NaN
NaN
NaN
-0.53297
-37.676
-51.343
-47.768
-7.5196
24.301
24.875
NaN
NaN
NaN
NaN
-19.265
-11.127
-22.558
-14.924
23.606
29.771
-2.1764
-15.926
-5.6924
5.8629
23.983
7.591
-4.7444
10.847
14.173
29.409
NaN
NaN
NaN
NaN
NaN
NaN
NaN
NaN
NaN
NaN
NaN
NaN
NaN
NaN
NaN
NaN
NaN
NaN
NaN
NaN
NaN
NaN
NaN
-19.162
-31.808
-25.531
-12.258
-17.293
-26.699
-28.496
-15.815
-0.051056
-3.958
40.679
31.522
38.715
57.792
39.599
37.86
-4.6698
-38.36
-9.2612
8.8926
12.588
12.939
12.869
-2.3524
10.782
13.757
18.083
17.462
14.581
14.513
13.973
