6.9067
-3.7775
-16.423
-25.169
-21.565
-20.576
-22.946
-29.499
-9.5417
-1.8394
10.487
7.2702
1.6319
4.7722
-18.846
-1.6653
-5.6721
-8.1612
7.2096
16.664
16.875
21.755
13.069
2.2513
-3.4043
5.3831
-7.7809
-13.528
-31.779
-9.8414
NaN
NaN
NaN
NaN
14.847
0.43848
24.045
29.124
35.536
59.881
39.588
20.082
6.5473
-18.227
-23.137
-22.006
1.2595
-8.8349
13.252
20.886
24.384
34.482
32.665
35.17
-19.738
-34.699
-52.106
-60.293
-62.196
-33.733
-24.008
-14.466
2.8457
28.389
46.657
4.6712
-23.443
-40.729
-36.875
-11.886
-25.703
0.93798
36.111
38.422
33.889
53.092
50.643
38.634
8.9942
11.57
3.3196
8.8925
20.415
17.939
4.2905
-19.959
-20.547
-38.646
-31.93
-43.416
-41.875
5.0336
12.374
27.731
-9.8351
-19.489
-25.233
-29.722
-35.475
-3.8176
12.983
33.554
28.555
17.793
20.189
16.333
25.536
16.455
12.828
-9.3403
18.106
0.98961
26.904
NaN
NaN
NaN
NaN
NaN
NaN
2.511
31.811
28.166
8.4999
19.223
24.965
-10.316
-25.631
-11.28
-13.008
-0.094088
29.441
54.482
70.47
57.719
10.849
-1.8887
NaN
NaN
NaN
NaN
NaN
NaN
19.477
-50.303
-28.28
-29.626
-11.43
17.306
37.338
NaN
NaN
NaN
NaN
NaN
NaN
NaN
NaN
-9.3832
-3.7822
-24.018
-35.482
-56.819
-29.039
-1.7969
-2.4333
-11.179
NaN
NaN
NaN
NaN
NaN
NaN
42.124
36.339
18.357
14.242
-19.307
-25.037
-15.657
-5.5728
25.852
8.1563
13.216
-0.98891
12.274
28.304
-28.319
-69.449
-46.884
-23.081
-13.5
3.7815
NaN
NaN
NaN
NaN
NaN
NaN
39.828
46.822
0.84232
-4.7978
-19.012
-12.614
-34.737
-48.48
-17.27
NaN
NaN
NaN
NaN
NaN
NaN
NaN
NaN
NaN
NaN
NaN
NaN
NaN
NaN
NaN
NaN
NaN
NaN
NaN
NaN
NaN
NaN
NaN
NaN
NaN
NaN
NaN
NaN
NaN
NaN
NaN
NaN
57.639
33.903
27.91
14.307
-1.0641
33.885
14.653
34.811
22.306
-14.268
-13.117
-42.582
-17.336
43.29
63.985
28.714
