-24.818
-8.0344
22.771
22.483
35.08
32.035
39.827
39.12
17.2
-2.6392
1.4298
-3.5643
10.997
24.385
-2.2903
7.3222
14.606
21.232
1.5767
1.0106
-7.2224
-13.223
-42.065
-20.387
-28.533
-13.41
-11.163
-0.24453
5.2219
-50.501
NaN
NaN
NaN
NaN
-17.563
-16.586
2.1913
24.303
30.359
30.758
11.03
7.3869
21.577
14.199
24.053
29.786
48.256
16.75
1.7134
-24.493
-43.18
-18.236
-11.458
6.035
-12.479
16.679
20.58
29.182
-0.38823
-5.4769
-15.523
-20.711
-26.532
-1.2686
13.805
9.031
20.501
14.687
5.8198
10.429
-3.7243
-24.845
-42.706
-40.034
-9.4409
-12.423
-11.901
0.56551
-8.5707
21.929
18.857
11.879
-6.7809
-5.8768
12.342
-14.041
-3.3885
8.7363
7.5024
-17.583
-7.8973
16.691
3.3081
2.8162
9.2309
13.305
30.545
27.955
38.49
32.854
2.0436
-9.92
-16.569
-6.6036
5.1832
20.418
6.0492
-0.75522
-33.346
-33.523
-16.554
-28.394
1.4132
NaN
NaN
NaN
NaN
NaN
NaN
-17.64
6.3883
27.378
24.042
44.256
40.914
0.36601
-19.301
-1.6145
9.6283
33.102
48.829
30.559
8.132
-23.835
-32.832
-9.1202
NaN
NaN
NaN
NaN
NaN
NaN
-59.247
-19.063
28.334
15.843
9.795
1.0565
6.5539
NaN
NaN
NaN
NaN
NaN
NaN
NaN
NaN
-32.711
13.312
18.724
20.648
-21.842
-36.317
-48.918
-24.76
-9.9028
NaN
NaN
NaN
NaN
NaN
NaN
32.088
7.2049
-2.607
8.9602
14.351
28.899
37.921
23.812
30.198
16.284
-11.408
2.2189
5.1655
16.072
3.2749
-24.186
-26.052
-40.64
-28.646
0.69278
NaN
NaN
NaN
NaN
NaN
NaN
-7.3132
-22.263
-22.675
-1.5061
-15.004
19.304
8.3282
6.3342
20.99
NaN
NaN
NaN
NaN
NaN
NaN
NaN
NaN
NaN
NaN
NaN
NaN
NaN
NaN
NaN
NaN
NaN
NaN
NaN
NaN
NaN
NaN
NaN
NaN
NaN
NaN
NaN
NaN
NaN
NaN
NaN
NaN
-9.1799
-26.953
-32.492
-6.1674
-7.9411
-1.1289
-37.204
-16.992
-1.8505
-45.262
-28.544
-21.255
9.7073
20.713
8.7017
-23.773
