-37.646
-16.592
9.1083
-6.3046
-0.83547
-5.6646
18.605
6.179
-12.049
-19.893
-16.279
-11.799
-5.5157
33.404
37.122
68.12
66.628
53.338
24.547
8.7656
8.9493
-15.369
-35.173
-27.857
-27.921
-33.605
-28.696
-9.2158
9.5838
5.0592
NaN
NaN
NaN
NaN
-6.6062
-17.638
0.72593
5.2382
6.6804
4.9895
-4.4357
6.3398
15.452
22.634
23.747
23.835
13.428
-9.4243
-8.3361
-23.452
-29.501
-5.3041
-15.221
-14.466
-31.209
18.03
41.283
57.877
30.598
14.303
5.7691
-19.007
-23.433
-6.5651
-7.2533
-8.6211
15.207
21.905
27.953
16.115
-4.0509
-17.569
-28.5
-32.147
-17.307
-29.843
-21.653
-2.3419
-5.7414
19.115
22.162
1.9354
-16.61
-5.4539
24.595
-3.0992
-8.7385
-0.18894
-4.2242
3.933
18.406
13.741
-12.628
-13.105
-12.166
8.2248
20.568
14.589
6.4445
18.21
-6.1811
-14.735
-3.3448
10.832
21.982
40.402
24.013
3.7388
-12.037
-4.7781
-13.777
-29.641
-13.048
NaN
NaN
NaN
NaN
NaN
NaN
-10.269
0.75868
19.797
5.5488
16.26
26.204
1.3412
-9.4959
9.9466
8.7002
20.247
13.463
-9.4168
-17.529
-15.492
-4.2015
9.9818
NaN
NaN
NaN
NaN
NaN
NaN
-44.779
-13.982
21.358
9.7457
7.4054
-1.8479
0.65432
NaN
NaN
NaN
NaN
NaN
NaN
NaN
NaN
6.4731
28.488
21.572
5.9733
-12.718
-2.5341
-7.9834
15.26
17.473
NaN
NaN
NaN
NaN
NaN
NaN
-7.9022
-24.484
-30.054
0.40331
34.498
50.05
46.456
21.304
12.112
-0.9399
-3.6338
4.9874
3.0775
-13.201
-6.4425
-12.466
-29.328
-31.184
-2.668
6.0183
NaN
NaN
NaN
NaN
NaN
NaN
-8.7587
-20.14
-15.151
-4.9657
-17.549
24.334
29.469
8.2693
7.8014
NaN
NaN
NaN
NaN
NaN
NaN
NaN
NaN
NaN
NaN
NaN
NaN
NaN
NaN
NaN
NaN
NaN
NaN
NaN
NaN
NaN
NaN
NaN
NaN
NaN
NaN
NaN
NaN
NaN
NaN
NaN
NaN
-20.228
-47.002
-42.887
-11.82
-11.63
12.222
12.957
21.58
33.131
-9.8307
-9.626
-20.094
-13.606
-13.79
-4.6024
-31.253
