31.117
-17.91
-72.673
-30.107
-39.843
-24.325
-103.61
-49.614
-31.233
-7.8669
-17.851
-82.464
-40.12
9.0901
-12.593
28.282
45.619
40.694
12.582
42.472
29.326
1.4691
-39.743
104.53
120.58
12.464
57.624
28.553
8.941
-11.831
-55.774
-60.884
57.845
-59.637
21.757
15.884
-57.723
-46.426
0.10536
33.092
32.687
-11.531
36.762
-11.875
-32.64
14.761
-46.553
0.55216
18.913
-40.747
-23.042
-7.7282
-42.483
-36.7
9.7289
-24.329
-10.465
6.0355
25.18
-16.029
70.566
27.85
50.786
19.922
3.4999
-15.59
-40.906
2.3049
7.5352
36.694
24.873
43.033
-20.007
-36.869
35.736
13.47
-84.772
-77.48
-1.2788
67.061
-42.676
-67.808
-31.808
18.797
102.55
20.384
-14.165
-4.2247
104.65
24.949
-27.896
-79.802
-24.84
40.117
-22.216
38.924
-6.1565
39.514
-53.819
-4.4456
19.692
-19.972
-32.483
-13.387
-14.575
6.2414
40.046
20.936
59.615
20.312
-12.268
-4.5326
-20.616
-50.854
-35.25
16.284
-9.7328
-55.223
-19.271
38.872
-22.542
-10.21
7.8648
33.146
2.2154
47.286
18.445
32.496
-32.814
-56.566
-36.646
11.144
49
10.633
36.94
-1.9312
-44.03
0.55346
4.4377
-20.99
-35.691
35.248
25.572
25.348
8.621
-31.417
44.564
50.827
28.701
13.935
-111.22
-8.3126
7.8653
-21.342
16.017
-12.663
9.5123
13.333
-16.036
-57.664
29.918
40.26
-7.7243
30.835
8.3692
2.2228
-41.287
-0.7019
-9.6345
-10.516
12.472
-3.496
-91.683
-15.353
15.928
-65.78
0.36847
-10.485
-30.435
2.8085
-7.2072
59.186
75.931
37.28
8.5612
36.852
8.6288
88.861
88.578
-58.038
-91.63
-20.987
-56.403
-1.6587
73.266
45.367
70.476
19.142
-57.927
-76.974
-46.924
-1.2578
66.402
11.278
-22.92
9.1228
-5.7046
-7.9654
10.573
-119.94
-40.609
-9.5536
34.435
-28.313
-35.473
43.943
-4.8597
-21.217
-33.001
45.727
24.696
42.748
45.952
3.2417
-2.8136
-26.62
-30.522
-12.845
-6.6978
19.468
36.263
35.57
15.442
-23.51
15.451
-46.372
-14.373
4.028
5.0838
41.138
12.233
15.844
23.316
18.879
-25.537
32.97
26.707
-87.56
-22.251
62.839
-17.166
64.131
-68.472
-81.942
23.911
-29.647
-26.453
46.904
10.105
-25.796
-9.5236
14.479
17.47
11.418
-51.071
-2.6805
-73.17
2.459
-14.831
-1.5832
10.109
52.255
15.046
52.026
54.195
10.445
19.558
-21.986
-4.7074
-32.275
20.987
14.07
-82.014
-8.0435
-15.997
15.183
-50.782
-43.255
-8.1602
57.792
20.602
17.742
24.473
-9.5978
10.498
15.381
34.699
65.588
51.352
18.671
0.55471
-44.089
7.5929
-27.796
-50.995
-16.291
22.267
-3.3719
10.117
-67.541
-67.116
10.991
84.734
-2.714
35.042
-51.102
-1.3948
-84.169
7.9741
24.809
9.4556
-3.5785
-112.18
-20.041
-54.104
-10.301
20.785
17.379
32.584
12.664
73.042
3.6654
-10.266
1.0332
8.9244
17.357
41.8
2.3772
59.184
51.7
55.103
96.951
-33.899
27.063
-25.66
-12.422
-5.8257
-44.78
52.493
-18.517
