46.663
18.322
-35.356
-43.55
-37.315
13.995
66.343
57.646
27.903
-13.368
-31.562
-27.123
3.4926
30.075
30.026
-11.784
-2.4918
18.324
28.413
70.342
22.321
-33.894
-1.5738
43.353
28.051
-49.896
-96.178
-44.356
-25.185
-21.713
16.838
20.707
32.109
11.628
-3.2573
16.903
37.292
-6.9677
-28.46
8.714
12.779
-53.181
-51.135
9.4126
42.93
-4.5747
-38.509
-60.392
-51.092
-6.2092
16.851
9.3834
3.5832
6.3157
29.366
30.633
25.499
10.105
9.2277
-0.88423
-5.8447
-6.3258
9.5397
21.237
32.624
54.31
62.917
41.564
42.456
6.3618
-30.766
-53.085
-22.769
16.736
-2.4139
-16.409
-30.467
-26.169
-63.602
-61.021
-32.488
-28.356
-40.889
-10.283
-5.5249
10.076
24.317
19.269
21.267
19.024
33.545
-6.6677
-34.647
-12.063
34.758
68.422
42.755
-44.866
-31.153
11.808
1.1529
-10.284
-17.543
5.1764
8.4899
24.189
-27.42
-39.399
25.721
45.055
59.753
44.638
46.026
29.262
41.654
-25.57
-31.133
7.6149
-15.675
-11.997
-71.437
-56.213
-27.454
-47.514
-6.696
1.0044
3.7012
7.897
21.622
-4.9325
-44.005
-29.017
-28.454
-14.928
-6.1631
-11.397
7.2153
27.229
39.436
18.496
8.6155
18.592
-29.128
-20.608
35.024
88.555
86.426
16.11
2.5927
4.5673
-32.896
-0.92766
15.397
-0.2021
17.399
5.6656
-8.144
-33.224
-59.401
-37.23
-19.052
5.0212
1.3494
8.3952
-5.7973
-32.848
2.0343
8.3123
7.9253
-12.707
-13.581
-46.493
NaN
NaN
NaN
NaN
NaN
NaN
-3.6272
-23.913
2.093
5.386
15.411
39.261
23.717
-25.653
-21.6
27.519
0.45023
-2.0613
35.862
6.3021
-33.712
-30.923
-0.34229
16.702
-35.781
-26.711
-1.5819
-7.4466
-16.86
2.391
41.852
52.024
15.929
-41.181
-45.227
0.8835
24.903
20.965
30.642
-51.597
-47.185
-9.9453
20.353
-10.338
0.67496
13.718
29.347
34.974
24.27
33.665
16.266
24.452
-9.3152
0.10063
-16.01
-84.604
-19.747
-23.29
48.767
-19.905
-12.179
-23.063
-7.17
18.988
-61.034
-24.582
20.723
6.8623
-22.481
18.278
2.2745
14.723
27.267
30.013
9.9761
16.141
17.481
22.622
2.5561
-22.379
-12.751
6.4325
40.864
35.17
14.954
-28.974
-33.839
-22.375
0.44011
18.26
12.836
-67.911
-88.899
-30.764
23.334
46.837
25.86
-3.8092
-16.223
-1.1411
20.107
38.699
32.94
35.279
27.857
-44.417
-44.941
7.9435
13.86
-29.016
-52.006
-37.443
-24.122
-4.8308
18.391
40.144
24.469
20.413
36.909
26.298
11.638
-4.5589
-17.552
-18.185
-24.861
-5.9457
-9.3278
-15.47
-43.685
4.9099
24.426
69.058
48.008
-10.289
-62.057
-75.554
-51.416
-10.726
21.682
45.75
46.253
39.583
20.742
28.385
16.053
2.5093
-11.604
-20.014
-3.062
31.528
50.717
-11.068
-33.733
-38.138
-30.512
-25.351
-21.629
-16.703
-6.6232
13.041
-5.4962
5.0676
14.206
-29.458
-45.153
