23.825
3.6265
41.711
8.3205
-16.028
39.256
84.963
6.7879
-50.153
-22.811
-51.741
-72.19
-40.082
-44.689
-33.926
-2.8947
-15.576
-20.093
-28.769
-23.517
14.629
-31.868
-31.051
-16.547
-2.7812
24.112
44.201
63.316
66.038
57.542
26.41
5.9597
10.637
19.882
1.8348
3.3868
18.83
-21.461
-5.1477
-7.1356
-5.0846
-0.39646
3.7836
10.442
-13.376
-33.047
-19.591
-18.619
-8.5075
-19.446
-12.321
-8.3751
1.1772
21.758
18.524
10.64
29.941
-2.4725
-16.43
43.35
40.983
-11.676
-15.35
-25.033
-44.189
-81.798
-54.928
26.231
26.12
-22.09
-12.881
1.0171
41.112
13.767
-49.226
-32.76
42.328
82.48
81.779
-2.8534
33.491
40.089
18.936
-27.76
-46.458
-66.97
-72.452
-31.629
-35.051
16.356
38.264
57.274
31.836
7.1101
23.415
0.65053
7.3597
-1.0369
-7.4921
-22.305
10.42
30.582
31.238
4.0574
-22.517
-38.298
-7.5599
-12.761
-14.932
-2.0928
-18.876
-11.213
-22.8
10.913
-13.643
-16.769
-8.8603
32.598
-0.84615
-37.94
-14.218
43.105
21.486
11.719
-67.293
-8.0314
5.7594
32.781
53.499
42.755
-30.818
18.9
13.301
9.4526
37.536
36.269
-20.881
-43.688
-63.169
-30.85
6.3767
16.974
28.169
-11.62
15.128
40.905
-47.138
-15.818
37.61
6.1693
11.289
9.0455
-4.7306
-24.045
-35.851
-9.5359
-6.1239
7.1207
7.1814
-10.962
-27.259
7.3227
20.283
13.613
-23.463
-7.8365
-2.1712
4.613
-31.165
-28.405
-18.512
16.6
10.849
-19.712
-11.476
29.636
52.483
34.887
-14.381
-2.8047
56.185
92.87
76.801
39.235
-4.155
-46.967
-97.597
-81.778
2.9722
5.1754
12.616
25.835
-45.439
-86.663
-32.62
-18.361
-44.441
-39.834
19.566
21.86
25.625
21.735
6.9771
52.997
26.63
20.026
32.412
43.558
12.371
5.1646
-4.6241
-12.304
-36.879
-20.079
19.824
21.74
-0.0053434
3.8616
10.254
-16.413
-1.299
11.748
-16.128
-21.472
-12.884
17.683
11.919
-33.217
-29.823
-34.396
-2.7921
19.992
-7.8282
-7.0224
3.0384
33.799
-14.545
-29.584
-26.554
-53.318
-37.42
-4.8713
-52.816
-46.309
39.756
45.468
69.218
118.76
151.54
102.56
61.197
13.463
4.2115
-30.775
-61.741
-26.534
22.235
-85.133
-102.08
-68.383
-88.779
-46.059
8.6577
48.787
38.134
12.41
25.151
-14.778
-42.687
3.3526
4.128
-40.089
-11.703
44.858
62.995
53.866
3.252
-19.174
-13.248
-4.4766
-5.7642
-5.833
28.436
-1.8853
0.18009
-9.6207
8.7306
11.312
-3.2601
-17.437
-7.0062
-19.439
11.127
5.1311
-38.367
-38.679
-22.344
5.9811
8.5639
-9.4955
32.37
67.14
18.12
22.372
71.244
114.47
70.611
-0.42114
-55.982
-34.988
-59.237
-127.94
-89.009
-44.808
-50.569
-18.455
28.826
85.07
30.328
16.98
16.228
8.7616
24.832
12.982
-29.942
-15.939
-23.862
-41.795
-11.96
12.137
22.725
-7.9146
14.127
19.037
13.795
-0.34031
-21.324
-8.2482
-33.583
-6.6755
10.308
15.141
21.437
22.423
8.1647
2.6466
-1.1238
20.145
20.139
11.862
