9.8356
60.007
-5.7643
-54.998
-46.081
-52.808
-0.25497
12.195
45.951
51.75
56.998
11.265
-39.577
-59.022
-29.222
0.91612
15.195
11.27
-1.0276
-9.2675
-10.625
18.945
30.144
22.37
3.2412
-33.898
-10.279
-31.938
-56.035
-24.994
0.87187
20.178
18.973
43.536
6.0137
-0.39618
1.9677
15.294
-10.221
53.015
56.717
0.63696
-10.786
-10.348
-18.218
21.955
-7.0598
-60.463
-35.621
-22.576
-19.733
-3.3347
43.005
37.815
26.591
28.754
-6.9378
-24.419
-10.894
-6.3069
-41.246
25.698
67.496
57.466
-23.245
-76.083
-59.187
-47.846
-29.543
-68.86
-18.022
23.676
78.346
70.211
72.909
26.85
-66.909
-44.971
-36.905
1.6113
33.216
-3.6155
-13.212
2.5636
-19.245
15.485
40.323
54.745
65.375
48.102
8.7942
-18.081
-18.597
-0.47168
6.4763
-14.935
-74.023
-44.929
-14.43
6.0338
18.002
30.602
-39.758
-51.019
-29.308
9.442
21.179
-5.5578
-2.6734
16.029
19.032
-6.9435
-0.52896
67.314
25.372
-31.764
-72.065
-36.119
3.8435
-6.4256
-18.978
1.7405
-16.704
13.677
11.58
39.64
52.17
32.771
-4.6649
-21.587
35.72
76.198
58.009
2.4597
-21.654
31.367
6.7475
-54.791
-53.215
-50.819
-64.616
-68.832
-63.62
-14.544
6.7956
20.92
42.118
43.964
18.288
20.824
13.568
39.54
28.974
15.807
-16.886
-16.406
-18.46
-7.5076
39.455
11.358
-17.573
-38.312
2.3467
6.0447
8.9122
-51.557
-32.811
-34.147
13.678
10.717
10.192
-10.22
5.3443
15.09
13.189
-47.576
-32.194
61.105
51.877
-17.844
-5.3023
4.0187
-14.881
10.771
36.787
11.862
57.025
26.906
29.683
25.358
-15.432
-27.869
-26.053
-16.108
-38.812
-27.525
6.174
-12.928
-12.758
14.743
-0.59624
-19.697
-20.887
10.167
9.1613
31.458
-21.582
-74.709
-91.853
-51.543
3.0989
51.302
6.4122
0.70052
37.08
30.363
52.005
24.959
25.233
12.736
38.489
30.728
42.585
38.79
14.332
4.144
12.883
-38.261
-82.159
-25.597
-17.24
-31.882
-27.426
-31.173
-20.86
-31.696
-19.244
3.5777
16.922
37.673
43.275
2.0447
-5.7061
3.0759
31.034
5.6928
-31.346
-5.3442
5.7366
-2.0437
-7.5009
23.369
13.712
28.403
30.843
13.883
7.6425
-3.9843
-19.093
-33.566
NaN
NaN
NaN
NaN
-31.625
33.372
24.191
23.119
-19.476
-14.143
0.066431
5.6358
7.4021
13.196
-22.421
-6.0415
19.61
68.605
69.957
19.309
-32.68
-39.655
-7.892
-4.8245
-7.7466
49.805
7.6794
-13.411
17.021
26.711
7.8037
-33.637
-14.923
46.001
20.118
-19.636
-37.747
1.1089
-29.797
-58.297
-83.631
-113.08
-71.066
-27.193
20.253
35.354
49.42
76.564
53.373
35.54
41.436
37.585
24.622
47.345
24.801
31.954
-31.992
-38.565
-15.328
29.026
-8.8752
9.5254
11.126
-42.258
-88.777
-69.681
-48.054
3.056
51.629
49.317
22.379
6.6363
