16.899
52.251
-14.309
-50.091
-52.741
-45.966
1.9775
5.6826
48.776
42.537
64.703
14.264
-36.743
-67.709
-33.463
-7.3364
8.6887
11.178
-4.441
-7.4008
-3.9837
33.908
42.27
31.544
6.9783
-30.208
2.3689
-29.59
-57.7
-26.612
1.2612
15.45
1.39
37.464
-1.878
-4.7579
-10.744
16.765
-9.4701
54.254
36.294
-8.2642
-7.3214
-14.835
-5.3958
24.502
3.3532
-57.478
-30.473
-14.47
-17.696
1.8484
38.351
41.271
25.37
21.927
-8.8545
-11.481
-17.731
-18.51
-37.379
38.464
62.642
54.684
-16.976
-57.506
-45.158
-37.667
-15.858
-56.925
-24.813
1.2576
63.197
50.606
43.918
11.464
-66.719
-36.343
-33.81
4.9664
36.348
-2.9102
-11.405
1.3564
-13.165
26.473
33.203
39.564
50.358
34.712
17.31
-9.0987
-22.343
11.857
12.364
-5.0515
-70.041
-30.988
-9.5778
2.7879
13.306
29.886
-24.855
-39.419
-27.797
10.186
16.332
-4.9464
-2.5741
15.592
21.319
-9.5619
-9.4629
62.426
21.395
-32.444
-66.646
-31.906
-16.657
-37.92
-8.5912
14.714
-12.824
22.358
-2.863
25.339
38.089
22.561
-10.109
-20.985
39.387
66.833
54.945
19.188
-2.1419
41.651
10.074
-42.641
-43.721
-40.247
-53.846
-52.119
-49.775
-12.982
-4.2614
6.8711
36.614
44.606
14.219
11.497
9.1042
33.005
27.98
3.3555
-37.783
-20.462
-13.179
2.2113
39.746
16.946
-12.272
-36.843
1.7669
5.4504
-4.2136
-55.828
-19.235
-40.432
13.41
11.364
12.493
-8.2562
7.0889
19.926
7.5124
-38.436
-21.134
46.817
48.275
-6.8021
3.891
8.3763
-21.758
3.9303
21.422
9.96
48.417
27.75
38.461
28.432
-3.5453
-22.181
-31.033
-11.068
-44.857
-13.015
8.0562
-21.44
-15.13
8.3148
-3.6705
-25.161
-28.133
10.116
9.9401
35.105
-20.1
-59.589
-84.829
-53.567
-3.3408
52.495
22.355
7.2362
27.004
20.17
37.692
15.339
24.6
5.4021
41.803
30.825
42.078
43.463
15.673
-8.8624
0.85981
-32.322
-63.301
-14.12
-32.604
-28.366
-29.93
-20.976
-12.93
-29.58
-10.332
12.505
18.032
37.498
37.298
14.137
5.9205
9.4457
42.243
3.1356
-35.306
-32.512
-19.636
-31.233
-18.25
21.01
11.095
25.136
29.538
28.329
15.224
-2.4073
-9.1973
-29.206
NaN
NaN
NaN
NaN
-15.49
14.565
11.662
21.882
-15.159
-15.125
-7.5059
6.8541
5.6406
29.946
-12.624
8.8462
20.658
62.209
52.082
12.942
-30.913
-38.795
-21.773
-1.9031
-13.418
38.738
17.355
-8.7023
6.4383
24.474
1.0037
-31.307
-29.05
22.71
11.189
-2.0121
-15.493
7.7945
-18.42
-36.487
-55.574
-84.611
-61.31
-29.792
12.25
11.144
39.674
64.47
38.376
30.527
27.902
33.01
26.594
45.285
15.018
24.781
-34.752
-25.944
-14.071
29.344
-8.8188
10.099
10.263
-37.712
-72.932
-53.15
-43.15
4.401
48.496
54.378
15.316
-3.8982
