-12.485
6.5659
7.2835
-13.048
-22.498
-13.052
-4.2473
2.2134
14.466
-49.465
-9.961
14.654
48.36
86.348
65.603
-6.1688
-4.1586
-24.368
-8.8989
15.049
4.5176
-20.858
1.5711
25.739
15.29
2.3242
-19.43
-36.19
-30.397
-48.989
11.974
24.74
24.387
-5.871
-7.303
16.941
21.688
-18.958
-36.363
-1.3972
24.725
-34.141
-48.378
-4.0893
29.814
30.05
-20.577
-58.213
-4.4473
8.7574
18.669
24.221
35.264
12.078
27.044
9.5397
17.631
27.961
27.942
-15.576
-55.947
-29.835
27.104
-13.291
-14.204
0.94213
-37.01
-15.614
7.574
-29.275
-14.611
17.54
67.773
81.668
53.337
-8.9285
-30.518
-0.52399
-22.909
-28.634
-11.795
-11.474
-21.506
-30.875
-32.342
-13.397
23.721
9.5872
20.588
15.143
8.4997
-23.236
-33.423
-14.001
20.08
49.381
28.981
-49.387
-52.194
3.9524
-4.3268
-6.6362
-7.4303
-8.1219
2.4302
31.852
7.5831
7.9549
41.979
23.093
44.419
40.999
57.531
23.049
27.349
-31.332
-15.373
22.773
-34.517
-74.846
-67.6
-17.231
2.8033
-73.545
-52.865
25.183
37.327
-5.8023
-37.591
-21.622
-0.96374
25.012
57.715
32.856
31.219
17.279
20.976
-3.5368
-16.875
-20.939
-48.76
-35.136
-36.468
-27.449
-1.7878
49.72
59.526
38.37
34.977
-4.7307
-26.505
16.905
29.457
14.923
50.446
4.3839
-6.0346
-25.781
-41.264
-36.03
6.1106
20.25
-1.5755
2.9959
-13.432
-14.003
8.9708
-0.88087
-3.4425
-20.735
-26.151
-49.381
NaN
NaN
NaN
NaN
NaN
NaN
25.628
-21.55
42.108
36.738
39.253
36.074
-2.8929
-36.236
12.997
44.488
55.932
53.777
20.695
-3.5142
-36.629
-60.011
-30.134
-21.35
-69.905
-44.254
-16.331
6.0985
-8.1021
-5.0938
27.94
36.899
25.569
-16.43
-17.543
16.196
9.9199
-2.3756
20.192
-5.2603
9.5122
-7.3912
-12.282
-32.118
4.7698
11.034
40.743
41.837
18.996
13.041
4.7335
53.166
13.67
6.8382
-21.651
-78.866
-33.66
-32.254
23.014
-50.536
-33.185
-34.699
-34.172
3.6583
-22.129
5.8322
6.9029
2.7576
22.749
40.755
35.925
46.043
23.394
-14.306
-23.52
44.167
68.315
2.1483
-15.646
-10.13
-23.775
-18.672
7.3163
26.784
4.9076
-5.1611
-8.6684
-24.36
5.7964
3.7941
-20.485
-67.52
-49.395
-5.0481
30.672
41.538
15.641
-12.652
-26.364
-5.2975
21.533
28.451
10.094
9.8342
6.8405
-37.02
-32.485
-2.8598
-1.1697
1.1681
-8.8077
-22.61
-28.004
32.785
3.0465
-8.5934
49.85
60.801
51.42
13.578
29.239
21.954
2.7647
-20.99
-24.672
-40.729
-31.559
-16.36
-3.6394
-6.8727
-7.325
35.395
-8.6753
-57.45
-89.111
-51.974
-2.842
11.851
10.924
51.993
37.524
28.384
16.923
37.197
18.493
18.92
-2.9435
-21.627
7.6893
25.289
36.102
-9.0365
-11.741
-10.591
-31.516
-14.577
-26.845
5.0052
15.427
27.467
-12.508
-9.6605
-9.6895
-21.608
-25.608
