-8.0591
21.816
-15.484
-57.303
-54.615
-4.5862
-4.502
-4.5017
10.885
22.897
14.568
49.327
20.117
-6.408
-28.68
8.1939
31.804
16.938
0.27963
-14.367
-0.78519
-1.2033
-23.712
11.189
15.53
-11.906
-15.449
-21.246
-19.366
-13.727
-17.176
-18.37
12.058
9.7498
6.8663
18.349
15.666
-0.68221
7.5495
-5.7857
-32.036
-7.4963
-3.2395
12.49
7.0487
22.028
26.516
35.992
49.605
24.866
24.316
-14.504
-61.15
-57.713
9.5944
36.932
17.366
-22.595
-35.97
-45.037
-46.314
-27.221
-6.196
22.216
3.9228
-20.789
-21.8
5.5011
-0.21829
29.466
35.959
25.438
23.687
13.118
19.893
19.301
25.591
46.403
26.722
-34.546
-34.399
9.7644
-10.823
-41.71
-35.323
-26.632
-24.45
-21.982
12.155
33.763
32.353
4.8286
-31.72
-13.604
-11.254
-3.1737
-1.2585
20.4
19.21
17.936
1.4256
-24.54
-30.683
-21.848
2.8604
22.162
29.536
18.971
11.616
7.7805
-3.4304
-10.378
11.14
26.117
16.391
2.4693
-2.6682
-6.1823
-20.336
-18.368
-17.703
-13.335
8.0246
-30.452
-22.489
-8.5518
3.698
17.677
23.16
-14.029
3.1034
19.508
24.675
0.74564
-31.916
-49.447
-9.8477
28.804
57.016
48.099
13.512
-24.522
-30.38
6.2758
-2.6511
-17.078
1.6929
30.936
4.2605
-7.7373
-13.094
-26.79
-28.586
-12.439
-22.756
-4.2867
14.212
30.899
46.998
40.399
-23.711
-32.238
18.951
13.45
13.652
10.707
1.907
5.7417
-26.074
-48.114
-38.569
-39.582
-17.049
-7.7601
3.7898
22.182
25.583
24.264
19.379
32.728
29.233
9.6519
11.426
7.95
5.2569
-6.1593
-59.827
-47.24
0.68817
8.0752
29.199
37.426
21.499
22.661
-9.1856
-37.048
-27.662
-12.936
-16.441
-32.032
-24.155
3.9083
12.642
-4.8162
-15.508
-1.4983
2.3991
0.91161
8.9904
15.76
37.391
49.594
40.807
-3.6679
-33.997
-6.7286
-3.3718
-3.4699
-1.0474
4.7749
47.538
27.693
-24.584
-32.28
-44.469
-17.414
-7.8564
4.5303
-29.52
-21.867
13.002
22.504
13.26
-11.62
-19.396
-2.9902
12.539
21.231
24.179
13.588
-8.0951
30.43
3.6671
-31.25
-43.381
-8.0175
-1.5297
15.965
29.688
24.222
5.1713
-3.5332
15.488
3.436
-7.7547
