28.478
40.334
-10.884
-16.575
-16.83
46.218
82.598
1.2589
-26.013
31.357
36.746
1.7349
-53.707
-71.648
-16.59
8.7053
39.792
-5.4578
-39.945
26.695
41.279
0.38873
38.373
71.259
49.925
-42.763
-95.265
-21.661
-7.614
13.741
9.9485
9.1656
21.395
6.6549
-18.672
-6.7727
10.531
3.1729
-4.6539
8.1583
13.536
-54.195
-71.32
-3.577
45.862
9.0868
-25.631
-66.885
-91.213
-15.122
20.031
26.214
14.245
6.7443
20.827
22.274
32.688
14.885
8.7229
-11.643
-3.0307
11.107
-7.2352
-1.0037
50.693
85.404
95.332
70.805
72.205
20.065
-13.011
-62.514
-77.202
-41.958
-3.0825
16.437
-46.121
-50.765
-59.809
-73.775
-62.186
-62.137
-55.442
6.3871
31.981
31.342
21.93
2.5742
23.404
17.278
45.638
1.2591
-25.818
12.606
38.777
56.776
41.872
-31.25
-17.615
2.1044
-9.5526
-26.179
-22.586
15.38
9.1064
23.618
17.134
-10.65
15.936
24.934
39.61
15.319
20.816
23.901
32.515
-25.011
-55.08
-9.6619
32.892
71.581
-13.095
-55.805
-55.481
-61.25
-38.611
-60.671
-30.757
-12.939
19.714
22.521
-32.538
-58.579
-14.138
-6.8469
-42.112
-21.687
10.68
62.591
107.51
86.117
54.398
59.101
-33.934
-50.659
17.348
44.939
47.368
21.977
-4.3749
-13.57
-57.395
-30.311
7.3803
-14.79
-6.4501
11.157
17.061
-5.2746
-42.83
-23.494
-27.825
8.1147
0.77538
6.9069
4.0437
-8.7896
3.6665
7.7452
15.528
-3.4687
4.6627
-37.535
NaN
NaN
NaN
NaN
NaN
NaN
-15.484
-35.595
15.029
61.259
42.372
48.654
52.846
-6.5733
-16.386
19.811
-39.853
-81.49
12.625
43.176
11.678
-23.947
-32.131
-5.8075
-18.306
31.648
8.3147
-28.398
-23.115
21.349
33.047
33.187
18.917
-37.981
-38.361
-12.082
19.767
6.7794
31.227
-43.998
-44.165
-2.2683
41.342
-3.9622
-21.866
5.4873
17.771
10.417
-0.64729
47.104
36.151
12.032
-22.823
7.5165
-14.846
-62.003
-35.641
-46.601
40.39
47.307
66.02
-3.6061
-38.629
-5.143
-22.587
-40.86
-8.744
0.84162
-28.386
17.588
9.7088
8.0238
19.185
8.9499
12.291
31.498
-8.3552
-20.388
-1.6718
-3.9687
-6.3288
9.9392
31.996
34.691
34.109
-6.2692
-30.06
-25.697
9.8178
3.3106
8.435
-50.953
-62.642
-32.501
25.777
36.376
12.553
-19.301
-19.122
-3.1692
11.081
34.509
33.92
41.608
25.109
-36.819
-31.239
-7.3466
8.1935
-30.649
-18.562
-10.548
4.5656
12.68
48.277
62.613
30.435
-54.717
-33.207
-14.572
-15.404
-51.961
-47.055
-31.949
-2.2518
41.537
47.376
30.795
-19.899
-2.2976
-10.107
24.441
10.657
33.469
17.104
-23.415
-35.208
-0.90438
-3.8401
9.0403
15.513
46.329
22.251
-4.8197
-1.7636
2.4807
-1.4196
-13.584
-2.9581
25.79
56.863
2.1833
-39.496
-71.46
-50.652
-24.515
4.3454
-2.2702
-8.5751
21.05
-17.097
-11.194
-3.9492
-20.705
-27.675
