14.253
15.776
3.2189
2.7831
26.642
30.906
-20.837
-12.943
-16.52
2.7015
9.7003
-7.3185
-50.765
-32.408
-38.755
-16.42
9.1886
30.082
14.495
-4.3091
-1.3585
9.3907
7.0071
-29.74
4.1639
-5.3907
21.187
6.9729
29.849
18.331
11.051
-35.876
17.578
23.655
28.067
19.066
34.995
10.224
-9.7224
-11.978
-11.605
-4.0059
-7.4442
-39.885
-8.5142
12.504
-19.575
-47.391
-55.237
-16.255
-11.597
-19.051
0.36351
21.007
36.804
8.0693
29.378
12.023
45.029
15.34
33.847
11.316
-11.86
-7.2609
-10.023
-4.1273
15.517
-18.572
-29.768
-14.017
-9.9738
5.5939
-22.164
-20.669
37.022
-7.7477
5.2507
-20.31
-11.528
-25.87
-0.85006
-27.357
-18.071
6.1917
15.093
51.111
42.325
36.516
26.056
39.444
22.1
14.222
2.5117
-14.965
-3.7556
2.2653
-15.688
-23.423
-30.718
-31.881
-22.636
-30.481
-33.358
-19.981
-11.606
-19.195
-19.262
4.1135
11.072
-1.4828
7.8236
15.23
34.883
46.986
45.785
7.4396
-1.1344
-19.994
12.901
-20.689
1.1388
2.6652
15.29
30.877
9.1516
5.7591
1.6862
-1.2597
-3.1566
-1.5395
-56.718
-32.248
9.4286
8.4986
-8.9903
10.247
18.513
-8.1668
-13.106
-4.8264
-1.7196
-9.9485
-19.367
NaN
NaN
NaN
NaN
9.1881
5.9123
-17.728
-25.505
-15.992
-18
-27.151
-9.453
-9.7964
-16.432
4.7574
10.042
-3.9599
17.073
54.878
41.972
13.609
3.3576
-5.7863
21.396
-10.634
-7.5369
1.6992
22.176
-7.9168
6.4458
16.248
2.36
-14.831
29.233
34.315
18.105
-29.182
-21.73
-25.195
-24.997
-76.159
-2.0935
-68.032
-27.09
-4.1429
23.777
-7.3651
-0.80679
-28.209
-0.73608
35.914
45.244
38.031
1.8024
25.427
0.9774
15.509
27.371
-7.7034
-44.677
13.236
35.595
13.041
26.54
20.712
16.899
20.732
-38.434
-22.167
-22.588
-84.247
4.294
-7.6335
22.682
3.9124
33.984
27.787
21.727
5.2591
5.8036
-9.1101
-29.489
-43.656
-76.133
-117.5
-25.853
22.909
71.859
56.304
57.548
6.0082
15.567
-4.0573
-40.154
-11.699
10.638
31.914
5.0216
12.75
6.8367
12.543
-16.696
-0.51815
6.8577
7.2594
1.4072
-33.614
23.673
-13.511
18.372
-6.5381
-34.81
