-27.256
2.9558
-0.94017
15.026
8.8484
5.8703
20.617
20.289
-8.6056
-28.927
-27.627
1.9606
16.259
24.134
7.176
13.8
16.496
14.965
15.489
9.0956
-19.291
-37.746
-40.48
-37.908
-60.384
-14.453
28.888
14.556
9.4613
16.368
12.926
16.009
13.238
9.2193
5.6142
11.961
21.163
6.2144
-21.164
0.13852
-2.3741
13.902
5.298
14.809
1.5447
-5.4176
-14.648
-22.093
-18.606
4.5607
-8.2405
-9.9321
-18.699
-9.9655
-14.997
-16.339
1.8158
10.391
27.249
10.498
22.996
31.944
22.923
8.006
-0.16076
-8.2825
-23.202
-34.497
-32.999
-10.281
14.788
-3.1918
16.993
7.2447
1.0383
4.9086
2.5726
3.3088
8.6435
4.005
-5.329
-0.87879
7.3697
4.706
7.0999
13.387
9.9981
-9.4064
-6.5904
-4.4665
-7.1096
-0.21989
-1.0268
-6.5987
-26.144
-13.447
7.7111
-12.362
-4.0836
11.839
25.906
11.926
-2.9119
-27.38
-15.11
-17.733
-23.33
-1.2156
43.577
45.684
39.054
28.556
-7.4117
-43.395
-36.266
-36.208
-3.2243
2.9472
33.712
18.236
-1.5431
NaN
NaN
NaN
NaN
NaN
-11.714
8.4011
18.983
17.48
18.896
-1.7837
2.7315
11.572
-3.6893
-10.326
-22.86
-32.936
-10.166
-13.285
-18.018
39.77
22.923
16.649
-0.64917
0.85885
15.015
12.282
-19.944
-28.963
-18.908
-20.215
-2.6132
14.986
14.506
NaN
NaN
NaN
NaN
NaN
NaN
NaN
NaN
-24.518
-3.4251
8.1791
24.819
21.523
30.567
33.176
0.3452
-10.033
13.369
9.6307
-0.72147
-3.273
-15.522
-28.73
-3.4945
4.8941
-13.666
-7.9881
13.887
31.326
26.717
16.096
9.511
-2.6984
-9.0403
-2.3304
-20.67
-24.171
-25.244
-12.134
-5.4387
-14.821
-5.5771
-5.0018
-1.7845
9.3826
11.503
-17.391
-19.118
-16.606
-8.3077
-11.706
2.0853
18.408
17.663
25.39
1.7668
25.608
37.112
48.301
34.75
10.321
8.4292
-5.4959
-11.477
-16.555
-21.045
-15.667
-11.081
-24.504
-9.8359
-17.246
10.672
8.438
-9.1196
-24.483
-45.895
-32.117
8.8485
24.36
14.401
11.717
0.70766
-5.4667
13.526
19.037
8.0219
23.648
20.251
11.648
-5.7842
-6.428
-15.072
-22.548
-23.981
13.831
