-11.101
2.2756
-8.0012
-6.3786
-1.3151
19.772
3.8843
-31.631
-15.316
9.3036
30.282
1.9383
6.3603
12.309
5.2265
0.48841
14.867
7.0658
1.9616
14.81
22.397
2.089
-10.791
-33.238
-21.291
-2.6547
7.5949
27.601
30.799
-12.879
-31.693
-14.783
-17.795
1.2253
14.208
-4.0509
-4.3682
-13.636
-7.1845
-0.92393
4.0128
7.1429
8.8823
0.57701
-10.799
-10.747
-7.7824
-17.099
-6.1092
2.3339
14.274
24.209
13.181
-32.718
-15.564
-8.0037
-2.1712
17.735
26.484
11.074
8.2513
24.59
27.636
9.7832
2.1653
12.684
1.8792
-10.491
0.74758
-10.186
-2.1722
-39.146
-19.393
-1.0451
-2.6619
-29.963
-9.0797
13.33
NaN
NaN
NaN
NaN
NaN
NaN
NaN
NaN
NaN
4.3831
18.692
9.2367
5.3152
22.311
33.502
-15.545
-12.015
6.2139
-0.58868
-21.009
-25.399
-61.418
-41.771
-8.1272
6.079
16.122
23.525
18.254
24.207
12.193
28.791
26.152
20.683
12.335
-12.704
-14.467
-4.9654
-1.1444
14.797
-0.57136
1.2177
12.78
-1.4152
9.0899
3.7736
14.193
-5.6934
-20.105
-35.123
-13.683
-6.1055
-10.687
-10.912
-13.54
5.3713
-14.205
-5.7177
-35.549
-15.08
9.9745
7.1755
-20.701
-19.537
-5.0391
-1.0915
15.414
20.526
27.204
27.356
9.3303
-3.0575
-2.7153
10.303
31.784
37.802
40.158
28.265
0.63918
-3.6506
-24.531
-13.318
1.1733
13.136
15.518
25.82
14.767
-6.2786
-13.585
-21.833
-26.447
-20.995
-39.591
-41.381
-52.579
-35.826
-31.932
-15.655
-6.9398
-15.944
-14.924
-20.804
-6.4985
25.805
42.393
42.38
34.8
41.835
30.878
34.161
27.001
11.243
22.396
18.684
33.306
23.597
-3.8129
-22.778
-39.082
-31.335
-19.394
-14.25
-14.63
-2.5326
0.84603
15.156
12.616
-3.963
-13.715
-9.4827
-11.091
-28.951
-13.394
1.4167
-0.22779
2.0399
18.72
16.331
NaN
NaN
NaN
NaN
8.0723
2.2789
-6.0859
-2.1497
-9.9272
7.9658
35.958
36.798
27.877
8.1318
0.99144
-5.8353
12.837
-11.96
-25.488
14.167
23.757
13.719
20.103
24.759
31.084
15.204
-4.5586
5.6941
-20.866
-41.498
-61.613
-41.585
-25.797
-17.042
15.083
NaN
NaN
NaN
NaN
NaN
NaN
NaN
NaN
NaN
NaN
NaN
NaN
