-52.927
11.936
-9.0296
46.889
7.6062
12.294
-38.383
17.536
13.535
-6.4696
-0.50434
18.896
12.139
-7.0628
6.2593
-6.425
-35.043
-3.9039
7.4413
7.866
-2.5506
4.997
-31.083
30.383
29.772
-3.0924
14.338
33.782
9.0106
-5.1655
13.387
4.5641
11.037
13.139
-33.1
0.121
-25.088
-8.5182
-17.359
-27.776
26.223
-6.389
6.3173
-51.093
17.365
3.8761
4.1726
-24.23
41.203
17.125
15.915
-5.2328
-7.0802
13.812
-18.999
-43.371
6.6223
-31.848
-19.445
11.579
4.5456
-0.57558
7.771
3.5993
-9.5936
3.3124
2.3702
68.83
-29.084
11.161
-20.825
-6.9006
15.284
-12.067
36.369
27.468
-25.665
-12.324
23.654
3.2289
-5.2709
22.099
10.487
10.278
-7.3599
17.205
-12.088
9.0625
3.4673
-4.4883
-4.4232
-13.436
-0.88465
4.625
-6.764
-34.622
-25.634
-48.308
-31.213
-24.915
-6.6002
3.4724
11.55
12.359
12.081
-1.4812
2.7817
-17.282
18.47
17.791
17.147
18.789
20.984
19.621
4.9297
-4.5539
39.85
24.902
1.4282
-12.914
24.205
NaN
NaN
NaN
NaN
NaN
5.5378
-2.5044
-1.969
-18.299
0.053315
-19.539
-34.298
-26.53
-6.5034
-2.5738
-2.1334
6.2222
13.605
13.949
-5.0648
-12.079
-2.4905
5.999
-0.67973
6.1615
23.135
21.894
4.7011
-4.296
24.817
1.6792
-60.123
25.722
40.091
NaN
NaN
NaN
NaN
NaN
NaN
NaN
NaN
-20.787
-10.846
-8.4174
-5.3594
-11.671
-9.3763
-5.6
0.78712
13.03
7.5089
4.7532
-35.437
4.2393
-13.854
-20.123
-0.18102
17.742
14.909
16.076
53.953
6.9612
-14.259
-4.2032
5.7164
-0.25427
9.3064
29.074
-2.2465
10.098
18.614
38.107
-50.702
-31.704
18.805
-4.6931
2.8946
-24.017
-4.7925
20.118
-18.391
-38.301
-1.7291
7.9899
-7.9108
-20.271
24.25
-64.585
-21.326
26.665
12.964
29.132
7.2166
-23.12
1.9263
-25.122
-24.303
6.9651
6.5176
51.025
18.973
-21.611
27.117
-8.6466
8.8955
6.5132
-4.9372
-0.48781
20.071
12.913
-4.8
34.452
27.685
12.929
-1.4022
21.408
15.232
-6.4804
-32.663
-29.696
-44.07
-7.3251
-39.659
-22.877
17.145
-2.5991
-18.667
18.124
