-54.805
-5.4463
12.897
17.763
21.835
-13.114
5.33
38.123
-20.742
-7.0358
13.83
5.4085
7.5831
21.511
-12.271
2.9943
21.169
-19.324
8.8668
42.963
23.002
-2.4021
37.086
-2.1259
-16.776
-0.92224
4.398
-27.315
2.5115
13.784
-25.242
-7.3168
-8.6287
39.571
-33.348
-24.383
-43.261
-16.815
15.721
2.9926
-14.965
-7.9944
9.4156
21.921
-33.735
-21.383
NaN
NaN
NaN
NaN
NaN
7.1055
-4.1653
29.898
54.558
12.868
7.1126
-33.247
-18.339
15.834
22.704
7.1995
49.004
20.113
27.718
-20.206
-33.114
-7.2544
17.971
-16.244
-18.145
7.5606
25.163
-20.304
23.912
-15.108
-25.012
-54.235
-2.8942
34.589
-17.464
-17.26
8.0551
20.505
-6.9505
-4.2849
-18.65
-24.592
16.364
-10.8
-30.458
-6.0549
-47.598
25.918
14.638
21.869
16.869
-12.041
38.339
7.7241
-35.157
21.821
9.9928
5.7462
39.563
22.018
24.263
35.766
16.206
-24.289
31.391
-10.161
-25.76
5.4748
-25.345
-54.159
4.074
8.3588
2.3497
-3.537
-18.66
-28.777
7.1855
-13.888
-12.042
0.96254
-15.57
-11.497
14.352
-14.52
10.499
-15.83
0.35574
25.741
5.0507
-0.30341
-8.5894
-12.616
-25.215
5.7108
16.378
NaN
NaN
NaN
NaN
44.784
18.249
33.786
25.988
15.628
4.7962
-17.038
10.278
9.772
63.382
-133.18
-22.616
13.153
1.0947
-51.917
33.996
-5.9339
-7.3139
8.8951
2.3562
-2.5744
-10.026
-71.038
3.3752
25.18
15.799
-26.759
-12.643
8.0548
-5.2537
-28.817
27.133
-7.6008
-12.533
-6.7433
26.061
27.108
20.04
12.835
22.342
22.038
23.633
17.109
-27.628
-8.925
45.647
8.9127
-23.929
0.33211
18.885
27.48
16.491
-45.598
-38.746
-33.925
-67.192
-25.754
9.5603
5.2212
-0.19929
-2.8098
-15.944
-0.095766
0.94312
27.368
14.33
35.123
-1.2043
0.60442
-5.0587
-10.455
13.924
16.532
-41.992
2.2672
1.8835
12.985
5.2406
19.781
-0.1029
-35.554
-41.946
32.928
38.278
8.0835
-0.83469
2.0601
47.386
18.821
-3.3874
7.4281
-30.844
-7.885
9.2141
-0.56719
2.9451
-27.819
6.0795
NaN
NaN
NaN
NaN
NaN
NaN
NaN
