-10.285
7.8247
-1.0074
5.8364
-4.8678
-0.5748
12.456
17.039
26.423
6.068
-6.3305
-18.505
0.029489
-0.20998
-3.6597
-6.0232
-9.7038
-14.64
-18.442
0.26779
-7.9036
-13.303
-9.5626
3.9669
4.5899
14.665
12.546
-1.5835
4.2311
-4.8508
10.287
11.75
10.522
4.4188
7.1071
6.1171
3.5537
9.2465
9.331
1.4288
-6.5468
-3.4065
-26.05
-11.308
-2.9321
-0.83137
-3.7291
-15.488
-9.3339
-1.1873
2.4498
2.2759
-9.7752
1.6159
11.467
10.887
7.587
-5.1927
11.218
0.018151
13.438
-9.3638
-2.6444
2.7286
-22.786
4.7922
1.2323
2.5392
13.714
3.2797
1.6409
-8.1454
-12.346
-6.6227
0.73535
6.9146
14.425
13.086
5.8395
-14.797
2.3083
-8.6287
0.98472
-1.4223
4.8083
6.8546
-11.862
9.3589
-0.64157
-10.493
5.1359
-5.6334
-6.1028
-15.38
-10.257
-0.88625
12.223
4.4998
-1.2517
-1.7848
-6.2788
-0.3871
-0.64882
-5.731
0.13414
15.16
18.269
13.375
7.6659
12.245
14.735
7.9561
-12.994
-10.684
-15.276
-8.7937
-3.8168
-2.1331
-11.553
-15.303
-7.8392
0.25383
-6.7289
1.9147
2.4375
12.914
-1.0373
7.0076
2.2752
2.2743
5.432
11.389
4.3296
20.666
-3.4814
-7.2091
-9.821
6.153
-7.3226
-4.966
-8.394
5.6356
-0.98636
NaN
NaN
NaN
NaN
-1.9199
12.902
-1.9232
-5.489
4.5838
14.878
-2.079
1.3925
6.1277
4.6863
8.0863
11.419
7.3275
2.7014
-3.4205
6.7647
-13.932
-18.138
-10.666
-2.4566
7.3242
1.5463
-4.8273
-0.40981
-5.4791
4.1495
0.23845
7.6324
12.98
-7.0734
-14.507
-6.1729
-15.62
1.9093
-9.0327
-7.5501
22.515
16.095
-0.99846
-5.45
-10.648
15.634
12.838
5.784
10.433
16.149
19.112
-11.849
-12.808
-4.1762
-10.827
2.039
-3.337
-13.782
-18.676
1.3079
-4.8541
-1.071
-2.7417
3.6139
-0.83815
8.0496
-2.5907
-3.5068
-4.9411
-0.67221
9.2436
-5.9848
-3.2808
-0.81188
15.119
11.202
12.021
4.3787
9.3498
2.4824
-0.13245
-9.8386
7.4733
-7.8922
1.1723
8.5849
-9.0812
-2.9795
-13.783
-12.695
-3.4348
-10.254
-2.6427
9.6628
1.826
-7.396
7.9583
-11.285
10.232
6.1418
-4.0838
5.6101
11.545
4.1177
-0.45586
4.4648
-9.1205
-2.0192
8.7259
-24.432
-6.1453
13.78
