-21.939
5.4747
-6.6171
-19.242
-9.7116
-9.5325
-4.0774
0.02252
-4.4905
-30.211
-2.9695
-1.1417
14.567
14.553
-1.9638
10.297
27.757
7.0718
1.0063
15.407
-9.4045
-28.101
-13.239
-42.24
-32.702
1.2326
6.6655
32.69
27.531
0.50707
-3.3505
-48.183
-9.0183
1.8501
3.2949
18.319
23.809
16.057
4.2225
24.072
0.84703
18.25
3.9259
13.614
14.928
33.391
-5.0504
-1.2587
-35.221
-40.691
-38.707
-35.287
-20.366
-8.893
4.487
14.777
15.996
23.902
8.4766
0.38177
14.947
12.289
0.012212
6.9032
-10.919
-19.589
-10.574
-33.457
-18.232
-7.3814
-0.50895
5.079
9.8617
25.521
-6.0219
-0.6301
15.279
14.367
6.3335
11.394
10.218
11.598
8.2646
-1.711
4.3558
19.112
5.0173
-2.0613
-10.201
3.8394
15.218
6.6327
-13.293
-18.121
-27.739
0.3048
-2.4881
-17.398
-9.5311
2.6269
18.018
-23.326
-25.81
-38.615
-18.833
-15.966
-7.0871
20.82
27.279
30.948
16.159
11.627
-7.3568
-31.911
-7.5078
-5.6065
20.557
13.285
39.382
20.776
-4.5153
NaN
NaN
NaN
NaN
NaN
7.0672
-0.22685
33.606
16.767
-8.6337
-3.2975
16.592
18.178
-2.3274
-35.383
-37.793
-24.801
-12.654
-5.4514
6.7652
2.6854
-4.8601
-11.956
-24.532
-25.704
12.327
-5.4959
-15.211
-0.97982
-7.168
-1.8507
10.339
-2.1943
-0.25831
NaN
NaN
NaN
NaN
NaN
NaN
NaN
NaN
15.693
16.324
18.272
11.228
8.2638
40.002
30.209
-3.7863
-27.328
-12.325
-3.079
-0.30217
-3.2051
0.18561
-1.1205
2.5027
-1.063
-8.0386
-27.768
-10.844
3.3135
0.69084
-3.8301
-0.75092
-3.4951
-9.3269
-25.811
-10.47
-25.69
-26.47
-25.873
-4.7011
9.731
12.195
23.717
12.201
18.757
5.7797
5.9806
-7.501
17.563
2.5205
6.1385
25.337
7.7733
10.001
37.066
10.681
0.48349
4.8222
-18.986
-11.398
1.5452
3.1363
6.9062
10.353
-12.133
-9.3874
-2.6578
0.34814
-21.402
-12.681
7.0126
7.4826
-16.307
-20.76
-2.6709
-26.649
-12.709
-15.075
-13.815
-30.452
-13.935
-12.795
-3.9152
24.51
32.499
47.065
40.325
22.221
7.3644
9.3482
13.224
13.586
-5.2875
2.8878
2.1912
