-28.091
10.078
5.4671
15.606
3.9098
7.8795
25.666
25.727
30.862
14.953
15.917
23.196
28.403
25.027
-1.2796
6.736
26.014
-1.0761
16.891
39.49
14.825
19.849
9.9014
-37.352
5.5401
0.25256
-20.145
-2.746
-11.32
1.0323
-0.0046231
-39.64
-1.6341
-35.5
-25.832
-17.239
-25.334
-13.517
-9.6103
-17.331
-34.189
10.36
-16.53
3.6952
8.0497
7.2808
-16.219
-16.471
-12.055
5.6911
11.13
-9.1226
5.5735
21.651
17.679
12.147
9.3824
15.678
48.72
18.432
28.094
1.988
-4.3108
22.606
-3.513
20.734
28.912
26.819
33.984
-19.569
6.0157
6.5851
4.7886
19.946
-2.0101
-6.9062
-27.111
-36.823
-37.559
-17.807
-27.906
-40.196
-31.485
-17.019
-14.289
-31.568
-20.909
-23.423
-24.98
-15.385
-2.6527
-6.1839
-9.0813
30.418
13.044
25.362
41.95
40.107
45.457
2.5406
-7.0954
15.23
12.37
-16.105
24.961
11.526
-0.94874
0.87116
-0.29376
1.7455
3.9381
11.585
31.386
33.506
43.575
14.035
-12.025
-0.3558
-4.1412
-20.051
-12.055
NaN
NaN
NaN
NaN
NaN
-42.61
-26.478
-25.521
-33.814
-8.1686
3.0788
15.998
11.992
20.332
2.3221
19.196
-16.287
7.4449
4.743
2.3397
-27.76
-21.72
7.8222
17.133
18.997
20.71
27.147
35.809
50.135
35.03
41.669
30.876
10.865
12.207
NaN
NaN
NaN
NaN
NaN
NaN
NaN
NaN
-25.991
-12.192
2.623
23.511
14.06
9.8323
-25.103
-22.836
-18.005
-13.392
10.544
49.664
38.993
54.984
50.046
36.081
28.626
-0.69337
-12.863
-21.419
-15.473
-19.651
-0.6648
15.588
21.681
4.241
-8.1479
-11.349
-9.3475
2.4074
-12.9
0.61805
-38.31
-27.502
4.8457
-35.737
-4.1586
-9.8482
-11.042
9.0332
-10.022
-8.4148
-1.2691
14.805
18.872
9.5624
19.71
-39.704
-19.062
-2.0289
-18.41
2.0918
13.8
26.48
29.256
51.594
11.211
2.5287
11.15
13.23
-14.174
16.623
-1.0043
24.403
15.874
21.486
27.888
21.107
8.2511
-43.171
-38.88
-10.754
-19.611
10.776
-11.164
-46.173
-20.5
-4.1912
14.979
-13.244
-23.856
-18.879
-27.823
-19.098
-20.464
-34.648
-14.441
