NaN
NaN
NaN
NaN
NaN
NaN
NaN
NaN
NaN
NaN
NaN
NaN
NaN
NaN
NaN
NaN
NaN
NaN
NaN
NaN
NaN
NaN
NaN
NaN
NaN
NaN
NaN
NaN
NaN
NaN
-7.3928
-10.783
-15.561
-0.37312
1.7713
11.99
18.102
20.332
5.0847
2.0325
-9.7245
0.41741
-3.2943
12.749
11.456
-9.162
-15.69
-16.708
-1.0726
11.937
20.656
21.416
18.405
-10.156
2.8249
14.698
12.767
NaN
NaN
NaN
NaN
NaN
NaN
NaN
NaN
NaN
NaN
NaN
NaN
NaN
NaN
NaN
NaN
NaN
NaN
NaN
NaN
NaN
NaN
NaN
NaN
NaN
NaN
NaN
NaN
NaN
NaN
NaN
7.4246
-3.157
5.3316
-8.9143
-3.2267
3.3722
9.829
18.682
17.544
1.244
12.467
-2.3592
-4.6359
1.8766
-15.496
-12.516
-4.8023
-15.425
-8.506
4.5557
-17.675
9.1803
6.9543
-5.7373
-24.771
-23.184
-13.958
-13.27
4.3435
22.677
NaN
NaN
NaN
NaN
NaN
NaN
NaN
NaN
NaN
NaN
NaN
NaN
NaN
NaN
NaN
NaN
NaN
NaN
NaN
NaN
NaN
NaN
NaN
NaN
NaN
NaN
NaN
6.9889
-3.8529
20.708
34.899
7.9349
-4.9094
1.4396
12.924
7.3497
1.441
-4.7354
-13.067
-9.4323
0.78515
-0.41431
-10.08
-6.5262
-11.174
10.005
13.403
10.873
16.289
-15.707
-14.216
-11.984
-11.763
-18.279
-23.816
20.85
NaN
NaN
NaN
NaN
NaN
NaN
NaN
NaN
NaN
NaN
NaN
NaN
NaN
NaN
NaN
NaN
NaN
NaN
NaN
NaN
NaN
NaN
NaN
NaN
NaN
NaN
NaN
NaN
NaN
NaN
-13.396
-0.26105
4.4706
0.83651
-7.278
-9.7854
-0.86846
10.479
15.322
-11.712
-4.3438
-16.995
-2.2732
-9.4561
1.4135
8.7433
-15.022
9.2004
0.45153
-11.17
-16.79
-14.701
24.011
9.4989
0.37522
7.8492
1.1397
1.8283
-4.7156
-10.517
9.4716
-13.861
-6.973
3.1215
34.417
19.046
7.5622
3.3888
4.4568
-2.6881
0.60635
-2.7544
11.022
17.996
19.167
10.252
NaN
NaN
NaN
NaN
NaN
NaN
NaN
NaN
NaN
NaN
NaN
NaN
NaN
NaN
NaN
NaN
NaN
NaN
NaN
NaN
NaN
NaN
NaN
NaN
NaN
NaN
NaN
NaN
-0.49191
1.2454
-0.19992
11.607
13.041
27.752
9.0812
1.2982
-19.181
-16.52
-26.298
-4.89
4.2317
2.4101
-8.8098
12.404
0.52062
18.421
18.33
-7.2256
-7.7075
-11.79
2.6218
14.39
24.254
34.125
18.384
-35.496
-39.111
-34.717
-30.282
-22.568
-34.738
-43.36
-8.0999
14.195
NaN
NaN
NaN
NaN
NaN
NaN
NaN
NaN
NaN
NaN
NaN
NaN
NaN
NaN
NaN
NaN
NaN
NaN
NaN
NaN
NaN
NaN
NaN
NaN
NaN
NaN
NaN
NaN
13.349
16.296
-4.9658
-12.014
9.556
18.344
33.266
5.2391
13.061
18.176
4.0117
0.6014
-2.2456
-7.7492
5.4297
1.9758
3.4079
4.1787
2.9333
0.52894
29.035
-3.5269
-6.8932
-12.98
-35.832
-16.212
6.8414
0.97224
-23.617
-25.41
-24.187
0.58797
26.9
NaN
