6.6443
-2.4608
24.484
31.185
-2.6055
-20.262
-5.1087
1.3823
34.566
16.726
6.8043
-19.646
-20.662
-31.899
-30.624
-17.348
-19.056
-29.285
-31.033
-8.4181
-3.8237
-13.673
-29.24
-20.617
-5.59
-11.072
1.0342
15.614
11.834
0.64333
14.953
5.4245
13.781
42.6
45.741
35.329
34.467
9.6251
4.8517
6.1165
11.16
-11.016
-5.8618
11.727
10.175
13.555
13.329
22.214
16.243
6.4098
-0.81223
-30.143
-13.309
3.0798
-13.814
-12.71
-9.7592
-15.3
-8.3667
-2.3211
-10.942
-16.976
-28.042
-32.296
-32.316
-15.537
-27.343
-30.505
-10.821
-7.6801
-5.2173
7.9102
3.0794
1.9688
12.38
12.021
18.732
20.854
13.711
1.6794
1.0548
5.2728
10.198
6.0171
25.715
32.759
15.003
-2.7293
11.664
20.691
21.473
17.451
15.233
11.983
17.953
20.169
22.784
13.51
11.051
13.979
-15.958
-43.336
-50.023
-46.377
4.4445
2.421
-8.591
-18.028
-44.29
-50.739
-36.264
-37.789
-27.017
-10.596
-24.918
-1.8825
11.107
22.721
38.153
23.363
19.402
-6.2388
-18.359
13.88
30.55
18.641
-7.4239
-11.374
-2.1715
14.687
13.465
25.505
38.384
0.71705
11.479
0.97602
24.273
9.0859
1.7416
4.7259
10.916
-1.8715
-18.117
-13.362
8.8062
-3.0962
-14.649
-20.763
NaN
NaN
NaN
NaN
-2.8887
-7.1345
-34.919
-24.294
-29.015
-10.339
21.558
25.461
-0.58442
-1.3392
5.1182
13.138
5.3339
-22.293
-48.713
-52.628
-25.667
0.51394
-7.1486
-11.573
-27.323
4.0246
22.171
5.6312
12.136
1.5288
12.872
18.247
17.317
20.497
31.778
32.307
45.954
27.292
-13.627
-6.4149
4.7794
-5.669
-19.118
-21.6
-6.6414
21.451
44.314
NaN
NaN
NaN
NaN
-0.99432
-18.051
-31.302
-25.699
-15.424
-16.318
-34.596
-48.025
-35.065
-25.245
-6.1686
9.7924
10.981
19.377
13.492
21.938
3.678
-2.5413
-13.03
-14.711
14.239
6.55
-23.259
-16.616
-11.228
-7.1404
-7.7314
8.4274
26.397
16.404
15.262
38.224
8.4529
21.202
-2.1801
23.623
-4.8837
-26.848
-7.9534
-16.619
-24.294
-4.585
11.004
17.463
39.045
44.593
46.122
12.848
-17.56
-15.272
-11.199
-8.8286
-4.5573
-15.275
4.9217
-4.0573
-21.341
-25.601
-21.289
-28.482
-29.987
-25.839
1.5169
1.8441
-1.6821
-1.1756
-1.4987
18.152
28.24
40.4
20.455
25.417
20.506
-8.1207
-34.711
-44.144
-41.517
-15.852
-15.52
-9.8355
-3.2494
11.269
10.143
4.223
5.18
16.731
22.956
6.0241
-1.7494
15.058
7.5295
11.306
23.16
26.325
11.582
22.623
13.565
10.182
-7.457
-32.531
-44.362
