-32.697
-13.869
3.2364
-25.502
2.3072
18.978
14.817
4.0805
-6.078
-3.1954
20.121
23.517
24.922
12.04
-2.2836
-12.287
-6.8919
-7.1663
-26.846
-17.484
-18.249
-1.8132
4.0384
-19.907
-24.599
-24.97
-5.9204
17.802
19.626
15.228
2.5068
14.554
15.927
8.3252
8.4922
14.345
8.3381
6.0937
-0.65647
13.746
22.889
21.651
2.562
-3.5617
-6.1079
-20.933
-39.036
-27.63
-27.683
-14.346
-5.6346
11.912
13.726
9.858
15.782
7.0288
7.9447
13.468
8.833
-3.8806
-35.198
-37.924
-34.914
-19.522
6.4663
19.243
18.531
-0.35682
2.3466
14.147
18.179
21.972
9.9528
1.803
17.11
34.47
22.142
25.083
-8.5208
-36.292
-32.417
-29.749
-15.28
6.0974
8.4281
5.5184
7.1759
-10.856
-16.44
-10.566
-11.96
10.466
6.2959
0.13322
-0.042438
-23.377
-17.357
-1.9052
2.0072
4.8849
-3.196
-14.77
-20.271
-10.165
5.7355
15.514
39.192
23.154
40.973
38.962
43.818
27.34
17.822
2.0085
-13.823
-36.01
-47.361
-41.843
-18.393
-1.1461
2.6018
0.53275
-1.9983
-32.851
-28.033
-19.132
-5.4637
23.815
17.973
13.971
24.364
-5.4412
-4.3031
6.5079
11.114
-8.0009
-10.951
-2.844
-0.97513
-7.13
-21.64
-9.5216
-8.467
3.1361
17.611
20.741
10.503
4.0903
11.847
13.561
21.611
NaN
NaN
NaN
NaN
NaN
NaN
NaN
NaN
NaN
NaN
NaN
0.67784
9.7525
25.172
26.863
20.358
-14.623
-39.528
-25.764
-10.327
3.8262
-0.82257
1.5856
15.521
-1.7459
-9.5986
15.866
15.003
15.032
15.583
7.9676
0.30366
3.2478
-13.381
-11.853
-6.229
0.083543
5.2939
-2.0123
-7.1706
-6.8214
-7.278
-4.3608
-13.318
-14.199
NaN
NaN
NaN
NaN
NaN
8.1203
20.8
35.852
41.189
38.626
22.347
-9.19
-31.55
-47.393
-63.522
-50.076
-1.3562
-23.487
-22.66
-8.8037
10.258
23.581
20.271
41.495
44.422
20.881
-14.425
-17.788
-23.434
0.97453
-0.022074
11.001
6.694
-5.2529
-10.222
-8.0725
-8.433
-9.553
-11.653
-23.485
-20.901
-1.3919
21.809
14.156
20.47
11.632
-4.5234
-21.566
-12.773
14.317
30.257
29.447
18.282
14.055
18.779
12.647
-2.7334
-17.625
-17.407
-14.394
-0.48332
9.2552
37.855
26.43
20.125
-0.84365
-32.957
-63.018
-66.159
-42.841
-44.273
-28.582
-10.537
-5.8665
8.3481
12.906
22.201
18.018
30.526
44.738
43.889
26.791
3.6609
1.7695
-8.5388
11.48
11.889
5.4402
1.3468
-3.1221
-12.926
-10.278
-17.255
-18.506
-14.726
1.8229
11.566
6.9933
6.3955
3.8486
