0.4219
6.7199
-21.764
-6.4544
-8.8472
3.8641
9.831
16.551
18.388
25.612
NaN
NaN
NaN
NaN
-42.396
-38.773
-33.281
-36.745
-8.0244
6.8194
14.85
9.0281
17.888
22.301
15.192
11.92
-6.1763
-3.9923
26.588
18.772
16.304
12.493
9.8944
-9.6924
-20.282
-12.517
-18.4
-9.4185
-3.375
1.8944
14.597
-5.4772
-14.338
-0.94363
-2.8399
-9.4135
-12.738
-12.584
2.5736
17.883
0.80881
-15.196
-22.74
-6.9488
5.1799
28.019
16.222
23.804
15.473
0.63936
-10.856
-24.864
-6.7295
11.542
23.903
15.992
-6.4832
-17.16
-0.38689
2.168
19.011
39.099
47.041
15.073
-16.904
-51.397
-45.534
-45.841
-35.783
-32.373
-16.425
-12.93
10.044
17.506
7.3467
19.863
20.271
10.676
26.493
20.899
17.518
20.224
24.256
29.389
43.563
5.4266
-31.708
-65.332
-60.771
-43.058
-39.94
-0.94498
3.1989
-1.3159
24.591
23.701
8.0396
27.786
27.458
36.371
37.531
7.1918
-30.535
-32.879
-26.515
-10.089
12.793
2.2137
-4.2189
-11.284
-13.327
-19.448
-23.775
-25.779
2.2039
-8.3958
6.521
13.991
43.53
43.801
30.236
13.702
-20.776
-13.935
-4.1389
2.8714
-8.6721
-5.3714
10.682
7.6135
-2.7784
0.62534
-9.0959
-16.877
-30.313
-21.534
-9.8329
5.8343
1.1938
7.3944
1.4767
13.254
26.813
21.782
20.821
2.3421
7.8414
28.574
22.086
-7.3429
-47.887
-55.036
-42.563
-19.791
-4.6493
-0.042248
11.717
15.106
-0.30217
-18.56
1.5457
21.359
12.027
35.774
43.717
15.98
0.091412
-5.7162
9.4118
8.2371
-8.2448
-44.898
-16.629
-2.2248
-5.7251
2.7004
6.9755
8.0716
3.3154
-22.598
-20.245
-19.741
-23.645
-11.403
-4.509
5.1474
5.0188
17.125
27.88
41.333
34.663
23.345
14.677
-0.12022
-15.371
-20.118
-20.225
NaN
NaN
NaN
NaN
3.3387
12.289
4.8537
0.33522
5.1315
8.7704
-14.278
-19.053
-34.821
-19.444
-2.9221
5.3768
15.821
14.804
3.5204
-6.9464
-8.7343
16.883
20.5
14.358
14.064
32.383
17.204
1.4054
-1.9282
-14.885
-19.688
-23.687
-26.255
-13.172
-16.085
-17.361
-9.7944
5.9438
-13.277
10.323
28.742
17.154
12.183
13.287
9.4254
-1.1363
-2.3066
-3.8113
