-8.4072
-11.472
-28.705
-33.878
-0.14621
-2.7893
-5.4579
24.985
36.743
26.386
16.927
-0.21939
4.5211
13.214
11.31
-11.165
5.9993
19.851
15.592
18.246
-8.1581
12.725
38.194
24.833
18.319
14.455
8.261
-0.37887
-26.33
-9.637
-3.3381
3.1458
-20.189
-40.937
-32.572
-15.377
-5.0305
-3.3388
-25.248
-13.543
7.4023
8.9278
13.459
-1.8692
20.69
1.6757
-14.046
-11.427
-32.323
-19.418
-4.1178
-19.186
-25.397
-1.2931
-12.224
-12.699
17.245
28.88
15.113
29.451
38.503
36.864
1.8135
27.22
25.438
-6.1342
-11.198
-13.498
8.5751
6.9733
8.0883
0.37445
-2.5119
11.037
9.6611
-2.1953
11.52
17.978
1.3483
-15.701
-23.525
-28.94
-30.16
-25.077
-2.6684
-7.5035
-6.8462
-8.582
-2.4243
-3.3952
-19.198
6.7999
-5.7319
-13.737
4.914
24.176
26.309
10.516
19.455
12.375
7.0546
4.8737
-2.3871
-8.5089
-3.5048
-14.998
-27.168
-33.516
-8.6291
-5.7613
-4.4979
-30.23
-6.9396
11.418
23.639
15.418
4.6693
5.6573
17.073
19.456
44.871
10.882
33.851
21.024
44.072
28.013
-22.375
-34.262
-30.515
-7.7738
1.8793
3.6709
6.9272
-8.6489
-10.593
-19.515
-23.392
-10.838
-40.314
-27.495
-24.799
27.559
41.618
6.1608
-15.977
-6.9988
-2.4309
-1.662
5.4048
-8.0293
-11.026
NaN
NaN
NaN
NaN
NaN
NaN
NaN
NaN
NaN
NaN
NaN
13.447
17.135
31.759
14.53
22.269
7.2178
-6.47
18.252
19.751
11.598
16.358
24.176
0.89316
-30.512
-6.5258
19.1
-2.716
-35.352
-3.9693
6.6105
-13.848
-33.588
-18.283
-8.4924
-6.9705
7.8562
12.39
7.1913
2.9908
-7.8194
-29.857
-32.928
-13.998
-3.504
NaN
NaN
NaN
NaN
NaN
32.277
24.783
25.567
2.3059
34.13
30.653
19.489
4.3422
-5.0064
-9.711
-1.6383
-26.244
-37.468
-1.7184
25.775
21.935
-4.0155
16.227
2.0618
11.952
4.5564
19.186
28.853
9.85
21.093
-17.413
-1.9922
5.902
-5.4106
-0.050728
-11.447
-15.991
-18.153
-18.671
1.1301
-20.615
-10.12
-16.392
-13.105
11.545
1.8655
-5.0286
-29.266
-18.65
-9.5295
2.6787
2.2409
3.1725
19.734
1.1765
-0.89964
-13.156
1.9768
4.1854
-2.4079
-7.9745
-7.3393
20.968
24.738
22.068
4.1419
-1.8519
28.203
20.46
14.118
-17.063
-17.046
4.2871
2.6464
-8.3942
-2.7767
15.793
26.738
15.515
-0.49683
-1.6971
-7.2048
-4.3217
16.236
19.924
13.311
-1.5405
-22.859
-20.686
-38.222
-19.499
-6.8242
-14.109
6.4227
6.7328
5.3904
-17.647
-44.166
1.4053
0.3298
