16.834
5.8753
21.559
33.014
8.0933
-17.751
-11.801
-3.3242
22.323
4.9029
7.274
-24.128
-23.215
-42.88
-45.749
-44.986
-32.427
-38.021
-28.39
-3.7621
-6.4698
-14.064
-37.123
-31.499
-14.825
-25.062
-3.2573
13.708
23.812
12.331
26.467
20.951
13.604
56.869
57.467
51.37
46.716
19.071
10.332
10.178
11.549
3.9084
1.997
16.243
15.702
24.33
28.065
26.59
21.572
0.16028
-10.693
-36.052
-11.024
-2.3003
-30.213
-38.705
-32.062
-26.626
-20.904
-28.127
-27.344
-31.639
-32.373
-42.68
-49.364
-27.102
-31.102
-25.559
-6.1657
-10.242
2.1415
20.631
21.772
29.525
37.474
33.86
49.675
51.522
32.304
-1.9307
-13.783
-18.494
-9.3615
-10.23
9.2378
25.546
38.369
7.5451
27.353
20.77
19.807
17.525
15.221
19.414
21.138
22.817
28.113
19.981
16.055
12.181
-14.983
-50.171
-56.515
-63.832
-17.66
-27.926
-30.79
-32.563
-48.185
-48.979
-41.855
-27.227
-28.103
2.1816
-12.028
-2.6929
12.846
26.44
45.205
20.818
15.4
-24.726
-11.644
23.648
41.273
30.562
5.885
1.5522
10.01
14.817
1.8204
11.186
25.449
-3.7967
13.9
2.9686
20.511
6.504
17.449
12.126
28.581
7.78
-11.322
-5.3989
14.59
6.1166
4.6119
-31.893
NaN
NaN
NaN
NaN
-18.545
-19.122
-44.898
-25.242
-30.071
-18.887
10.877
13.708
-10.114
-9.2407
-8.5906
1.3889
-6.0534
-23.524
-46.957
-43.266
-18.851
14.333
9.5286
-6.4881
-18.722
8.5502
18.378
6.2249
20.911
7.0283
24.435
23.17
24.386
32.229
48.25
45.626
43.507
27.099
-10.753
-2.0858
4.5126
-1.5466
-15.366
-20.557
-15.965
16.897
46.868
NaN
NaN
NaN
NaN
-30.736
-24.456
-27.491
-12.674
-14.662
3.7841
-10.618
-29.926
-36.164
-32.365
-15.079
8.5414
24.979
39.367
26.195
24.751
6.2232
-16.315
-30.812
-32.622
12.456
-8.6437
-30.702
-6.4734
-0.4315
-1.1997
-2.9186
14.694
34.515
20.277
19.279
28.857
-5.278
11.423
5.343
25.078
-7.5171
-10.955
7.7135
-20.305
-15.856
8.9083
14.589
20.02
44.215
49.528
54.168
7.6266
-17.025
-17.78
-35.201
-19.963
-22.583
-28.129
-0.066235
-16.98
-32.836
-28.577
-18.86
-21.67
-29.257
-26.1
-2.6705
4.6309
-4.8587
3.9405
9.9264
28.772
45.694
65.948
35.694
34.41
16.895
-28.683
-54.738
-55.239
-38.093
-9.5713
-22.847
-10.109
-4.6525
9.8911
13.211
5.216
-6.6882
14.56
22.005
6.0174
-13.467
13.669
-4.2572
4.3323
24.961
30.548
25.948
34.008
26.985
8.3783
-1.2157
-17.389
-22.429
