1.8524
0.19918
10.471
8.9016
-3.4538
-14.76
-12.203
-6.0374
-1.5197
-4.62
-3.1701
-8.0478
-2.1371
6.6471
16.829
26.673
16.119
-13.626
-17.578
0.93191
-4.66
-12.487
-17.836
-8.1316
10.839
18.6
7.9473
-16.623
-32.523
-17.62
6.4712
4.8149
12.674
16.077
20.254
16.172
8.4449
-5.1763
-6.6225
6.8924
9.9098
-1.1992
-3.3612
15.285
13.535
16.921
22.352
13.111
17.343
-8.4926
-18.764
-27.106
-22.531
-21.012
8.3563
-3.7078
-6.7704
-9.6484
-7.3049
6.9231
-3.2393
-8.7622
-2.0909
13.181
3.0349
-3.6393
-21.16
-16.965
6.3878
8.3924
-2.9912
-15.211
-15.581
-13.149
-6.4985
-18.782
-22.303
-10.137
2.9253
22.153
22.28
30.352
20.651
25.852
31.026
16.021
0.98147
-14.767
-6.5744
5.8036
0.55873
-1.0877
4.4518
13.912
21.365
16.426
15.883
23.806
24.566
8.2032
-15.39
-23.108
-31.354
-32.545
-24.056
-11.714
6.9127
5.1866
-5.9034
-22.846
-32.828
-30.754
-19.336
6.1737
5.5937
9.6129
-4.2251
-2.4555
-8.687
-8.3871
8.1506
-11.923
-25.487
-15.952
3.564
-1.4704
-11.578
-6.1942
16.5
26.393
32.204
49.739
57.597
46.807
30.524
2.2582
-7.6217
-5.7573
-0.88072
9.6324
9.1948
-4.7983
-18.275
-16.503
9.3326
18.652
12.357
-5.0594
NaN
NaN
NaN
NaN
-27.406
-24.538
-29.164
11.749
18.956
5.543
-9.2839
0.3109
10.233
9.0273
1.832
-16.518
-10.505
-9.4279
-9.7715
-1.6798
-1.2786
2.2143
-5.3277
-6.8702
-18.615
-8.8348
16.569
8.5338
27.472
9.6507
8.1537
6.9311
18.311
12.94
21.043
20.125
26.341
16.226
-2.7048
0.67515
-7.2359
-4.3483
5.9995
6.1922
0.30488
2.1777
3.594
NaN
NaN
NaN
NaN
-17.937
6.1175
19.289
13.188
-6.9564
-8.0533
-14.814
-21.469
-17.602
-7.4552
-12.484
-20.445
-31.908
-18.108
-4.9238
15.589
11.022
4.2822
-16.537
-11.557
-2.5283
17.845
-2.9753
6.7099
3.8164
9.6151
10.125
24.448
25.486
18.127
19.673
33.56
24.761
19.886
-0.64764
20.36
0.79352
-43.831
-11.67
-4.8842
-17.772
-16.722
-3.8272
-5.2761
20.908
15.839
7.4235
5.3974
-12.722
-31.07
-25.753
-9.3079
3.3764
15.092
16.733
10.003
2.5862
-24.793
-32.37
1.042
-1.7101
-27.723
-25.699
-31.625
-20.63
-19.683
-16.13
20.899
32.479
43.319
45.712
36.299
26.377
1.8407
-6.9249
-14.088
-19.541
-4.156
2.3735
0.26039
2.1833
-2.1638
7.0239
14.462
8.1257
18.36
4.9421
-0.7692
-3.1458
-10.99
-10.473
-23.594
-3.3063
13.904
5.2558
4.5589
6.0816
-7.2776
-9.2312
-10.659
-7.9437
