-6.5101
4.5709
-7.4124
12.061
16.862
7.9743
0.94131
-9.964
-43.052
-40.586
2.6974
9.8765
8.0363
0.48051
14.572
10.504
16.974
15.883
8.5917
1.6903
8.1366
-1.6716
4.0883
-11.157
-1.105
6.2627
16.532
-14.573
5.625
7.2648
-5.5166
-10.794
-20.517
-17.485
-14.908
-12.266
-2.8252
5.0899
7.4963
-14.803
-4.0269
9.1285
11.481
4.9555
1.777
-7.3024
11.188
-8.7622
8.5789
-8.86
-0.31881
6.1466
-7.0017
-18.084
-21.975
-10.193
-15.432
-0.10587
27.892
28.719
10.748
-6.5681
14.288
22.3
9.4186
21.338
-7.6264
-1.2911
-3.0567
10.481
-0.12834
5.609
-2.8232
3.6227
11.026
-9.9068
-27.734
-18.059
0.85749
28.297
-0.96293
-1.6013
11.063
-11.028
2.6615
-8.4798
-9.5536
-6.9159
-10.62
-8.9896
-14.049
-6.074
-2.8265
-5.6884
7.207
-12.399
-0.29448
-1.3419
-27.973
-8.6223
-20.542
-5.1963
16.571
3.1913
-10.264
1.9745
9.719
31.954
29.722
36.208
48.237
48.424
4.2477
-17.63
-19.71
20.115
2.8077
5.4287
-6.1786
-43.052
-31.52
-25.416
3.6474
-3.5406
5.6329
3.3517
-1.6913
22.46
8.3742
0.6956
-13.777
-19.837
-6.7166
-3.2524
-4.2602
-14.318
-13.031
-3.8374
1.6823
-9.4006
-12.519
-1.6623
12.219
2.1253
14.168
26.616
40.941
1.8857
NaN
NaN
NaN
NaN
2.3539
-0.59591
-16.328
13.706
35.202
-0.14783
-21.334
-13.176
-12.27
6.7697
-3.9621
-9.0411
-1.8416
16.429
19.9
12.188
1.4663
17.724
20.662
30.905
6.0391
-19.637
-14.312
-7.6403
-6.3192
-12.723
7.0113
-7.324
5.523
7.2723
-2.8151
-11.849
-14.822
-7.9677
-4.9858
-13.843
-19.489
-13.354
15.291
25.857
16.234
-8.4193
-19.269
NaN
NaN
NaN
NaN
-35.7
-7.0171
13.874
13.823
-5.0301
19.094
26.023
15.814
16.789
-7.4283
-4.8531
10.934
-8.5034
0.31175
10.626
22.648
29.537
20.174
4.818
13.918
2.7128
1.2726
-22.748
-2.9435
5.6071
10.843
-11.581
-20.138
-17.042
-14.032
-3.6822
-5.3377
-9.1189
-7.3968
-10.756
-8.6831
-25.069
-19.507
4.8136
-3.6748
-0.09899
18.299
-4.9259
0.27218
0.96484
10.312
8.8778
37.778
23.832
2.5431
-28.897
-8.7989
-2.2716
-15.094
10.771
6.957
12.59
-6.8243
-16.395
11.835
-6.1619
-16.832
6.5406
-17.733
-2.69
14.979
8.8763
40.069
15.89
16.046
31.238
1.2768
-4.1952
-16.876
6.2625
-6.3175
0.37094
-4.9886
1.3702
-3.6955
-17.768
-18.633
-17.682
-13.046
-14.928
-19.516
-20.013
10.506
-5.9331
5.964
8.4281
3.1812
-8.353
14.311
3.8417
4.2724
-8.672
-4.7707
7.3738
22.071
22.528
