10.512
1.5513
22.666
46.278
34.458
16.128
-24.973
-33.946
-47.764
-35.317
NaN
NaN
NaN
NaN
55.62
-4.5583
27.905
17.037
1.9944
-8.7247
-12.801
-13.244
0.43327
-12.274
-2.0841
4.9674
-3.4616
-10.796
-6.063
-2.6649
-6.1415
-6.088
-13.25
-6.9269
9.707
-2.5058
-1.4566
18.269
3.9774
1.6055
11.038
14.055
11.379
5.7376
-0.33999
-4.4982
-5.695
-8.8538
-17.199
13.901
15.015
2.505
10.198
5.5784
-4.4979
-18.372
-22.007
-19.002
-4.7375
3.6629
2.8601
0.30074
-8.5084
0.30279
-1.9666
0.5516
3.0682
18.738
8.9672
5.5236
18.082
3.0743
-6.79
-5.9599
1.6008
-2.7702
-5.4505
0.77639
-3.4517
-11.21
3.2543
6.4392
-3.5998
-0.20774
5.8713
9.9583
16.013
7.5033
-20.171
-11.837
-5.068
-6.1366
-7.5639
-6.2728
-6.887
-9.176
-10.124
19.395
17.976
-0.58578
-2.3753
-1.2041
0.43674
9.0978
9.323
8.5632
7.2016
12.347
-1.1941
-20.145
-0.76018
2.2162
0.27541
-5.7311
-5.391
0.5829
-11.686
-11.826
0.1045
2.9974
13.545
0.54773
-6.4139
-0.18655
10.695
5.671
0.88468
10.981
4.6128
-17.326
-24.618
-11.772
-7.5974
-2.9077
8.5294
13.446
11.617
11.822
9.554
-15.155
-15.318
14.499
10.057
21.386
18.463
7.272
-11.436
-1.4792
-8.1952
-18.798
-31.311
-16.839
-0.67741
-5.2872
5.7031
10.313
-0.49656
-12.458
0.40613
10.091
9.4216
20.52
6.7607
4.7178
-4.8486
-6.873
2.8275
12.747
4.9111
-14.745
8.6848
5.5863
-2.4577
-11.954
-26.593
-10.877
5.2098
0.75192
-9.545
1.9276
8.7085
1.0557
20.977
20.317
12.33
5.5202
-15.381
-5.6376
-13.057
-17.442
-9.725
2.0886
2.1629
5.1553
1.483
0.9839
16.957
-1.5786
0.955
-6.6601
6.8882
-10.741
-1.9186
-9.7642
-6.6972
-3.0988
2.7782
NaN
NaN
NaN
NaN
8.175
-12.875
-2.3513
-13.524
-13.373
-7.7041
-22.242
-11.867
-0.4837
12.346
20.338
13.425
-4.4714
1.3237
-4.711
4.5758
9.4869
-2.7176
-4.5267
-6.6513
4.7062
2.7738
-16.452
-1.7526
9.3069
7.7179
0.36648
-21.754
-15.807
9.0153
11.132
11.728
14.236
20.755
11.426
-19.14
-23.658
-9.7988
-2.3078
-4.3526
7.3564
-3.9828
-8.1863
-28.9
