-19.405
-9.0096
-13.942
-34.042
-13.228
8.0792
-3.0935
7.1592
6.6461
9.5121
11.753
15.068
13.401
14.031
11.127
9.666
-6.4357
-4.0659
-19.427
-19.019
-35.064
-2.6341
7.2255
1.0787
-4.349
-15.77
17.003
20.125
3.2177
-0.096119
-1.2133
-3.2737
-7.9896
-12.986
-15.061
4.2093
6.6649
13.859
10.433
3.3859
21.863
9.7107
2.2657
-1.5348
1.9698
-4.0521
-17.31
-9.3727
-9.4038
-1.886
6.5082
-3.0143
6.3676
6.3957
-0.45041
0.28022
0.12822
5.3917
5.7516
14.906
13.941
-2.0632
-19.846
-28.166
-19.232
-15.03
4.6952
-4.8647
0.54202
-3.7017
14.834
32.585
18.296
-0.42852
7.4992
22.661
21.245
30.28
0.16419
-34.033
-37.195
-54.191
-43.557
-19.946
-6.3004
-0.81623
4.6327
8.9603
8.1535
14.453
7.4508
17.172
12.61
17.635
9.3199
-0.87324
-12.186
-3.2127
3.9062
13.469
17.497
8.8997
4.6933
-2.2161
2.1664
-12.001
5.7717
-6.3123
21.075
8.9204
11.088
5.8409
18.28
14.099
-4.888
-32.094
-47.953
-54.934
-37.41
-21.451
1.6017
-6.9599
18.176
5.2092
5.1989
5.2796
-15.314
15.99
3.6948
8.9684
34.39
30.406
23.429
1.286
-1.7566
-0.61734
-7.7259
-6.3937
-24.699
-29.907
-25.597
-9.2652
10.105
17.779
26.144
19.091
12.86
6.8175
7.2238
5.2874
20.021
NaN
NaN
NaN
NaN
NaN
NaN
NaN
NaN
NaN
NaN
NaN
-8.6434
8.9281
38.251
41.276
37.949
12.45
-24.257
-24.05
-11.085
-6.3538
9.7596
11.795
21.377
-12.403
-5.9841
13.797
-3.1118
11.496
8.2028
13.914
6.7122
-0.12127
-6.0681
-6.9481
-7.1888
-2.043
-1.6249
-6.3862
0.6365
1.8909
-19.309
-7.0736
-5.2998
9.2635
NaN
NaN
NaN
NaN
NaN
8.3536
15.946
12.676
21.384
30.093
14.756
-5.9416
-34.334
-38.182
-25.775
-27.203
1.9814
0.43901
19.064
-5.3021
1.2762
6.203
8.7959
17.494
15
2.41
-17.763
-25.564
-19.161
-6.3112
-16.269
4.1209
10.544
13.484
18.844
20.984
13.189
2.3369
-11.599
-14.68
-11.05
8.6182
8.0806
6.4898
14.964
4.1278
-2.6357
-14.611
-19.392
-10.131
1.3448
-3.1538
-3.1044
5.9968
22.291
19.815
5.4599
-9.6431
-12.094
-19.555
-8.0478
2.6955
29.072
28.056
31.167
20.843
-3.3987
-12.38
-22.119
-23.082
-37.874
-27.037
-28.781
-13.816
-18.495
-11.931
10.89
6.0097
19.72
32.126
16.577
15.322
0.094882
1.5561
0.51975
4.928
18.544
6.2864
-0.95799
-6.373
-7.0834
5.222
-2.6658
-0.23828
4.4425
5.48
7.1385
3.6322
2.5633
3.8277
