-17.71
8.6068
-2.8268
-5.7135
-15.455
2.2652
-16.905
1.623
6.1572
-4.8542
-1.1733
0.6038
7.9214
3.9642
-8.8202
-18.659
-7.7848
-3.4253
-13.471
-20.854
-31.225
-18.716
-33.258
-24.134
19.636
33.695
35.924
26.329
9.3596
8.323
3.3418
2.7327
-21.704
-10.903
-0.50301
-8.633
-4.7897
3.2287
2.0085
17.128
7.9799
9.3692
7.2055
1.1931
23.424
20.641
-0.73462
21.016
-12.04
-6.7205
22.692
5.8192
0.8798
-3.6818
-4.4867
0.95445
-15.908
-0.78517
-48.388
-17.765
-5.608
-0.093363
-15.049
-16.662
-1.543
17.959
-10.761
-27.239
-3.2409
-4.1121
-1.0485
13.122
7.3289
5.2403
-2.071
-6.3649
-5.6447
13.774
10.587
30.83
20.552
-1.8924
-3.7614
5.5152
12.071
-9.5516
24.566
9.2677
-10.52
-7.373
-7.3324
13.295
-6.0693
-5.2686
-2.878
3.9184
24.179
11.033
-0.74819
-11.232
-0.8921
-6.447
-5.5959
-1.9333
10.927
-10.919
-9.1655
5.2573
-8.1576
-17.973
-23.298
-36.317
-18.523
-16.807
7.9824
8.6618
-10.772
2.6079
-6.8037
-3.4958
7.0381
16.051
10.049
-10.307
-6.1802
20.976
37.826
31.237
32.257
-19.974
5.9567
16.182
-13.332
-3.693
21.253
11.99
7.5788
-4.85
19.45
26.098
-7.319
0.92566
10.983
4.1418
-14.875
-33.233
-27.626
-27.899
-29.549
NaN
NaN
NaN
NaN
-10.282
-6.6769
3.5712
7.9627
-3.9787
-18.211
2.2446
-5.2288
6.8706
49.102
22.1
23.933
17.369
25.025
-3.656
13.372
2.3659
11.511
-29.262
-17.424
4.4021
-8.1332
9.9695
-5.8012
-9.831
19.307
14.048
15.744
2.3637
-3.1841
8.3944
26.908
25.577
19.902
-11.824
-10.241
-16.938
-27.361
-43.109
-29.218
2.1052
-7.3196
NaN
NaN
NaN
NaN
-21.708
-13.574
4.1885
-4.9052
-6.2539
-0.33266
-15.65
18.592
10.705
-11.039
-8.1143
15.367
1.6607
35.59
38.107
22.702
38.502
53.722
38.34
11.458
-4.0877
-5.546
7.8284
-10.604
-39.262
-19.013
-1.1977
9.8139
-26.267
-6.1835
-36.808
-35.963
-9.2632
8.0195
-1.1605
-14.992
-6.9573
7.0488
2.9502
-3.0127
3.0186
-6.5163
-9.4745
-13.803
NaN
NaN
NaN
NaN
NaN
NaN
NaN
NaN
-2.314
9.9686
-5.7164
8.6515
-4.9697
6.0399
7.8734
15.508
48.046
-4.3903
-18.903
-24.987
-17.782
19.894
-12.454
5.4023
25.213
-10.324
8.9674
21.28
23.933
-7.3576
-4.6084
0.30049
10.409
1.63
-26.705
-35.877
-7.9742
8.7405
-9.3985
-18.552
-30.689
4.5748
6.1786
-0.50284
-19.813
-12.793
-16.074
-16.909
-2.0886
-0.29489
-8.8586
1.0173
3.7015
4.9531
NaN
NaN
NaN
NaN
NaN
20.153
0.71858
7.6812
5.2983
3.248
