-5.8945
13.168
1.966
-31.098
5.0678
0.024498
-21.32
-25.624
-16.436
-14.448
-8.842
-18.689
3.8715
-3.9304
-22.826
-21.174
-13.709
-0.33893
34.52
19.173
-13.453
0.3489
16.692
15.981
-7.3334
-7.4016
2.4228
-3.3594
NaN
NaN
NaN
NaN
NaN
NaN
NaN
NaN
NaN
NaN
NaN
NaN
NaN
NaN
NaN
NaN
NaN
NaN
NaN
NaN
NaN
-29.109
-7.7032
-17.002
-12.148
-46.068
-12.642
-16.704
-21.021
-5.7091
-25.776
-15.325
28.561
44.095
35.012
25.405
36.995
64.631
29.909
-23.392
-22.726
-20.212
-44.349
-26.16
-9.9508
-2.7824
-3.1191
-16.118
NaN
NaN
NaN
NaN
NaN
NaN
NaN
NaN
NaN
NaN
NaN
NaN
NaN
NaN
NaN
NaN
NaN
NaN
NaN
NaN
NaN
-35.225
-12.918
-4.2712
-9.6272
-13.506
-10.442
-7.4068
-31.098
2.2341
2.0422
2.6899
19.504
12.052
15.677
32.406
-2.5287
-15.398
21.301
27.883
2.603
-19.707
-9.2384
-22.861
-17.718
-14.372
4.4785
5.6072
NaN
NaN
NaN
NaN
NaN
NaN
NaN
NaN
NaN
NaN
NaN
NaN
NaN
NaN
NaN
NaN
NaN
NaN
NaN
NaN
NaN
NaN
10.068
21.124
-1.8149
5.818
5.0744
1.8062
3.3498
-7.6318
1.2643
-4.7712
-26.536
-15.05
-12.673
-36.465
-21.154
-7.7572
0.88869
-29.163
-22.131
-11.467
NaN
NaN
NaN
NaN
NaN
NaN
NaN
NaN
NaN
NaN
NaN
NaN
NaN
NaN
NaN
NaN
NaN
NaN
NaN
NaN
NaN
NaN
NaN
NaN
-19.073
-21.704
-22.515
-0.080781
-20.851
-29.342
-14.8
-3.4652
-16.897
-20.626
-1.4475
12.153
12.682
-15.749
-2.5275
5.1091
1.383
-22.802
-4.2059
-29.921
4.752
28.198
16.685
-32.191
-21.3
2.8476
4.1561
NaN
NaN
NaN
NaN
NaN
NaN
NaN
NaN
NaN
NaN
NaN
NaN
NaN
NaN
NaN
NaN
NaN
NaN
NaN
NaN
NaN
-19.143
17.172
-22.777
-33.693
1.7772
2.3818
-26.18
-7.2005
-1.6056
-33.689
-3.3037
-18.661
-20.932
-16.45
-5.7407
-6.8702
15.87
2.8537
-0.73326
-10.718
18.059
11.403
NaN
NaN
NaN
NaN
NaN
NaN
NaN
NaN
NaN
NaN
NaN
NaN
NaN
NaN
NaN
NaN
NaN
NaN
NaN
NaN
NaN
NaN
