1.6654
-8.0377
-35.359
-29.92
-25.894
-7.5738
1.1764
13.55
18.943
21.565
39.551
20.29
5.3165
2.4587
6.7713
10.041
34.649
26.49
-9.2592
-26.428
-19.739
-16.698
-20.608
-9.8891
-4.55
13.507
-2.0733
-14.912
NaN
NaN
NaN
NaN
NaN
NaN
NaN
NaN
NaN
NaN
NaN
NaN
NaN
NaN
NaN
NaN
NaN
NaN
NaN
NaN
NaN
-34.45
-21.962
-9.9302
-0.35898
13.448
15.681
29.26
14.705
19.441
-5.3951
-12.993
-8.2685
-6.4939
-15.184
-6.7881
-30.201
-6.5349
15.004
13.154
3.4557
-6.4805
3.7658
16.863
-11.973
4.5405
5.7011
18.031
NaN
NaN
NaN
NaN
NaN
NaN
NaN
NaN
NaN
NaN
NaN
NaN
NaN
NaN
NaN
NaN
NaN
NaN
NaN
NaN
NaN
-26.115
-4.2381
-7.0275
-2.7594
16.259
0.95061
-30.578
-25.294
-23.296
-3.5424
11.978
19.168
8.3254
21.509
21.543
5.8754
-15.754
-12.33
-11.945
-8.1141
9.246
21.996
10.078
10.24
-4.6365
19.537
9.3694
NaN
NaN
NaN
NaN
NaN
NaN
NaN
NaN
NaN
NaN
NaN
NaN
NaN
NaN
NaN
NaN
NaN
NaN
NaN
NaN
NaN
NaN
14.454
17.039
-4.1677
-33.213
-25.642
-20.678
-19.339
-35.928
-27.057
-14.319
-5.5954
-12.378
-13.696
14.479
32.669
32.077
22.09
24.601
14.892
15.854
NaN
NaN
NaN
NaN
NaN
NaN
NaN
NaN
NaN
NaN
NaN
NaN
NaN
NaN
NaN
NaN
NaN
NaN
NaN
NaN
NaN
NaN
NaN
NaN
3.5078
-26.253
-25.304
16.473
8.3031
-21.745
-25.903
1.4134
8.8551
-2.1002
-14.118
-33.383
-16.235
-11.21
-13.007
-0.53842
2.4757
9.29
29.867
33.617
28.476
25.838
38.437
36.771
27.814
16.599
25.821
NaN
NaN
NaN
NaN
NaN
NaN
NaN
NaN
NaN
NaN
NaN
NaN
NaN
NaN
NaN
NaN
NaN
NaN
NaN
NaN
NaN
2.7089
-15.035
-25.885
-9.8237
18.817
7.5553
-5.54
9.6936
-2.9715
11.253
24.068
25.47
-0.027378
-16.04
-5.2751
9.1238
1.7276
2.6279
11.446
-0.19119
-0.53465
8.5504
NaN
NaN
NaN
NaN
NaN
NaN
NaN
NaN
NaN
NaN
NaN
NaN
NaN
NaN
NaN
NaN
NaN
NaN
NaN
NaN
NaN
NaN
