-9.3989
10.396
0.50965
22.659
72.274
65.309
-27
-45.985
-32.267
-14.728
1.2773
27.747
35.763
-28.855
-30.2
19.636
-40.742
-23.433
24.543
30.258
-2.5267
-70.729
-63.723
-29.99
11.291
33.906
38.296
36.186
48.014
8.5902
-24.979
4.4159
16.619
-11.454
-3.8539
21.693
-17.95
-2.188
12.457
-17.627
15.941
-5.4157
-10.31
8.9281
-26.77
-24.186
7.7915
3.2014
-16.815
-18.644
-8.6478
-30.758
1.2209
7.2241
79.191
42.248
-36.613
6.8439
18.136
2.1379
-7.2058
-26.76
-15.695
1.2701
-21.303
17.852
60.225
11.998
-32.213
-6.0124
-40.739
11.649
46.583
-12.21
-34.364
2.6405
-14.819
7.1802
30.144
0.75382
15.933
-11.17
-28.426
-6.0565
-26.393
34.792
21.233
1.5635
0.32096
-27.978
-15.493
-9.248
15.135
-0.97243
10.333
5.672
19.287
4.4506
-2.2381
4.9226
48.37
-8.0195
9.7807
32.737
-6.7747
-4.2538
-71.382
-18.911
-47.083
-30.781
7.7639
21.878
-38.075
-45.218
-10.548
-3.9879
8.2633
29.485
5.0284
49.582
80.713
23.736
30.767
-6.6028
-46.518
17.75
55.392
34.1
-4.5067
7.3356
6.1519
-36.716
-36.412
-29.325
-42.426
-15.457
-27.411
-39.799
-25.547
54.56
23.513
-32.561
-2.8825
-8.6143
21.942
32.225
18.971
12.942
8.2871
56.039
-10.057
-25.421
-21.368
-9.8983
-31.545
-48.028
-43.939
40.706
20.533
-9.7789
28.654
6.7419
-9.7104
8.1392
10.89
11.471
43.171
43.048
-3.9699
-3.8804
-10.895
-37.748
-22.333
-27.713
22.267
26.293
1.1632
-4.5055
-15.329
8.8568
9.6377
9.0757
16.372
18.998
-10.366
15.981
-12.023
-53.563
2.0624
-38.255
-32.132
-32.186
-6.8878
34.873
8.2765
2.6378
46.27
-21.875
10.827
70.04
-26.503
-19.015
-0.73329
-22.77
-14.981
-29.318
-8.5738
38.692
18.118
31.357
9.3007
-2.9095
-12.094
8.1205
-10.25
-19.613
-54.824
4.719
39.526
47.789
21.496
-2.742
-4.8986
3.0319
9.7305
11.775
0.97819
5.8604
-16.044
-10.405
-3.8266
28.575
-2.9334
-39.535
-33.554
-10.88
35.549
7.3654
-38.671
-36.053
-11.888
-10.127
-8.3755
10.775
-16.114
-6.8882
-23.284
-13.906
-10.036
27.181
115.33
25.372
15.01
-3.3978
-17.546
-30.733
-5.0132
-44.88
-31.448
39.575
55.267
89.545
110.81
9.7447
-35.278
-72.971
-32.761
-25.262
-9.7191
-4.6181
-31.291
15.372
-20.299
9.4223
34.92
12.928
-63.931
-18.427
-22.574
-45.531
-18.462
-30.812
-7.4282
6.279
40.39
66.66
21.099
-27.433
19.262
