-6.9617
7.5589
-22.258
19.695
-15.435
-0.59057
-19.681
7.5928
23.912
53.405
60.498
45.406
28.205
8.562
11.691
-67.099
-27.685
-36.889
-8.1246
-27.422
5.869
30.836
-7.4813
-63.944
-19.477
3.3848
19.913
6.0139
44.323
-11.43
2.3982
-1.0906
-20.345
19.546
10.005
-3.8329
0.83946
-21.257
7.6568
31.585
-11.666
-2.821
-13.034
16.146
-23.47
-8.2303
-5.9251
-5.0469
27.314
16.319
-27.589
11.229
17.299
-10.843
-21.177
26.434
8.9512
14.877
-9.671
-7.3982
-11.138
-15.378
22.735
8.2482
48.335
-0.030545
-30.35
-45.818
-21.26
19.346
47.827
-9.7673
-19.53
-7.1298
5.4413
-20.778
-21.904
-17.971
-40.563
8.6029
45.989
22.103
54.274
21.582
9.661
-31.978
-30.96
10.357
-7.6647
-25.756
0.98996
20.055
6.3255
0.61934
13.77
-18.039
2.9886
10.253
-16.067
-14.566
45.242
-8.4727
-24.012
-4.9172
0.12829
12.679
-26.109
-3.4066
-13.579
-21.149
36.948
25.958
-12.942
19.014
-3.0512
-16.504
-15.72
-2.7981
24.704
28.733
13.536
-0.82363
-4.8054
16.841
18.536
3.5458
-34.52
4.8269
8.1304
-15.327
-26.169
-2.6256
-39.595
-28.506
-22.67
-5.6166
30.281
-31.005
30.961
-3.2019
-11.251
38.309
24.913
-8.1623
-7.2196
3.0528
7.9195
10.023
38.508
30.137
-4.1877
-29.167
19.522
26.243
-11.939
-49.047
-43.613
56.176
57.987
37.29
-22.14
-33.215
-28.816
-38.724
-19.027
-25.279
14.049
-24.135
1.5044
15.105
-3.9666
1.2689
10.155
-4.578
14.65
11.849
-40.347
-5.983
-34.438
-39.871
-4.9214
17.741
54.087
66.186
70.611
-5.7406
-8.4278
-3.8257
-13.426
1.7332
25.653
33.26
3.3757
-24.338
-8.4357
-2.9614
-43.577
-12.81
7.9879
3.2689
-2.8196
17.745
-33.773
-25.91
-23.365
-26.93
-11.53
0.9449
30.571
40.75
-19.676
-35.558
13.414
-18.568
1.7028
7.4582
-8.0882
17.316
19.277
38.178
-13.77
5.3678
24.285
40.539
8.6776
-41.948
-1.0665
28.491
7.1611
-1.3653
-21.126
-14.763
5.6885
-9.518
-33.189
-8.2874
-18.468
2.2107
29.065
14.343
10.661
-1.5038
8.6504
-16.433
-5.6184
10.287
-18.137
19.931
-2.9405
-16.264
-1.619
-22.786
-26.099
0.89922
3.5263
