8.1117
-2.6676
10.859
44.166
36.962
-0.74734
-5.2018
0.55331
30.181
48.335
40.151
-16.801
8.0142
51.843
48.951
9.7462
-11.909
-78.623
11.844
-8.1153
-86.278
28.244
-14.886
-3.3198
-25.453
43.06
4.204
-8.9531
-17.825
-24.757
-2.3186
-75.544
-29.781
2.4912
13.946
16.092
75.296
6.0515
17.445
-12.699
-0.41286
-13.067
-33.33
-11.318
21.3
-2.1806
-30.005
-43.049
-19.471
66.243
36.623
49.418
70.144
4.4472
-32.252
-4.7904
40.878
36.938
-23.792
-40.191
-15.152
-3.2442
-3.974
0.72041
-2.0128
-47.509
-41.27
3.8618
-31.413
29.129
39.783
-0.55302
-9.5091
-26.021
35.571
-14.285
26.528
-25.052
-57.295
-9.4285
-4.9389
57.831
20.86
45.241
62.318
-1.0845
-38.041
-54.691
-45.432
-44.962
-8.4537
-7.9669
-0.64541
59.318
24.37
-22.521
14.013
46.757
-2.783
-10.757
48.469
34.962
-38.365
-30.543
17.735
-18.952
42.51
38.396
-27.261
-34.685
41.089
-8.7015
-76.192
-52.446
-50.282
-15.246
7.748
50.6
27.892
61.182
5.4088
16.037
10.508
-15.892
-16.801
-25.718
-33.92
6.9308
14.564
10.036
-0.51762
-33.732
-42.532
16.028
74.709
47.658
-10.15
-37.074
-21.656
-15.399
-52.217
1.0642
34.623
56.119
-9.1987
-23.796
-12.439
38.656
17.584
-0.52398
-0.54896
-45.817
12.276
21.57
-2.1368
-7.3716
-40.317
55.371
73.148
40.137
-9.0366
-31.056
9.1907
-40.799
-84.819
42.521
37.196
9.4235
-20.902
-18.708
36.582
-19.906
-8.862
-48.216
-94.914
-22.585
-33.193
-25.836
-54.913
-54.094
20.326
56.078
67.216
94.364
64.762
69.035
9.3813
46.824
52.583
4.6869
-44.012
31.48
11.656
-45.257
-37.152
-23.077
-21.064
-27.824
17.098
66.946
40.407
-40.829
-45.231
-44.779
-40.291
-51.164
0.13883
19.268
11.889
-11.747
-28.204
-4.2927
-32.362
-31.599
10.451
20.832
2.8944
-28.07
22.281
58.115
3.0136
19.602
-27.561
-37.811
22.327
9.4497
51.717
65.649
76.18
28.412
-36.305
28.148
41.199
24.431
-67.435
-67.664
33.416
9.8002
39.467
-7.5241
-27.278
-0.15022
-62.254
-27.423
-68.747
-53.649
-35.672
0.54096
0.15074
6.4533
26.343
-17.567
-46.786
-7.8304
33.838
