-22.385
3.1259
9.4695
10.663
45.091
21.187
17.97
-2.5039
-6.9554
-2.9139
36.568
38.665
7.3309
-12.288
-17.991
-15.569
-2.2765
-10.586
-42.104
-16.576
-5.3399
-3.1181
27.493
-17.533
-18.797
4.2901
18.4
-7.1834
10.832
-3.4694
-4.1845
4.7359
-4.0357
3.0574
-2.8729
-2.1279
7.7275
-3.4214
-9.6993
-0.73831
8.9604
17.131
-15.78
-1.2739
6.9324
16.102
-9.307
-24.765
-9.1101
28.46
4.91
5.4554
4.3578
28.611
-1.756
29.786
9.0102
-11.175
-40.108
9.6464
18.283
-8.1604
-13.38
-33.191
-6.5727
-12.673
-1.7948
-12.232
-13.893
16.169
2.8429
10.582
-15.427
-5.7271
-17.963
25.289
16.877
-8.1298
2.3269
5.4558
-1.4416
-15.691
32.209
31.862
31.339
1.3621
-4.2493
1.3413
16.445
-13.334
-25.64
-17.758
11.221
-15.318
-20.681
-10.586
-40.269
-5.1326
23.113
-3.8028
19.7
27.28
17.825
-14.039
-12.736
-13.822
-9.5577
6.8093
12.273
2.1743
5.5574
20.595
3.8403
-5.4526
-3.9975
8.4389
-9.7681
-22.693
0.42631
0.31005
18.657
-12.718
10.226
14.679
6.5779
-21.871
-12.676
-9.3086
8.5239
4.9398
13.482
3.8564
8.6401
-1.273
-10.938
-3.2303
6.4249
6.8674
-10.162
-36.65
-5.9255
-2.3467
5.023
-0.22348
-21.073
-11.628
-6.9545
26.698
15.017
24.077
12.348
6.6677
12.729
10.894
21.492
-21.803
9.3715
-18.098
26.693
27.399
-16.238
-4.0248
-16.116
-2.9313
-39.144
-28.279
-17.834
-6.3158
-10.45
-19.734
-2.6959
17.888
14.304
27.798
2.1916
21.115
14.375
-38.451
-13.178
-6.9506
-9.2987
21.256
15.408
2.1725
7.0329
26.039
25.226
-0.13594
-0.59804
-6.5332
13.987
3.7698
29.476
-20.49
-48.635
-12.703
-15.835
-19.227
11.327
-0.4866
10.459
11.649
-0.58587
-9.1571
1.1956
-0.83933
7.518
9.9033
-16.353
-16.09
-12.266
1.9356
8.7186
4.2268
-8.4426
9.4185
-6.9969
-4.5555
10.241
6.0426
-7.3742
14.6
-10.119
-10.468
5.2999
9.1903
1.8704
39.007
-1.9042
11.213
-14.745
7.4677
-1.5599
15.114
13.239
11.593
-6.0039
-27.936
2.1653
-16.942
0.76354
-14.054
2.9419
-3.0288
-8.4838
-24.108
-30.297
12.092
8.9353
2.5628
-12.16
1.7857
-4.5071
0.9916
-9.503
