-0.8406
-2.1117
-44.14
-67.54
-12.184
-6.5792
-12.775
28.112
43.719
17.56
56.343
19.791
-12.301
-3.4505
19.131
-5.2495
22.171
45.214
-18.121
-17.872
-6.865
-13.53
-4.8996
-16.49
-26.606
-12.153
-6.1297
-22.103
-5.6768
-1.8102
-6.5277
-31.936
-10.289
-7.2797
20.963
3.0182
29.934
40.48
17.935
23.919
-5.9623
17.024
9.0994
-27.92
15.585
25.571
-30.97
-5.1556
-59.693
-49.707
-11.486
12.567
28.983
19.851
43.359
25.533
0.5773
22.519
-17.369
1.3234
11.232
10.539
-28.267
-8.3642
-46.444
-8.2293
10.651
-8.0331
-26.853
-50.434
-28.182
35.541
23.097
6.7379
38.744
14.298
4.895
-18.409
-25.528
-29.27
40.128
21.288
17.971
38.369
28.068
-11.905
-9.2979
-12.232
7.6233
-14.184
25.271
-2.4995
-43.938
-3.1568
4.0419
-36.837
-5.2531
-11.157
14.075
9.6053
-7.0359
39.616
12.135
-29.155
-1.8283
-42.875
19.295
23.963
12.303
-6.3783
16.711
-6.9354
3.1586
-22.104
-8.4932
-19.516
-33.792
-2.027
15.129
8.2525
8.8553
-7.3068
15.094
42.187
-0.94566
26.334
4.3619
-32.267
-13.101
-16.428
-0.88466
0.0030692
-2.7571
-13.286
25.344
12.3
21.672
18.208
2.1098
-4.9269
-10.429
5.6832
13.606
-1.0672
6.4341
-21.53
22.064
32.989
15.24
-24.024
-21.937
-14.143
-22.737
-58.65
-33.45
-45.12
-25.566
-19.58
-19.338
19.249
40.03
38.231
16.998
17.228
21.835
37.568
38.712
16.107
-19.25
-17.103
-25.138
14.917
32.271
-3.0876
-16.199
1.5559
-17.249
-31.134
9.2313
-7.3366
26.023
30.667
40.308
19.433
-4.133
14.612
1.8388
-8.9547
-61.515
4.0025
17.25
-28.34
-42.609
-5.1348
-16.117
-47.992
-41.595
-12.755
9.0827
-3.5578
8.439
2.2864
-14.308
8.539
10.579
-4.4975
15.258
6.5436
38.689
26.3
45.643
20.388
31.54
17.205
4.1286
-2.901
33.326
23.621
11.861
-11.845
-18.718
-47.913
-39.929
-16.571
-5.659
17.203
-4.2188
-13.731
-7.6479
-32.946
-13.814
9.2647
-11.121
-41.095
-16.769
7.6234
4.6756
12.387
26.112
-1.2395
-21.212
-12.898
18.54
12.145
11.196
23.17
-20.317
11.044
34.614
30.924
-27.193
2.5583
18.895
27.669
-7.1352
9.387
0.021697
-5.1184
-20.459
-0.32862
-36.138
-3.6026
-5.5203
26.6
-25.419
0.53008
13.968
2.1093
10.191
5.2614
-15.414
-17.887
18.959
-13.092
-11.199
-39.349
17.418
-9.9981
28.788
38.076
-9.4749
11.361
