12.058
-4.2742
-11.162
-60.167
-11.144
-8.332
2.3754
17.991
15.912
-2.63
35.302
50.028
-34.265
-6.9352
-41.044
-85.944
-43.604
20.336
31.354
36.314
43.219
2.381
-31.505
-17.112
3.8703
38.498
30.968
-17.124
-7.7627
10.137
35.472
10.718
-2.714
-19.368
-10.43
-27.786
6.109
17.582
29.942
-7.3317
-21.135
-24.668
-23.589
-4.3076
20.314
6.9568
-1.9289
-7.9318
36.012
5.6974
-49.112
-32.595
-3.2287
-16.496
1.053
-4.3907
18.141
36.15
47.253
1.5581
-1.5782
20.069
21.508
-5.1585
-29.561
-33.777
2.5683
28.92
24.03
17.146
7.6442
-38.326
-57.839
-8.4447
-2.3392
2.6414
2.5159
11.921
-8.1603
5.6499
-20.755
-1.8762
14.034
13.84
-9.9071
4.4758
6.2543
4.8199
-1.0606
-37.22
-10.778
-5.7781
-2.6136
15.667
45.56
25.574
-7.8679
-19.787
12.953
-4.5842
-5.1709
-0.54923
-0.26784
-28.652
-0.70543
50.918
21.845
19.036
0.44304
-3.1171
17.443
10.168
1.5299
-19.085
-27.503
-79.163
-22.747
12.977
51.754
31.222
6.916
-8.1112
-3.7932
-31.149
-35.718
-37.191
-26.351
-15.59
-16.687
-7.1608
19.86
37.49
20.457
29.661
19.289
3.0639
18.858
7.9245
-1.953
4.7503
16.958
-4.0187
7.422
4.7832
7.6205
-21.677
-31.324
15.669
-21.471
43.184
30.805
-0.26441
-1.84
-21.684
-34.588
-21.82
12.95
33.5
-26.471
-26.242
7.3644
-5.5254
27.642
42.176
-20.772
-37.243
-13.038
-18.698
22.654
34.558
-33.358
-70.12
-36.919
-3.9333
24.272
10.882
30.994
37.327
-4.6802
-20.12
23.441
12.964
7.419
14.858
-11.534
-16.905
9.7902
12.994
21.233
20.188
-10.919
-16.165
-6.61
-0.96364
27.682
20.101
37.387
1.8353
-46.008
-0.87855
-30.653
-12.949
1.869
-20.854
-21.745
2.5855
50.802
68.281
-4.1732
-92.447
-64.459
-31.546
8.1806
28.367
13.594
-23.745
-40.724
-0.60788
5.9082
27.428
27.658
11.073
8.7991
17.619
29.969
30.207
29.638
7.1985
-8.1784
-23.665
7.9832
-22.46
15.107
-4.7449
-17.491
1.822
-6.8649
-22.68
-27.783
-19.658
-11.367
-15.492
37.452
47.599
47.917
-40.241
-40.001
-13.496
21.652
23.265
-33.456
-4.7879
14.429
24.058
37.72
33.812
25.776
8.3947
-32.502
-20.492
-51.021
-29.462
-26.871
-40.84
2.9543
21.376
-16.511
-12.726
4.4508
10.03
13.556
13.537
13.958
0.37454
7.3412
-7.7033
7.9182
9.7867
23.556
25.729
14.372
23.588
9.4332
-23.738
-4.9026
-4.2024
-2.7342
-1.5825
-0.42807
