-14.328
10.025
-35.938
-52.514
-27.001
-49.912
-38.136
-10.7
36.577
21.989
40.67
7.1743
5.1555
-7.9755
-13.389
13.878
4.7913
14.971
23.759
21.3
16.058
11.147
9.0878
0.93694
21.351
-4.8409
18.505
26.713
28.723
11.619
10.394
1.0374
-21.938
-27.174
-9.0178
-31.904
-11.794
-33.814
3.3337
2.4466
-25.055
-8.9897
-25.214
-38.886
5.8974
19.564
-4.417
12.009
29.391
-34.446
-21.423
-13.896
-7.2508
-28.114
-33.76
49.782
4.8236
53.332
25.923
38.097
18.939
18.311
24.534
9.4899
-41.514
-29.055
1.1378
25.193
17.826
7.0703
-6.0242
3.9009
5.8361
-1.3286
-13.291
-25.55
-13.603
9.7411
7.2022
-3.7933
5.8913
2.0972
-14.67
-22.424
-57.249
-34.516
7.5175
-6.4344
21.759
5.8306
0.53396
7.7495
27.131
40.779
5.9402
9.043
10.114
9.699
10.041
14.556
-53.04
-55.155
12.372
28.478
-43.414
21.906
-24.623
29.56
-7.7695
-9.5927
-10.256
16.035
-22.232
2.9611
18.522
19.38
50.971
4.1858
11.808
0.87125
33.541
-10.993
-58.547
-41.838
12.617
1.3511
9.0797
-6.7896
3.0551
-9.6534
-19.459
2.1952
1.4757
1.8915
2.8022
-14.188
6.1024
-2.1586
12.005
-21.111
0.29932
38.034
15.316
0.85005
-6.2939
-24.815
8.9759
6.3009
-14.774
18.28
20.615
21.217
30.27
-1.5451
-42.268
-55.51
-12.622
-0.068344
-15.923
6.6688
13.353
23.038
19.497
30.57
21.316
-5.8776
-47.495
-19.652
9.4447
30.634
4.1372
-39.594
-82.269
-9.1408
-7.2717
4.2542
16.462
7.9392
-29.865
2.6235
-0.58925
28.849
35.659
64.541
53.868
37.237
14.455
-9.807
-6.1229
5.2124
-10.799
-5.5251
-8.0763
1.2217
-0.62188
-5.7589
-24.601
-5.3123
-58.461
-26.482
-46.27
-33.634
-15.841
5.3743
13.219
24.972
-4.458
1.6733
9.7028
19.092
-7.5845
16.156
9.5435
25.684
0.10873
-71.343
-0.71525
-2.2392
12.022
5.5697
-1.412
-0.34968
34.745
-1.7971
2.8857
30.419
40.41
26.616
48.899
38.357
27.149
12.725
13.667
-33.243
-1.2068
-2.9775
-48.104
-14.826
-28.652
-27.207
-63.157
-56.12
-27.733
-27.232
-2.4528
-48.525
-3.1531
28.163
8.8399
-22.035
-32.762
7.426
29.738
46.261
65.898
35.593
58.616
23.42
-1.4871
-26.987
-1.5701
14.753
11.578
3.6834
-63.104
-25.973
11.316
29.663
-2.0059
-3.2577
-19.878
4.7958
-1.925
-6.3526
13.973
1.1432
17.763
28.272
5.2341
15.067
-26.963
-6.246
37.285
-3.3006
-34.109
-5.5446
-11.498
3.7028
10.669
