8.2056
8.9335
42.04
23.466
-61.529
-33.659
-3.698
1.761
66.995
75.938
-21.985
-30.439
53.736
8.1956
-48.969
-52.294
36.099
-19.151
0.92826
30.563
-29.286
-22.734
-61.004
-14.051
4.4715
-2.07
-7.9077
26.384
-5.3392
-8.0371
35.624
-32.455
-48.602
19.656
-4.7356
8.9412
19.256
1.5191
47.212
16.144
2.2648
18.081
34.431
6.5246
16.425
-27.8
13.655
21.659
9.4625
-15.975
-45.757
-47.355
-55.882
-51.59
25.729
11.341
12.473
48.534
49.921
8.4732
-10.28
-22.698
34.291
38.454
2.3819
-8.5159
-38.021
-34.282
-28.238
6.0465
18.961
-0.049549
17.047
23.304
-62.128
-43.264
-48.285
-36.755
-39.588
57.895
26.408
74.594
-2.1446
14.267
20.971
14.065
-13.046
15.684
-12.729
23.321
62.08
0.47425
-10.631
43.053
-3.2094
-42.627
-25.524
-17.498
-26.12
31.767
-6.3414
-30.826
21.074
-6.2972
-26.119
-20.997
-21.939
-14.598
-38.125
-26.7
19.92
50.483
22.16
24.705
-13.762
-33.595
42.7
44.618
-10.045
-35.377
-14.972
32.83
27.23
20.531
21.454
26.425
-85.056
-12.612
-3.1563
34.636
36.501
-42.01
-74.213
-19.662
3.1234
23.202
0.16077
-35.241
18.05
53.38
41.318
7.3784
16.449
-8.8646
28.626
3.7986
-6.3061
-44.154
8.9189
-22.019
-3.1079
13.365
-0.69957
-8.317
-69.745
-63.642
12.751
58.562
40.54
-13.122
-31.016
-25.514
-0.10246
7.1095
20.531
38.275
-12.203
-24.165
41.798
74.902
67.292
-36.262
-63.666
-22.013
-2.8724
-46.124
-22.475
4.8213
-47.034
-36.344
47.837
26.018
51.486
48.378
32.815
-7.4824
-8.9415
-13.439
-12.555
51.202
18.898
18.805
-0.59537
-49.699
-24.4
-52.83
-41.827
30.162
0.91928
-23.308
-1.5963
-6.3021
-47.315
-34.704
4.6881
-33.849
4.272
32.317
67.614
44.177
3.8927
51.067
10.087
-11.239
-29.178
9.9188
43.452
-38.924
-15.741
-29.368
-10.802
14.678
46.127
69.745
73.173
-113.99
-11.266
-0.45368
-16.718
-24.535
-20.832
-18.521
39.876
-3.3156
-15.623
-26.893
10.42
12.721
-3.2061
13.21
12.59
-28.857
-39.264
-44.709
22.923
32.561
59.808
19.167
-65.164
-24.137
28.769
-34.453
-18.015
25.092
34.807
