-8.5773
10.234
-27.186
-17.479
18.399
37.277
30.295
45.692
7.0543
-11.696
-2.4047
-20.814
43.342
24.131
-28.121
-18.599
-61.17
-33.055
42.168
17.37
-23.11
-30.457
13.942
30.577
22.077
16.763
-19.092
-52.699
-36.461
13.338
13.937
-9.2089
-5.8987
13.941
-2.242
12.151
-20.349
-2.7969
-3.6804
-19.495
-49.663
-20.195
-12.837
21.151
33.841
61.631
11.697
32.934
-5.922
27.016
36.103
30.761
45.78
-11.624
-41.574
-26.953
-44.618
-25.032
-25.415
-21.598
-4.9847
5.2033
-30.473
-31.722
3.2002
25.942
41.626
13.612
-6.6579
5.195
13.255
9.1317
16.402
-25.42
7.6067
19.79
30.278
-23.531
14.208
48.847
7.4087
9.9996
11.507
-34.957
-4.9641
-23.075
-17.204
-19.646
-62.307
-27.341
-14.967
-11.408
18.029
21.466
-28.476
-46.617
-26.107
13.376
8.2698
11.573
-4.1595
16.141
45.668
32.403
37.721
25.138
20.618
52.278
28.553
-42.719
-25.635
9.1186
3.0944
0.77303
-19.984
7.5244
0.51758
35.509
63.705
7.9102
-47.872
-74.444
-28.768
-23.401
2.9983
-2.7466
-13.715
-12.389
-3.8149
-25.827
-52.802
-9.3829
20.232
29.799
-26.295
-30.331
9.3701
-12.212
-15.45
18
29.654
9.6282
71.412
48.829
34.735
-5.9105
-17.111
10.823
34.581
-2.8915
-25.314
-7.9453
12.361
-5.1423
-12.793
13.476
-19.884
-9.1566
11.219
-3.3851
8.1157
-13.153
25.484
-20.661
-10.097
-32.292
-24.334
2.8335
-45.667
22.796
-13.217
-13.511
7.2732
13.885
12.292
68.325
-5.8998
-24.25
-31.518
-30.391
-13.274
37.633
7.3031
18.418
13.171
10.279
17.04
23.558
54.934
-32.594
-1.6988
-35.23
-16.525
-0.59548
-13.667
-83.53
-31.924
30.724
26.562
22.907
-10.679
-14.021
0.0073929
6.7521
15.399
46.877
-7.58
-8.1979
37.851
7.8289
-26.892
4.5067
37.209
9.8692
25.187
-5.5898
14.416
-8.0119
-16.845
8.3929
-32.5
2.922
-14.269
-18.708
-26.103
2.172
-35.869
-30.78
4.8739
-17.894
-30.096
-33.532
34.434
16.194
44.183
-36.943
8.78
1.279
-27.01
25.656
33.098
26.531
4.478
-17.052
0.95536
5.3251
8.5237
31.669
62.843
50.14
70.348
-21.533
-48.226
-48.62
6.0174
-24.069
-30.552
-24.942
-16.939
3.5414
13.578
18.941
5.9187
12.781
-18.527
17.958
-4.8096
-29.122
-5.8197
-12.62
-27.085
-2.8602
-36.213
-36.708
3.6582
-30.11
-34.762
26.337
46.05
35.741
47.307
4.0993
