-28.738
2.6135
-13.374
2.2863
-34.628
-36.682
-24.864
-8.5043
31.968
8.1867
43.51
19.505
-12.051
9.9232
41.47
50.778
26.753
28.981
-23.412
-26.814
2.0794
32.249
15.245
35.143
48.818
31.277
-17.048
-21.232
9.424
-45.208
-10.916
-19.293
-5.8093
-42.493
-37.58
-10.505
-23.545
-32.111
-23.549
-10.999
13.478
-11.536
-28.331
-19.694
-21.816
-39.978
9.2129
0.55514
0.42751
20.517
-5.9001
62.139
77.931
66.323
10.5
28.626
34.392
19.489
30.511
10.521
-12.219
-34.432
-31.176
-22.281
-39.401
-46.915
-32.245
-1.0194
4.1069
18.826
39.852
-0.36132
-13.119
5.554
15.669
51.016
53.768
-15.984
-8.9237
-6.5736
18.247
5.6685
-43.49
-64.577
0.57673
-3.7595
-21.001
-59.448
5.8105
-12.561
10.24
8.5027
-39.048
-6.1548
-48.516
9.5708
33.577
16.352
40.107
-19.704
-54.797
5.1204
14.205
-19.475
40.676
27.234
30.4
63.923
33.834
49.698
43.513
20.121
5.2027
0.66074
11.408
-14.142
42.495
88.982
5.9677
-50.174
-84.388
-107.75
-107.82
-66.958
-67.118
8.0649
28.769
31.5
13.162
-60.311
-55.72
-7.2216
34.042
35.661
26.092
-4.0815
12.727
14.493
7.441
-16.052
40.682
58.352
97.417
26.731
-70.989
20.078
29.817
27.265
-2.4002
-2.4742
-30.62
-47.24
-38.675
-21.856
-26.37
60.865
1.4745
-14.769
-19.546
-16.08
7.987
12.819
1.731
9.0694
31.488
16.983
3.4506
-2.9019
-23.006
-45.13
-38.32
4.1772
26.572
11.924
17.837
-46.628
-21.791
-9.8241
7.7391
-1.8226
25.926
41.753
47.278
25.702
-4.7586
17.814
-14.868
-41.148
-27.454
40.403
10.908
-41.922
-46.252
-21.428
-17.256
-31.05
-45.229
-13.587
21.819
-1.0707
17.435
37.041
55.641
64.11
16.638
28.552
-46.739
18.608
54.094
56.756
24.562
-4.6326
-7.1626
-33.953
-51.51
-71.594
-4.5652
-1.975
-33.353
-23.307
-28.86
20.153
-8.9177
-0.64008
-15.548
6.6347
2.021
-20.478
5.5947
33.561
19.399
1.4526
8.5446
18.316
17.475
37.607
15.913
-15.467
16.811
0.43093
10.695
-15.232
-2.3447
-40.907
-50.074
-33.533
15.232
9.6931
-30.622
-28.672
-17.326
-4.7054
-39.142
41.781
24.33
1.0052
54.782
43.533
17.894
37.933
46.327
26.826
44.038
2.9111
-38.545
-25.431
-31.232
-13.151
10.991
-7.1132
-0.29419
-26.301
-1.9637
-33.224
-24.597
-18.708
-25.084
-21.019
-13.483
6.8729
44.262
13.209
