0.73645
-1.6282
32.615
45.007
5.5812
-32.945
-12.266
-10.577
23.081
11.073
33.267
35.474
36.683
1.2766
-13.219
-5.6314
18.846
16.536
-50.883
-11.712
41.529
2.4932
-60.727
-15.786
-35.425
-42.93
0.70916
12.826
35.504
6.1269
-12.596
15.205
-11.975
0.34527
11.147
-16.563
-0.71599
-30.849
-11.566
0.53067
65.113
62.848
16.754
29.664
3.0141
-31.295
-9.0327
-53.733
-31.279
22.591
-33.4
-65.404
1.9892
9.1939
5.3554
52.413
42.172
9.4518
44.925
-5.0913
-43.091
-24.175
-24.562
-46.313
-3.6702
-21.479
-4.02
31.47
50.14
74.419
61.025
19.989
-17.797
-15.909
-20.108
-20.575
-22.217
-17.182
15.411
-12.084
-60.866
19.601
-21.027
-9.2156
-12.042
7.0058
-41.399
14.154
21.651
-38.526
19.784
7.0406
36.423
46.62
25.251
-15.573
44.812
47.784
19.936
-18.758
0.65616
13.258
-0.69126
-35.207
-11.678
-47.179
-29.66
-70.736
-70.464
-57.279
7.8404
-6.1603
24.662
58.316
31.195
-13.304
-16.475
-4.6014
7.4743
34.046
77.782
55.722
61.021
27.49
-45.74
-29.84
-1
48.669
20.352
-4.6886
10.885
-9.9559
-35.135
-79.85
-10.928
-20.289
-0.43816
-20.087
-5.8599
-8.5908
33.105
29.361
2.226
-1.3959
-32.444
-46.249
-16.526
6.6552
-56.778
-52.932
-8.5685
14.558
7.9675
24.497
23.112
35.008
21.571
1.2126
1.0576
5.9156
63.303
43.267
64.48
21.933
25.954
8.3383
-16.73
-34.803
-19.358
17.692
-31.717
-32.061
6.1336
26.944
7.2079
-14.907
-59.266
-44.803
-3.625
0.015151
17.144
-12.909
-62.72
-37.901
-24.121
19.927
-44.735
-5.4298
-27.136
48.054
32.302
19.975
38.872
31.019
29.687
61.351
52.403
28.218
21.565
-32.67
-15.905
-7.3382
-50.111
-11.173
-44.194
-39.534
-47.724
24.245
10.877
23.469
4.7741
-54.92
-29.613
16.449
19.377
56.502
60.8
-18.119
-0.80813
15.383
29.183
30.291
22.462
1.8624
-0.52939
-9.2408
-46.121
-33.29
-24.513
-59.743
26.226
11.812
-17.109
4.3994
4.7921
-49.505
-66.308
30.355
3.3859
-17.253
-37.561
-3.1398
53.972
9.052
25.689
29.831
52.18
14.378
-14.979
25.524
10.798
10.138
-1.0739
6.4133
39.755
-49.819
-25.092
-11.899
-32.957
-5.0087
29.308
20.545
4.8327
53.167
48.92
-25.411
-33.049
-30.558
-15.835
-25.434
34.643
23.258
-67.133
-73.552
-43.869
1.3013
47.495
20.326
-32.859
8.4176
-29.88
23.024
