-35.502
-26.776
-2.24
28.695
7.2702
-28.792
-18.277
-7.9322
16.004
-12.612
5.928
-8.3274
1.5841
6.4913
1.6955
54.695
61.045
27.194
-12.051
-1.773
11.328
2.653
16.99
25.768
56.209
28.776
-10.2
-21.621
-12.12
-28.624
-51.254
-4.8152
20.037
-18.765
-16.305
2.2551
-12.791
-16.098
-40.226
-30.786
24.75
16.231
-36.816
-9.8097
3.4461
-37.056
-38.352
1.0152
47.063
33.772
-28.101
16.311
14.65
32.861
20.806
25.367
55.996
4.6224
-13.391
-23.139
-49.462
-58.414
-19.857
0.16984
43.399
37.834
24.919
31.181
20.343
30.303
50.951
5.5454
-39.782
-12.25
-25.645
10.881
53.718
-41.229
-39.588
-20.177
-30.794
-18.602
10.597
-33.628
-49.155
21.105
0.14999
-46.364
-1.8616
-2.8338
0.4273
9.0841
28.684
-20.194
-37.466
8.8197
8.1153
55.833
82.22
-7.6283
-32.796
-0.69506
-10.253
4.7734
3.1588
-6.3123
15.398
0.49306
35.724
-7.811
-0.82298
-1.9535
22.521
36.424
3.3817
17.761
74.706
98.788
14.315
-51.148
-65.377
-57.532
-43.411
-41.519
-59.565
-35.447
-30.554
-12.052
12.634
-21.893
-33.101
4.286
7.9618
-13.003
22.434
-18.15
21.961
9.7161
14.002
14.464
29.198
63.287
53.084
25.45
-54.027
-25.96
15.718
-10.638
6.7851
-13.581
11.8
-13.233
7.3482
47.757
-0.21873
52.242
67.189
76.715
27.56
-26.51
-63.294
-80.248
-54.723
-72.483
-28.504
-35.39
-59.532
-21.467
-2.8172
6.537
18.902
26.998
17.321
25.418
29.7
-3.9615
32.763
37.36
-28.201
-5.2964
8.9924
30.56
3.1371
-13.756
2.8817
21.662
-3.6006
19.776
-40.657
27.864
-15.435
-56.622
-39.341
-30.844
-19.927
34.461
22.742
-2.0528
-7.4452
40.729
54.921
47.601
36.611
33.466
-16.319
-8.261
-37.134
14.681
35.293
34.119
-1.2811
-48.925
-43.307
-71.602
-96.868
-68.15
-29.079
-22.682
-22.335
33.501
54.75
68.134
32.4
0.52244
3.4755
13.433
7.3899
-37.645
-14.389
29.103
52.644
26.097
45.318
23.696
33.876
62.216
-17.956
-27.726
-6.9558
-18.317
-5.5756
-52.637
9.5313
-33.265
-55.24
-31.604
25.821
-27.954
-72.782
-38.561
-29.802
15.805
11.437
5.8315
22.124
11.081
46.343
29.004
10.89
6.7197
30.131
27.884
26.92
4.9622
-13.327
15.159
-1.6859
3.61
7.4792
23.79
35.136
25.452
-33.699
-26.395
-19.746
-25.23
-7.6785
-37.084
-18.376
13.228
-7.2722
-24.715
