5.5895
6.4444
22.793
27.379
34.444
-0.47966
-14.263
-63.41
8.9049
33.434
-41.618
-46.86
6.3365
-14.727
-16.022
-1.6526
28.662
-23.187
21.703
34.738
18.732
-33.274
-44.258
-20.204
3.8717
17.147
84.9
51.175
-14.693
-7.1488
-8.819
-67.473
-33.481
-46.497
-16.366
4.2425
19.137
49.695
-4.1553
24.348
23.687
-1.672
-13.232
40.369
48.02
-8.3491
-3.1546
16.177
18.184
-18.851
-18.762
-43.69
-46.047
-18.479
-16.924
-9.0252
-19.591
-13.388
9.2819
36.077
40.45
31.552
26.809
-25.446
-8.7356
2.6156
22.445
-23.397
-12.551
-30.283
4.3575
18.574
24.036
35.967
-3.8173
-37.485
-40.858
-41.764
-1.2852
16.742
59.754
-35.983
-17.716
32.302
31.45
-11.065
6.5351
-11.201
-17.802
-1.9952
5.2312
-12.819
15.097
35.293
26.041
33.846
-11.379
-61.996
-29.043
22.639
0.65865
19.23
20.673
21.21
6.7321
22.897
-15.425
-24.763
-25.262
-34.263
-73.412
-59.483
13.492
59.724
-1.6424
-43.383
-23.433
16.062
42.84
-22.506
37.042
76.976
72.449
74.031
-3.5219
-74.747
-69.015
-29.828
-20.419
34.984
22.468
-27.055
-45.049
7.8078
-0.97206
-1.6108
-5.2718
4.6971
45.985
72.924
54.347
35.813
-6.4846
-22.865
-13.838
4.2958
6.0798
-54.736
-61.933
-112.88
-45.378
-37.417
19.183
-3.4715
-27.493
-40.948
27.099
70.485
71.394
32.327
-18.231
5.1386
24.771
31.065
55.17
68.84
19.375
-12.658
69.952
73.48
-23.417
-80.04
-95.647
-89.822
-73.807
-45.316
-18.576
45.22
29.709
14.316
12.534
-1.4869
-25.635
17.02
-21.331
-34.88
17.245
28.25
46.877
43.982
14.816
6.2257
1.3467
19.136
-0.20114
2.0907
-4.4962
-5.4297
-16.055
0.55708
-30.959
0.89459
-42.352
-67.488
-7.0333
-47.727
6.1766
17.584
15.066
44.04
36.119
35.844
45.021
21.872
3.1045
-29.158
-12.077
-1.0831
4.3063
-44.312
7.0898
49.486
28.973
70.317
9.5238
-63.65
-59.182
-71.047
-52.679
-13.644
5.1269
-21.4
22.139
25.428
-0.47528
20.859
35.908
26.294
1.0182
5.7141
12.523
10.3
-54.409
-40.441
34.819
36.933
13.579
-2.6381
-51.762
-35.127
-34.4
18.423
14.903
42.128
15.212
