-32.243
-17.641
-42.65
-22.361
16.144
54.816
90.14
30.164
9.281
29.432
42.963
10.752
7.5694
28.652
44.21
-18.787
-0.080363
3.647
22.331
-21.799
-55.399
-72.006
-59.13
22.141
42.845
18.401
13.982
-9.3361
-79.383
-24.248
7.4374
-18.826
-3.1436
19.173
-6.6975
8.8894
19.292
3.1839
4.4383
3.1766
-4.1355
-44.01
-1.247
-8.4628
4.1964
50.884
27.652
27.32
-46.898
45.591
-17.235
-12.924
60.966
9.1856
23.63
-1.3775
-36.468
-7.3847
23.027
0.67117
-18.27
-26.579
-65.857
-39.873
-70.348
-25.843
26.547
81.571
12.522
5.5677
56.526
45.457
-11.113
-28.541
9.8096
44.565
-10.506
1.3748
20.399
11.524
-2.3588
28.295
20.875
-26.941
-50.088
4.5034
-22.16
-29.043
-20.664
-32.954
14.435
-21.372
-27.924
23.83
-10.177
-60.422
-22.736
-27.298
-8.4194
12.522
52.155
5.6609
53.696
-16.385
7.9154
9.8462
36.005
52.945
36.402
-12.954
6.6295
39.252
39.192
-10.908
-26.488
22.207
18.093
-7.6022
35.779
47.304
-70.362
-93.971
-30.493
-9.3423
28.175
-23.372
-64.315
-80.361
-11.312
7.1223
-18.384
6.0422
34.992
23.883
46.979
-17.114
-21.858
-7.3141
-4.5475
36.291
31.584
-10.165
43.782
13.198
-10.134
46.086
-8.6266
16.433
-36.04
-45.173
-34.203
-17.313
-22.205
-19.553
3.3024
44.475
71.906
33.44
107.65
28.51
-9.8153
-43.105
-21.502
-67.049
29.47
-9.2817
-57.128
-34.451
-8.3261
-16.62
4.2681
21.645
-26.753
-15.643
-0.81408
67.697
9.7279
-13.237
-28.152
-18.601
-8.193
25.695
9.6426
2.7154
9.414
11.871
26.828
-7.7188
-11.573
-25.945
27.014
22.195
0.08881
43.287
-34.403
-95.923
-47.939
17.675
46.842
82.862
-11.99
-83.367
-75.469
-23.068
8.5786
18.202
22.061
46.551
83.958
41.604
11.628
46.59
43.561
3.7313
14.765
-18.445
-5.2605
-13.958
-24.816
-20.111
-42.445
-40.408
-8.7029
-33.369
-18.765
-12.095
-41.333
9.6566
-32.582
-18.703
-0.58565
-21.068
-15.635
-6.3865
19.775
-24.253
13.778
55.222
55.509
47.696
42.348
19.718
18.025
5.3956
-23.425
1.021
44.608
52.749
13.441
-18.667
-16.893
-69.236
-56.658
-24.722
0.27389
7.0014
-0.61607
-36.487
-30.308
19.566
16.178
-3.938
20.192
42.643
-4.6097
48.306
59.904
3.49
-74.713
-18.376
7.189
5.0635
-4.2839
-23.974
12.391
-4.8692
-44.861
-36.648
-5.6009
-5.6633
4.7116
-26.068
