-25.44
1.2202
41.185
40.117
-18.231
10.809
33.467
-37.826
-25.617
-35.927
-16.724
2.9813
-6.93
-48.641
-71.155
25.498
69.34
4.8942
36.444
3.2698
-27.691
-36.09
20.652
16.871
26.338
-3.6906
-44.424
-7.4265
-28.478
7.1886
8.5303
14.331
18.383
-9.6678
25.743
6.5575
6.7772
19.366
-17.816
0.28982
-39.613
-0.26671
-38.388
-18.274
38.293
22.461
17.202
29.995
-29.835
27.903
-17.503
-47.851
-0.15167
-5.9513
49.376
70.235
-1.9134
5.9646
3.1073
15.252
-30.982
-16.164
-14.694
-16.153
-19.626
-44.716
16.793
19.473
13.447
17.817
-44.907
-53.025
-32.56
-12.858
12.62
53.887
-17.629
0.61609
42.683
0.71199
-27.124
26.955
-4.4634
30.849
-13.372
9.7641
46.937
32.626
10.841
-2.5349
18.842
-43.891
1.9992
-20.37
-75.079
-30.149
-47.085
-2.9105
42.356
48.702
58.982
2.337
17.874
40.999
11.033
-35.588
-45.638
-27.849
-0.46212
-36.029
-2.6699
44.555
38.832
6.4396
-16.348
12.211
13.707
-52.515
-80.09
-49.789
14.395
29.455
0.9082
-38.532
-38.465
40.228
37.663
4.0427
-6.816
46.708
42.921
-29.381
48.568
16.341
38.691
48.726
12.418
-40.128
-7.4439
-8.1879
-54.511
-10.327
13.943
-32.517
12.1
6.963
-11.297
15.168
-1.7123
-36.782
0.77306
9.6515
55.502
9.3564
-40.893
-75.748
3.9291
4.679
8.6887
-38.619
-31.885
-12.707
42.469
-6.0492
-13.682
11.529
-16.4
-2.9668
37.359
18.585
48.836
12.585
-15.493
3.1862
-15.173
8.2788
39.408
-13.344
-29.219
16.034
98.735
71.772
-1.2995
-12.965
-12.705
-50.69
8.8499
-35.568
-8.2307
19.869
-32.664
-2.9815
2.6448
-69.192
-118.54
-16.312
39.7
-31.045
-27.209
-2.4793
-6.165
2.608
25.036
51.6
58.84
13.248
13.544
15.108
21.542
-18.538
-6.9129
10.815
-6.0568
20.873
-18.564
20.468
51.171
3.6904
-16.206
-5.4203
42.633
19.845
-9.9813
30.558
-8.2693
-16.634
-30.011
-2.0175
-48.53
-79.462
-83.953
-39.7
54.819
51.111
25.395
-8.2816
-13.803
9.7332
19.766
-39.622
-16.186
22.171
4.3674
3.8633
-6.3276
-3.0313
36.351
23.66
-1.8335
-5.8857
11.307
-24.732
9.9159
-2.2512
56.697
