21.404
-7.8832
-26.638
-59.293
-58.675
5.6163
-11.365
13.488
37.655
19.639
29.422
36.462
7.0698
14.953
-51.41
-87.129
-16.681
33.836
-9.0983
35.212
4.6447
-29.31
-73.373
22.124
6.0485
-7.4317
-8.9302
1.0826
9.3123
12.276
57.469
33.79
25.465
14.856
28.936
11.66
-19.491
-27.296
-9.4524
-14.526
-19.238
-8.2299
21.617
52.814
-6.6347
-29.054
-36.22
-59.586
37.486
-3.4953
-14.821
-25.187
38.831
-13.886
-35.369
-85.066
38.65
24.772
86.844
22.893
21.197
-3.934
16.033
27.401
-27.488
-33.404
31.027
31.371
10.722
-22.709
9.246
-7.8485
-19.367
-0.24102
11.131
-41.528
-47.067
-3.0403
-12.152
23.471
-30.719
-14.148
5.2712
22.747
-31.754
-27.667
-6.4718
-26.301
26.106
-1.5422
-0.066186
-5.2135
11.122
16.422
46.692
56.129
43.392
-30.719
46.753
48.743
2.1259
-43.05
-28.273
11.011
1.3793
34.092
-8.7609
-1.8251
-0.81167
-10.016
6.7819
-11.282
-28.825
-23.04
-10.865
-39.31
-27.369
12.536
15.435
4.5836
-3.3605
-48.516
-62.621
-27.823
24.808
5.6393
18.35
37.142
-13.176
24.372
-12.749
40.03
11.577
25.266
-3.214
-18.715
8.8174
4.3707
4.7715
57.044
13.979
5.6682
-1.4074
-14.608
20.148
-63.944
-37.234
30.985
15.369
38.982
30.935
1.4632
15.829
-26.298
-77.53
-5.0281
-15.628
-15.236
-34.279
-22.99
19.781
43.894
54.465
6.5058
2.3629
5.3734
-22.772
-16.945
9.8052
4.2465
2.4759
-56.428
-8.0925
1.21
0.83636
-8.932
-37.31
19.372
-26.056
-33.087
-8.295
-0.60268
27.826
31.864
48.573
29.311
-14.483
6.64
-5.6675
30.694
15.548
-3.8092
53.358
-18.769
39.268
-20.248
-3.7861
6.2417
-17.522
61.629
-1.0502
-55.905
-43.657
-44.701
-8.0244
15.902
29.043
47.368
42.455
-48.626
-49.892
-29.058
5.2892
-0.50811
-35.941
-54.34
-40.16
5.2829
-6.091
-8.6447
10.317
36.713
19.339
5.2174
6.3962
31.562
7.6323
18.683
7.6002
-15.341
39.171
-3.6582
9.5717
1.5299
42.483
-10.846
-10.032
23.815
15.367
-15.217
-21.836
-19.149
-3.105
13.435
34.592
-6.5958
-32.475
-32.709
-22.342
-47.917
19.65
-3.0668
0.83876
53.471
54.373
26.158
37.994
58.326
-48.928
-55.424
-66.861
-37.023
-30.365
-61.392
-41.593
13.712
40.062
12.694
-1.6592
-27.51
-27.448
47.856
3.198
21.652
-10.561
24.97
44.198
21.843
26.288
52.262
29.216
-28.102
14.582
3.9723
5.8414
-9.0578
-15.138
-31.823
14.508
