-35.005
30.753
8.1993
23.523
21.536
-7.2353
-29.721
21.593
14.644
-17.004
14.911
-25.403
42.743
20.56
-12.472
-13.72
-12.593
-35.699
5.3565
19.241
0.30048
-4.4275
20.441
4.867
-10.951
-53.272
-9.3926
-38.399
-22.693
55.52
63.867
-53.28
-6.6618
21.617
-0.62162
19.963
-6.6147
-38.68
-26.586
-31.935
-13.363
-16.845
-39.137
16.049
14.707
30.386
1.2066
4.759
-38.27
56.365
65.138
94.138
110.06
-43.87
-28.457
-42.658
-39.475
-12.837
5.4914
-12.299
28.715
1.7384
-47.167
-68.924
5.2252
14.072
8.4162
21.918
-47.362
-7.5755
-21.762
-20.704
19.641
33.756
2.8574
45.457
44.029
33.695
-12.153
21.429
12.263
-1.1486
-9.9118
-5.9213
2.5632
-7.4265
-44.452
10.437
-32.365
-15.633
-35.907
-35.012
-14.889
-4.9546
-28.105
-52.413
20.742
34.158
3.5429
-22.392
-15.74
-15.236
37.65
36.034
49.075
62.396
58.252
32.931
11.7
-20.464
31.907
-0.6192
-13.089
-14.092
-30.823
-5.5949
50.338
73.821
41.653
-29.961
-89.084
-88.896
-64.776
-26.33
19.854
30.822
-1.2624
-25.689
-3.5443
-53.071
-60.607
4.2876
47.626
42.85
-47.898
-43.725
-0.50306
15.658
-3.2972
30.965
51.706
27.402
55.692
66.549
40.221
33.718
-64.445
-2.2017
27.655
28.478
-59.783
-13.854
-89.002
-40.849
21.177
22.446
-66.505
-17.899
12.336
-1.1619
56.534
19.177
59.983
17.574
10.758
-5.1667
-18.13
7.4984
-14.114
4.5638
-31.378
-31.243
11.082
-6.1857
-14.642
23.222
-32.813
-51.808
-2.5981
5.5097
7.4072
31.145
2.3256
10.807
42.779
-16.607
-19.301
36.133
85.725
12.306
15.873
-82.611
-54.786
-16.655
-54.005
-107.23
-50.848
7.5265
28.308
30.989
32.935
33.395
58.956
49.873
55.362
65.114
-6.5258
-7.3729
35.559
23.039
-27.671
-57.046
12.985
-5.1787
-18.909
-33.057
10.257
11.998
4.9806
33.132
-9.3579
-14.628
-31.65
-47.789
-36.898
-24.45
-46.76
-33.682
5.4178
0.27077
-19.298
-25.121
33.04
2.5914
29.428
-8.7225
38.347
-1.0539
-7.687
-11.125
40.121
83.464
34.29
-29.202
-41.57
32.531
61.403
20.077
24.406
27.708
33.523
-35.881
-46.515
-38.644
8.2186
-24.128
-28.427
-27.895
-42.281
-9.2806
35.579
80.136
62.487
19.709
-12.607
-3.2111
-74.297
-35.121
-23.971
-20.584
-40.774
33.141
-65.144
-62.158
-0.94397
-9.0063
-32.588
8.8828
24.486
67.174
91.376
23.69
