-42.534
-3.9042
12.06
21.564
20.543
5.7336
9.1087
10.676
2.0923
-6.6932
-25.563
-13.691
9.8381
12.267
7.5089
8.9721
-6.1081
11.992
-7.4509
2.9581
22.419
20.529
16.056
9.6598
10.769
4.3248
-2.5363
-11.052
-23.414
-21.922
-39.673
-34.979
-28.344
-19.436
-12.013
-9.9887
14.029
13.514
NaN
NaN
NaN
NaN
NaN
13.681
17.584
22.769
20.028
-1.6919
NaN
NaN
NaN
NaN
NaN
NaN
NaN
NaN
NaN
-14.815
-5.2486
21.279
17.274
38.385
26.787
26.133
-3.8755
-17.595
-20.112
3.1959
-10.176
1.8587
2.1194
9.1377
-2.0923
23.244
6.9356
6.6984
-8.8629
-18.237
4.6699
-14.231
-25.911
-11.997
-6.0967
-7.1748
0.83103
1.9094
NaN
NaN
NaN
NaN
-15.588
-28.204
-24.147
-15.249
-3.1488
19.514
9.2269
1.1277
33.124
37.325
NaN
NaN
NaN
NaN
NaN
NaN
NaN
NaN
12.037
-28.795
-48.712
-28.411
-25.166
1.9521
5.3898
-6.1255
-4.4805
-8.7324
6.3088
4.7058
-4.4712
-2.7174
4.2231
18.336
28.349
5.3709
-4.1689
0.25944
6.4901
-13.464
-1.6415
-2.8042
-4.567
11.809
23.667
18.571
-20.308
-53.671
-14.372
-19.175
1.8907
8.5819
18.903
14.795
3.3324
NaN
NaN
NaN
NaN
NaN
NaN
-9.3912
8.6189
15.235
-8.6059
-1.7997
23.959
30.239
12.571
-34.961
-20.049
0.13806
4.7434
-13.423
1.6939
-2.7348
5.5622
-7.6959
-17.081
-10.898
16.137
35.919
24.452
8.8556
16.696
16.451
14.903
15.489
-14.3
-58.521
-42.757
-26.509
-11.546
1.6216
-3.1339
-5.7145
-11.015
4.988
13.773
17.135
10.053
20.407
7.5085
1.4722
0.74165
-7.7776
-26.656
-17.474
-5.7815
7.1528
-0.12907
8.5783
-10.245
-13.429
NaN
NaN
NaN
NaN
NaN
NaN
-13.578
13.993
-20.325
-44.874
-6.0968
8.6849
8.8142
5.1092
2.1966
12.839
-5.9482
NaN
NaN
NaN
NaN
NaN
NaN
-13.694
-46.056
-34.636
-20.55
-16.353
27.755
24.861
27.143
20.797
28.569
-0.65463
22.268
24.197
11.077
NaN
NaN
NaN
NaN
NaN
NaN
-4.0521
0.36712
8.2891
6.9686
11.322
9.812
9.9023
10.152
-16.066
-19.341
6.0548
2.4576
6.8687
10.99
-37.64
-11.728
-29.931
-18.033
-23.555
-23.126
3.8669
-11.115
-11.416
3.4957
23.418
22.082
22.133
23.552
29.102
-0.40235
-21.216
-2.2632
7.1823
8.2178
-12.138
-14.316
-24.299
-21.961
11.259
17.003
39.506
18.619
32.766
-5.5956
-11.508
4.134
-7.9166
-31.437
-22.245
-16.331
-16.414
0.51847
17.104
28.818
34.061
30.9
-5.6368
-3.4572
-2.9313
NaN
NaN
NaN
NaN
-18.02
-8.895
3.0279
-5.8056
-25.488
NaN
NaN
NaN
NaN
NaN
NaN
