NaN
NaN
NaN
NaN
2.9623
16.141
17.251
11.336
13.721
-0.90599
4.1442
-0.9284
-12.169
-19.618
-18.805
-2.9893
-14.966
-2.5096
10.958
-6.6154
-15.652
2.0779
10.841
-3.1024
-20.829
-15.358
7.8987
0.44755
-0.11851
17.819
16.216
0.72893
8.3236
-1.4546
NaN
NaN
NaN
NaN
NaN
NaN
NaN
-10.247
12.841
11.03
29.571
34.309
45.919
28.648
31.632
24.615
2.586
-22.395
-15.056
-19.686
-17.695
-16.388
-74.641
-46.047
-47.97
-23.137
12.664
21.144
-5.613
6.3071
15.372
13.995
-1.6412
-0.56679
15.636
30.136
17.759
31.176
27.907
-14.608
-8.4375
-17.121
-19.499
8.4241
6.4547
-21.697
12.927
19.483
14.446
10.591
26.194
11.703
-4.9513
-0.49306
-18.976
-17.611
-25.197
-3.2203
-7.5578
-1.9267
-5.7252
-20.199
14.267
-32.15
-23.422
-29.411
9.6768
5.133
14.433
8.631
NaN
NaN
NaN
NaN
NaN
17.353
34.822
10.499
6.4464
19.833
14.716
11.063
18.403
3.9368
7.308
-13.62
-9.9386
-14.163
-9.8317
-20.192
-10.932
18.914
7.9353
-10.344
-13.641
-23.851
-19.095
1.1186
3.1072
13.396
-27.015
-18.566
11.833
19.385
-1.3575
-12.945
-24.624
2.1371
-8.4697
11.96
11.349
9.1978
5.0845
38.139
16.553
-5.6377
-1.4921
-4.5315
17.69
-0.83804
-12.365
2.0514
-3.3033
-0.44839
-1.7411
-11.044
7.3646
-10.779
4.2918
8.893
20.744
46.191
27.532
10.489
-24.266
-30.04
-5.2582
-27.013
-19.106
-21.746
NaN
NaN
NaN
NaN
NaN
NaN
-9.3865
11.356
17.11
23.552
11.683
-28.168
-12.798
14.088
-8.3906
-7.6981
-2.1328
13.275
26.001
20.865
9.1309
-7.0728
-0.53755
8.7641
17.194
30.29
39.541
34.67
29.789
-14.74
-2.24
-9.2002
-8.415
-29.98
NaN
NaN
NaN
NaN
NaN
NaN
23.428
30.514
21.168
10.859
-7.4869
-9.2612
8.1675
0.77407
10.032
8.017
15.201
10.311
15.955
4.2389
24.886
5.6422
-2.7369
-6.7181
-7.8104
-25.481
1.6547
-3.0263
2.9783
5.1646
-9.7832
-4.6039
31.397
35.292
42.74
1.7009
NaN
NaN
NaN
NaN
NaN
14.091
16.793
26.082
17.29
9.2649
-11.361
-27.285
-32.842
1.7451
-12.807
-21.413
-3.6279
5.9619
28.357
13.851
15.524
13.416
17.742
4.837
6.6409
-15.028
-6.0051
-4.6491
28.108
25.425
13.728
-22.393
-2.0122
5.074
-28.968
-11.121
-26.248
-9.2623
-21.648
-7.5932
-3.0388
26.056
22.388
18.059
-9.1326
-3.542
-8.4312
11.481
-6.8439
-31.408
-24.152
