-41.938
-14.786
-18.607
-32.915
14.155
27.92
38.05
25.801
13.501
-26.683
NaN
NaN
NaN
NaN
NaN
27.752
19.297
-22.807
-8.5637
-1.5663
-1.6053
7.3565
14.321
1.2064
-0.95533
10.382
18.211
0.30072
3.0156
1.4718
9.5427
27.204
17.1
18.008
-3.4672
-23.833
-10.232
-8.9693
7.2444
14.316
18.246
-5.4843
-2.7201
-9.7447
-22.778
-33.644
-9.7175
17.748
3.6598
-1.9728
-1.7338
-9.9309
-16.869
-16.82
-21.931
-36.093
-19.539
16.99
15.362
31.65
39.926
33.615
29.179
21.326
2.3313
-8.8839
NaN
NaN
NaN
NaN
6.9385
-1.835
5.5368
7.2469
-6.2382
-3.581
-15.677
-21.621
-3.2672
24.026
38.856
25.297
25.591
24.312
0.71032
NaN
NaN
NaN
NaN
-52.493
-35.948
-34.343
3.9352
7.7595
-3.6254
-0.89555
-6.574
5.5345
13.993
13.042
-1.044
14.41
16.972
17.442
0.65705
-2.7651
-10.58
29.741
13.038
9.5815
3.7815
2.466
10.428
26.104
5.7363
3.3377
-22.676
-15.96
4.4599
10.746
-5.5169
-6.6636
-2.0868
-12.334
-18.68
-34.559
-34.818
-20.5
15.62
13.572
23.061
9.4665
-18.145
-53.301
-40.75
-5.1339
6.2633
25.237
-2.8003
-12.514
3.2273
45.534
56.677
86.659
52.258
32.155
-15.645
-34.246
-26.057
5.6026
0.23029
-18.948
-10.226
-22.526
-12.294
7.7301
-12.556
-13.565
-7.0365
-10.185
-15.097
-9.0942
-36.069
-37.037
-27.2
6.9674
27.133
27.793
7.9501
18.993
24.098
31.386
-9.3176
-5.2914
2.4969
-11.865
2.1402
16.59
16.489
14.932
-5.2246
-18.522
6.2477
19.045
11.778
-13.755
-8.2509
11.999
7.5091
19.886
2.1831
-34.07
-32.551
-15.543
-12.809
-15.362
5.39
-6.2701
9.9436
3.893
10.178
-15.821
-7.9855
-19.793
-15.969
11.718
17.83
9.9493
0.59716
10.566
-6.862
-2.2479
0.63446
-1.4785
1.0365
23.94
33.796
NaN
NaN
NaN
NaN
5.4279
-38.043
-57.76
-65.333
-28.937
3.5746
-10.801
8.4718
5.1892
-16.793
-37.68
-8.0566
18.789
32.282
-1.0791
3.4738
2.257
NaN
NaN
NaN
NaN
NaN
-1.2566
14.788
13.755
15.413
7.3661
19.485
11.065
6.6267
3.3764
1.7486
3.5569
19.138
