-21.441
-11.138
6.6898
5.1077
-3.3329
0.14152
11.323
28.191
24.706
10.525
NaN
NaN
NaN
NaN
NaN
-17.122
2.1748
1.0399
-2.3003
-15.139
15.381
-8.0182
-10.611
4.9155
13.568
7.853
-9.9992
10.778
43.728
35.664
2.8066
-19.344
-27.347
-20.355
-20.239
1.3611
19.199
12.33
-12.229
-26.695
-23.226
-7.2812
-4.9668
3.128
-6.6542
-15.874
13.205
2.8773
14.28
4.2022
-2.7941
-17.354
-5.7818
33.791
33.476
24.994
-12.123
-18.584
-13.756
4.0688
31.745
22.067
12.277
12.445
16.583
26.569
NaN
NaN
NaN
NaN
-23.105
-9.5253
-28.742
-17.578
-2.3354
21.983
33.638
26.524
16.103
-19.309
-28.548
-18.197
-9.4831
-20.829
-5.212
NaN
NaN
NaN
NaN
16.314
1.51
5.0184
3.407
15.599
14.218
21.602
5.2627
0.73287
17.553
22.208
7.7659
-10.723
-11.38
2.842
27.553
26.295
34.748
4.3876
-31.482
-17.099
-10.655
-10.296
-7.4839
-20.954
-3.8737
-18.689
-24.615
-25.811
-4.6834
16.852
-9.9982
-29.267
-33.03
-11.91
16.991
8.9388
-0.55935
11.874
28.928
16.303
19.377
14.349
16.486
-0.21347
2.593
-4.7422
18.12
21.495
13.495
-8.1216
-14.251
0.79439
10.961
30.043
-24.553
-33.135
-19.325
-5.3999
-2.7644
-5.4641
-1.8579
12.625
10.653
8.4014
6.6258
-0.58004
-10.578
-15.307
9.0847
-8.1859
-7.1441
-27.104
-31.566
-22.685
-7.9657
4.545
13.792
22.697
28.234
36.64
31.689
3.6778
-7.2854
-13.964
-0.97158
0.28394
-21.212
-27.162
-6.0626
5.2685
1.965
-1.9852
-16.016
-11.525
14.745
8.6833
22.484
18.202
33.554
28.466
8.6924
-41.134
-26.837
-24.466
-5.7662
-1.1937
7.3044
15.197
16.144
19.391
10.841
-4.6719
-3.672
-0.066006
11.538
11.069
10.006
-24.703
-30.199
-44.482
-49.404
-22.729
-30.822
-16.868
-8.233
5.1119
25.399
NaN
NaN
NaN
NaN
-1.7452
7.3271
12.218
22.918
43.032
49.935
8.8987
9.3167
-8.3764
2.1514
-39.862
-27.626
-12.919
2.9299
17.414
32.468
22.598
NaN
NaN
NaN
NaN
NaN
-23.101
-20.702
-23.731
-6.0019
9.0032
-2.6122
-2.6298
16.144
21.874
25.821
17.521
40.21
