-38.48
-33.013
-14.583
0.99555
-23.146
-22.99
3.5666
-10.492
2.0311
18.65
19.342
12.477
-8.9852
-0.59935
2.7622
8.7152
11.475
10.228
-3.129
-17.941
-8.5801
4.6657
-26.786
-0.36351
17.609
1.378
7.752
2.2366
-9.4611
23.359
13.897
33.726
14.95
0.60248
22.956
-4.8383
-4.1359
-15.753
NaN
NaN
NaN
NaN
NaN
-3.1574
-12.398
-24.409
-10.883
-20.611
NaN
NaN
NaN
NaN
NaN
NaN
NaN
NaN
NaN
29.712
28.744
31.4
20.344
24.148
-22.762
-24.255
-11.25
-24.93
-12.804
-13.213
-3.9877
-6.6501
-6.8171
11.761
-2.006
21.017
-36.675
-16.679
-16.476
36.449
33.487
19.773
17.649
14.901
7.6997
13.128
-18.174
-22.53
NaN
NaN
NaN
NaN
20.997
23.062
17.932
26.179
-3.1641
-12.094
-4.4216
-6.0213
-23.12
-27.057
NaN
NaN
NaN
NaN
NaN
NaN
NaN
NaN
-11.262
-1.1373
34.235
58.756
46.571
34.84
18.093
18.688
24.422
10.476
5.8224
10.3
-2.3011
2.3459
-26.789
-12.961
-1.2344
-14.916
-12.359
-8.2083
-0.92729
-7.2977
-5.2659
6.3097
9.7909
3.1802
-6.2608
-40.737
-26.241
-3.3064
18.462
21.942
16.126
-21.897
-16.203
-6.5507
13.952
NaN
NaN
NaN
NaN
NaN
NaN
30.143
-7.5713
10.364
-7.5297
16.591
3.5077
-34.019
-46.307
-10.854
14.086
19.617
26.838
19.238
5.3701
9.9223
17.264
19.66
-5.1995
-20.521
-18.428
0.38977
-5.5074
6.0634
-8.731
-19.703
-14.883
-35.002
-37.887
-10.157
-22.377
-4.3439
9.4275
12.426
7.2964
5.9142
-7.5995
10.799
22.04
29.566
31.641
20.638
43.269
30.999
20.992
4.6682
-2.7846
10.075
-2.4461
-4.431
-1.933
-21.751
-33.202
-45.262
NaN
NaN
NaN
NaN
NaN
NaN
-4.292
-32.113
-22.695
20.454
36.082
33.911
19.379
23.896
14.696
-18.17
-2.0761
NaN
NaN
NaN
NaN
NaN
NaN
41.087
40.859
32.536
53.95
29.154
32.537
4.6887
15.339
6.7719
14.797
-29.783
-37.938
-59.646
-32.028
NaN
NaN
NaN
NaN
NaN
NaN
17.9
2.4085
-13.602
-14.971
-9.2872
-10.328
-25.69
7.5515
21.922
39.748
44
20.5
-7.2504
-25.491
-28.327
-5.2305
10.808
-1.0848
5.3252
8.9271
1.0513
11.536
19.101
6.2411
39.607
12.625
-1.3812
20.611
20.348
-7.8323
-6.0429
-9.5989
0.33154
16.874
-19.022
-24.93
-16.738
-38.433
-45.106
-0.22453
17.882
-6.0021
-31.897
-41.461
-28.476
-41.535
-4.2453
13.97
14.829
39.336
30.922
32.889
24.761
44.284
11.966
-7.0672
11.571
12.996
-10.555
NaN
NaN
NaN
NaN
5.3397
21.568
3.9972
14.427
10.451
NaN
NaN
NaN
NaN
NaN
NaN
