1.9428
-3.8046
4.8063
1.0284
14.01
16.416
22.351
12.658
7.2988
-0.65437
32.104
38.298
21.938
13.924
-15.842
-28.353
-10.981
-9.0162
-12.361
-2.2268
-3.433
-8.3285
-1.0242
-15.625
-20.107
-28.926
-2.8503
-8.1271
-6.2142
10.5
6.3019
9.0467
3.3435
6.9981
27.512
4.544
-11.576
-19.28
NaN
NaN
NaN
NaN
NaN
7.5028
15.837
3.2684
19.368
14.196
NaN
NaN
NaN
NaN
NaN
NaN
NaN
NaN
NaN
1.1812
-2.5718
11.074
0.25576
-0.25221
-0.66439
-2.4442
-8.0483
9.6652
7.6924
8.6092
-0.44793
-10.424
-3.9647
-1.8481
-6.6552
-24.803
-38.487
-10.207
13.42
0.070359
9.7237
12.705
17.474
16.934
12.117
-4.982
-23.415
-32.408
NaN
NaN
NaN
NaN
38.034
40.606
47.455
31.581
6.8991
-10.422
-0.24823
-17.29
-17.057
-8.1857
NaN
NaN
NaN
NaN
NaN
NaN
NaN
NaN
-8.2527
15.786
39.558
17.904
2.0431
9.4323
22.171
9.8533
4.3782
4.9067
-22.075
21.052
22.674
11.189
-3.5677
6.627
6.2224
-31.597
-15.924
-3.7846
-10.585
-21.988
-2.5028
0.97805
-17.071
-31.413
-29.452
-43.063
-10.01
11.316
17.997
15.971
6.5739
5.3267
23.586
38.175
47.577
NaN
NaN
NaN
NaN
NaN
NaN
-21.283
6.4629
-9.1092
-13.058
4.8683
-8.1431
-15.2
-28.49
9.1826
31.702
23.036
11.849
10.62
1.4492
-0.30402
-12.791
-15.448
-5.3066
-15.386
3.1396
11.77
20.089
-6.6822
1.0157
-9.3845
-31.927
-42.528
-34.55
-23.76
-18.949
7.0758
-0.70503
-2.9472
-3.3531
-2.4289
-8.1146
15.601
16.737
39.406
47.278
49.304
46.279
22.995
-7.5305
12.795
31.154
24.439
9.1066
5.3858
3.4342
-23.022
10.57
-3.4742
NaN
NaN
NaN
NaN
NaN
NaN
0.97036
-27.282
-2.7054
19.395
31.298
23.296
23.623
12.5
4.3868
-0.03721
5.6815
NaN
NaN
NaN
NaN
NaN
NaN
59.157
59.849
11.6
25.688
3.6427
-8.2003
-6.8642
-8.2931
-10.263
-30.014
-39.565
-23.479
-4.3434
2.0265
NaN
NaN
NaN
NaN
NaN
NaN
8.6223
1.9084
-15.121
-14.06
-21.91
-17.47
-7.2788
-11.409
6.9981
18.461
4.6975
-21.816
-32.137
-20.866
3.3345
42.32
52.566
31.77
24.636
-2.9003
-12.405
-14.525
-24.506
-27.8
-5.8971
-1.1909
9.0549
24.536
2.1438
-16.735
-24.934
-28.925
-5.3025
25.958
23.217
14.446
-13.505
-35.143
-20.355
15.56
30.104
-4.6478
-11.484
-2.5267
6.2056
15.922
13.192
27.103
36.302
42.355
19.546
0.98614
-4.572
1.5745
-14.117
-28.35
-22.332
-9.9783
-42.72
NaN
NaN
NaN
NaN
3.7573
15.953
12.51
25.987
30.994
NaN
NaN
NaN
NaN
NaN
NaN
