-28.937
-6.6074
-34.019
-35.389
-4.8918
11.468
36.365
41.57
30.797
1.3008
NaN
NaN
NaN
NaN
NaN
-4.7809
-10.802
-13.355
-10.312
1.2605
-0.98231
-0.2056
20.77
14.93
7.4929
-2.0419
4.3502
-2.0445
-10.051
-26.013
-13.969
18.484
13.507
25.911
13.709
2.2379
-11.9
-3.9012
11.674
22.273
28.836
11.471
-5.3874
-9.2593
-10.489
-16.088
-15.566
3.6875
2.3436
-4.9246
-8.6966
-12.283
-6.9838
-19.492
-11.378
-9.1364
11.646
22.77
7.5562
7.0921
-1.3901
-10.941
-4.2293
3.7011
-1.259
-6.6409
NaN
NaN
NaN
NaN
11.681
-20.342
-2.6672
7.3537
11.204
7.0589
-2.5304
-17.314
-9.4469
14.107
35.463
25.24
7.3214
10.041
8.5516
NaN
NaN
NaN
NaN
-15.734
-2.8544
-13.227
-16.245
-22.65
-41.55
-31.379
-13.784
15.024
0.9188
-5.7333
-6.0156
8.6591
12.291
7.4755
-12.852
7.2554
-6.4362
18.831
15.554
18.859
5.2396
10.487
18.941
23.177
0.86438
2.2394
-13.531
-18.967
11.813
-0.70644
-16.526
0.9775
12.954
2.0609
-11.774
-9.8028
-1.7041
1.321
0.076436
-9.6358
5.8415
-1.616
-6.8858
-13.444
-7.9883
-8.1032
-15.531
-1.4815
-20.638
-14.098
-7.9702
17.67
19.149
22.266
21.105
32.477
7.3556
-5.5778
-10.031
4.0358
1.2204
-10.529
12.134
8.9187
5.7442
9.4447
10.984
-3.2699
-9.9871
-13.029
-9.1739
-2.9028
-19.564
-7.8302
2.4189
-8.1953
-7.6797
-12.605
-18.965
-11.885
-3.1285
17.657
-1.6497
-3.4989
3.8186
-4.7099
14.073
19.538
16.369
26.982
20.347
-12.858
3.7803
21.117
5.982
-5.1853
-7.1131
-2.4879
1.1377
13.789
7.7533
3.8562
-4.1608
-18.641
-27.6
-29.217
-30.627
-26.202
-11.757
-1.8421
-0.13673
-9.7753
7.6765
2.1096
10.649
11.879
8.4551
-3.3918
7.4101
11.292
28.158
22.917
7.1963
15.634
10.866
4.4663
-9.4748
NaN
NaN
NaN
NaN
-4.3935
-30.334
-34.88
-36.288
-12.656
10.12
1.2925
5.4108
-7.7884
-22.326
-15.026
5.0397
20.038
4.8175
-23.675
-19.653
-4.1031
NaN
NaN
NaN
NaN
NaN
-9.8019
18.485
27.377
20.939
17.178
23.152
26.576
9.4557
2.4056
0.65101
-0.45651
-10.626
