-39.937
3.082
1.3824
28.286
26.851
17.052
5.8685
14.943
20.826
19.262
5.9916
-2.6114
0.24297
12.818
14.026
-1.6588
7.847
-6.7358
-24.311
-35.455
-35.995
-48.896
-27.306
-16.532
3.9396
0.87371
2.4482
-3.7987
-18.921
0.32972
-1.6217
47.034
9.2012
10.051
0.37324
-1.9526
-4.1585
10.994
26.188
28.552
21.484
-7.9881
-20.063
-27.418
-11.176
1.183
-1.9843
-8.2074
-4.786
8.001
1.5533
8.8287
42.284
34.155
28.442
22.81
3.2896
1.5572
-13.06
-12.6
-10.403
-24.88
-31.636
-23.894
-14.21
-14.928
-19.227
13.061
18.637
23.93
0.045983
10.471
-1.2744
NaN
NaN
NaN
NaN
-19.879
5.2545
4.9821
-22.748
-17.829
-10.151
9.8825
30.482
31.271
14.116
13.804
9.7264
1.5259
11.721
8.8311
19.312
8.5794
-8.993
NaN
NaN
NaN
NaN
18.871
32.601
32.705
25.659
-0.75779
NaN
NaN
NaN
NaN
NaN
-23.898
-22.045
-28.212
19.612
8.9952
2.3684
9.578
35.139
25.813
8.882
-13.222
-24.727
-10.351
-19.488
-30.807
-23.156
-19.175
-14.317
4.7406
15.093
-12.767
5.7699
-5.4674
7.7946
-6.2996
27.269
15.594
10.963
-7.9734
2.9822
-1.1287
22.417
20.282
2.5422
3.206
-7.1615
-6.4878
-4.1697
-0.96623
16.486
22.422
-18.256
-4.2157
9.6715
20.315
17.412
23.662
-5.657
-5.9273
-8.4942
5.6597
-6.3586
0.14687
13.921
-2.1504
-16.365
-42.201
-32.617
-21.211
1.9319
-15.203
1.3109
7.2295
27.08
-22.392
-18.239
-41.766
-10.686
-24.401
-17.002
-1.4464
19.581
35.874
12.746
16.81
-9.6039
7.4246
11.963
20.284
26.568
22.458
42.184
22.171
12.108
-3.5674
8.1566
-11.674
-13.156
-14.779
9.8998
10.69
17.554
17.517
8.2483
-7.9025
-47.14
-49.376
-20.829
-5.0746
-20.201
-13.806
-37.337
-25.291
6.3895
15.357
24.462
32.592
19.266
29.942
15.953
8.0435
-2.6657
-32.022
-34.85
-21.901
-16.251
-15.274
-23.316
-1.1303
0.3201
NaN
NaN
NaN
NaN
NaN
NaN
NaN
NaN
NaN
NaN
NaN
NaN
NaN
NaN
-13.862
-7.0583
5.3149
-10.681
15.758
23.089
8.0689
18.686
17.506
-18.156
-35.637
-36.756
-4.8264
-5.1425
-2.4833
NaN
NaN
NaN
NaN
NaN
26.584
10.21
-7.8835
-32.408
-10.083
14.838
25.724
-22.15
-14.371
9.2457
15.629
1.6546
NaN
NaN
NaN
NaN
26.536
25.004
20.925
6.2981
7.0554
NaN
NaN
NaN
NaN
-6.8344
5.9305
15.849
-6.3591
17.301
-18.501
