-27.366
1.7507
13.078
13.781
2.6921
7.364
11.919
26.357
8.3125
-14.909
NaN
NaN
NaN
NaN
NaN
-18.228
9.0123
-6.8525
3.4852
-12.117
23.133
-7.8437
-0.98217
6.3922
12.236
9.9707
1.632
19.222
46.36
39.957
2.222
-0.098345
-15.664
-13.218
-23.785
-13.13
9.5237
1.4417
-7.0269
-29.636
-17.442
-25.044
-9.4369
-0.99268
-7.0734
-16.024
2.007
7.708
6.551
7.1831
2.5756
0.55859
-5.8522
33.051
20.486
17.245
-19.991
-8.9141
-3.8937
8.7088
34.682
16.182
17.749
31.022
15.788
22.176
NaN
NaN
NaN
NaN
-10.113
-0.47399
-8.7798
-5.4124
-0.83599
9.8588
23.67
11.904
10.944
-11.357
-7.5424
-14.305
3.9291
-3.3431
11.427
NaN
NaN
NaN
NaN
-6.5665
-4.8789
-11.4
5.0607
17.408
8.5187
19.987
6.5171
-1.005
10.051
13.69
2.3843
-3.0611
-12.196
8.9979
9.7757
18
24.254
16.25
-23.6
-7.4513
-6.4849
-1.279
-5.5253
-7.9758
-5.1804
-13.928
-19.718
-13.046
7.0107
8.127
-7.0929
-19.314
-23.81
-8.1878
10.77
-6.1841
-21.49
-4.9705
26.908
20.567
22.054
14.94
14.232
-15.528
-6.1639
-1.7021
13.513
19.907
1.3734
-8.8133
-14.081
15.32
21.071
42.525
-10.504
-15.949
-16.852
-13.423
-7.4537
-8.2518
-1.6064
-4.0686
-3.0479
1.7716
8.8671
7.6213
-2.6313
-21.085
13.523
-4.7815
-2.7076
-22.41
-32.158
-22.576
-12.947
2.7231
20.246
28.464
31.911
33.174
29.313
15.86
-16.118
-19.349
-12.86
-6.3288
-22.749
-13.441
-3.6616
6.808
-0.62958
-8.3416
-11.174
-1.4642
11.77
8.663
16.539
17.541
19.401
24.107
8.6534
-36.278
-21.716
-22.712
-11.254
-4.748
3.9257
15.11
13.42
22.633
8.9551
-3.831
1.2173
-0.33596
12.058
13.891
17.163
-25.121
-21.865
-36.976
-44.628
-21.589
-19.117
-7.1681
1.1461
-3.6937
17.745
NaN
NaN
NaN
NaN
8.6434
0.25927
4.1866
12.617
8.1317
43.242
-0.64531
11.42
-6.4599
5.5666
-35.942
-17.668
-10.018
9.8228
5.4831
23.543
13.541
NaN
NaN
NaN
NaN
NaN
-5.5873
-8.1302
-11.393
-2.2439
6.4738
-4.689
-1.3612
16.581
16.337
18.213
7.0851
32.753
