-11.203
8.9177
25.566
28.163
10.538
-16.685
2.9861
17.012
23.473
-0.3262
NaN
NaN
NaN
NaN
NaN
-22.354
-16.636
14.614
11.749
-12.186
8.9709
-18.794
-5.8129
7.0659
20.18
0.91175
-22.892
-17.96
10.985
13.441
-9.1347
-12.341
-19.428
-6.5764
-16.177
12.303
24.735
24.704
6.8526
-12.008
-16.007
0.93406
-12.449
-17.852
-0.92897
3.8088
11.283
-17.633
-3.988
-6.3832
-14.305
-7.8167
12.43
41.38
43.657
45.152
9.5875
-28.947
-22.913
-13.981
8.6298
12.807
-6.5692
-8.0067
1.4722
19.985
NaN
NaN
NaN
NaN
-13.277
-8.4821
-18.813
-23.841
1.1437
18.894
25.468
22.485
12.254
-20.195
-30.099
-28.363
-22.22
-24.47
-3.2805
NaN
NaN
NaN
NaN
45.243
28.809
16.263
-2.5738
-2.1251
1.3625
30.869
5.7759
-4.5477
-2.7028
2.1163
1.7772
-12.72
-10.227
-7.1493
20.595
19.042
23.619
-13.673
-26.55
-11.333
-17.678
-1.6179
-5.2176
-17.572
-6.92
-14.771
-9.2832
-11.394
5.2326
7.7012
-9.6231
-16.861
-15.431
-1.1701
22.021
41.028
29.526
18.35
1.3282
-9.5879
-4.3017
-0.39632
16.979
20.446
17.218
-6.9506
-2.5717
5.5449
12.251
11.931
-3.5248
-29.548
-48.236
-42.408
-38.504
0.68878
12.917
18.179
14.529
1.4155
-10.967
13.865
22.284
10.803
1.4281
-8.3541
-2.5075
-13.714
-0.92543
-18.672
0.7339
0.72724
11.763
19.955
26.087
14.425
-13.602
-2.2713
23.572
32.996
6.5428
-6.1287
1.5042
-6.8263
-15.609
-4.9586
-20.139
-42.467
-19.778
-14.376
-14.601
-4.4117
-26.642
-24.752
2.2599
20.546
17.118
6.7422
19.336
1.9363
3.412
-2.8852
17.458
18.427
23.877
13.573
17.862
29.991
22.367
14.821
-4.4457
-15.503
0.60362
4.225
12.532
-1.7774
14.476
-24.461
-44.748
-49.428
-21.929
0.64989
-27.515
-29.172
-22.24
-22.383
-14.458
NaN
NaN
NaN
NaN
-0.6827
19.87
40.011
52.815
39.576
53.599
31.301
24.168
-8.9674
14.434
1.964
7.4742
-16.164
-13.642
3.4007
9.3971
-7.6332
NaN
NaN
NaN
NaN
NaN
-6.38
-16.736
-23.428
-15.582
7.4698
-4.9465
-10.728
-0.4243
5.6582
-2.135
-5.2713
6.846
