-50.897
-31.236
-7.3768
21.987
20.126
22.294
35.002
24.013
9.0834
-6.1776
4.0966
17.537
23.323
24.646
13.066
3.1684
-8.8657
0.64211
-6.2747
-8.9683
29.732
32.322
10.56
0.41085
-3.0726
-13.748
-2.1233
-23.482
-29.752
-15.461
-24.348
-15.559
-16.202
-5.3872
11.953
5.8777
-7.6833
0.62842
NaN
NaN
NaN
NaN
NaN
18.425
17.89
18.75
12.674
-1.8693
NaN
NaN
NaN
NaN
NaN
NaN
NaN
NaN
NaN
-7.401
2.708
24.936
14.206
27.611
32.289
24.693
-12.223
-6.0556
1.3425
24.518
15.268
3.4898
19.89
5.745
-5.0993
8.2202
-12.022
-10.624
-24.277
-12.614
8.2641
-4.5694
-18.41
-9.1046
-1.0979
-21.206
-26.833
-35.001
NaN
NaN
NaN
NaN
20.082
20.511
14.028
24.035
21.904
23.274
11.561
7.7008
11.172
23.102
NaN
NaN
NaN
NaN
NaN
NaN
NaN
NaN
4.2779
-4.7642
-10.654
-12.014
-15.287
18.973
31.219
12.03
7.8387
6.4329
17.164
22.69
11.317
27.813
11.138
12.145
7.2788
-25.425
-16.421
-24.184
-2.9099
-35.049
-8.6641
-1.9416
-7.9571
2.2211
0.93925
1.3412
-14.078
-20.081
3.499
-10.95
5.8489
6.0298
13.91
12.103
23.38
NaN
NaN
NaN
NaN
NaN
NaN
-18.734
-2.5624
8.2232
-13.553
-1.1289
19.345
11.768
-3.0705
-4.7656
15.712
25.525
23.924
3.9606
9.8608
16.101
9.4138
-4.5445
-14.687
-36.209
-0.98501
32.892
31.039
19.455
-3.0105
-17.513
-17.852
-37.958
-36.381
-43.869
-38.897
-16.498
-4.6191
8.8218
4.6044
-29.435
-21.792
10.767
23.57
44.262
35.266
45.493
36.389
12.898
-5.5459
3.1266
-13.415
10.046
-1.4622
10.779
-3.1763
-3.6276
-4.2032
-16.293
NaN
NaN
NaN
NaN
NaN
NaN
-25.409
-20.634
-8.7023
-1.9358
25.847
31.151
16.66
1.4535
0.84533
-6.6746
-1.3191
NaN
NaN
NaN
NaN
NaN
NaN
25.565
10.789
-12.996
-1.9568
-17.996
-9.5065
9.7651
4.4433
-6.5151
-2.5247
-5.8403
-1.3482
-4.4131
-4.8763
NaN
NaN
NaN
NaN
NaN
NaN
2.5308
-2.8268
-6.6173
-8.1161
-10.066
4.4186
-1.5216
-12.816
-5.3841
-2.0242
9.9202
-3.7397
-5.6609
-2.8137
-14.708
27.493
23.293
19.513
5.4661
-5.8734
2.6055
-17.186
-17.261
-22.43
5.8763
12.208
25.418
29.215
26.179
-6.6078
-26.8
-43.572
-16.922
-4.6343
-18.494
-30.59
-27.992
-30.654
-8.2536
7.6387
41.671
22.128
-3.8615
-4.5959
1.8707
19.749
0.97483
5.04
11.377
19.221
6.0077
25.614
37.972
48.126
25.468
5.3345
-3.2994
-10.534
-24.997
NaN
NaN
NaN
NaN
-7.011
8.1544
18.141
-1.1754
-10.834
NaN
NaN
NaN
NaN
NaN
NaN
