-119.12
41.287
-7.6959
-29.988
-27.216
-16.734
-35.31
-29.377
-20.851
-54.803
-25.679
-26.968
-20.06
-11.502
-11.665
-2.6425
8.8662
-20.677
0.83273
16.724
62.321
90.038
86.642
44.897
20.743
-15.054
-26.206
-20.117
-3.2298
59.27
45.985
28.812
-49.138
-43.981
-68.272
-59.011
-15.027
-14.404
-40.195
4.8895
30.352
12.639
14.529
35.434
21.353
22.363
38.857
30.891
15.963
-7.8069
-43.153
-2.4536
-10.109
-28.036
-60.151
-46.705
-13.282
20.859
14.825
-1.8403
-47.247
12.439
-36.45
-3.9876
11.711
18.978
34.376
-15.242
-6.4588
27.482
5.4718
-15.699
26.88
15.939
64.424
25.691
8.3995
4.3501
-5.8029
-23.228
-17.152
12.086
19.132
7.8232
-14.319
NaN
NaN
NaN
NaN
-25.934
-99.151
-23.751
-3.0737
-15.314
-33.516
13.717
24.685
-10.678
-42.17
25.816
4.7751
9.9034
-46.028
-11.395
32.712
5.0503
-17.694
-57.436
5.1916
28.89
64.044
35.844
22.262
55.043
2.2171
-0.64177
-3.7723
-20.151
-0.24741
-27.33
-17.857
-23.452
-19.299
-32.671
-17.334
-33.344
-8.5164
-32.256
14.627
32.621
28.72
95.812
100.8
79.122
42.143
30.335
-17.107
-23.773
-37.05
-38.483
-17.468
-54.732
-60.626
-24.866
-16.882
-14.342
-4.5602
-15.318
-37.302
-5.3033
-12.733
-4.7478
-2.3043
-6.1599
-60.44
-49.264
-0.92537
-10.997
11.595
13.51
42.939
75.427
81.365
44.785
21.09
-8.5051
-17.419
53.558
44.401
24.638
45.528
34.475
19.528
41.192
-57.719
-36.312
-34.451
-49.929
-42.439
-0.35973
16.298
8.3565
41.813
-10.47
-17.031
-50.874
-51.592
-58.494
-38.641
-40.072
-17.56
-58.73
-41.884
9.3069
8.6248
-7.9082
-14.498
9.9172
37.811
-15.496
38.133
41.911
89.499
68.016
15.967
57.017
37.963
8.4101
57.943
34.477
-31.146
19.74
33.315
-45.43
-16.907
25.326
21.388
-40.37
-46.502
-14.874
-26.375
-24.35
-39.536
-49.018
-28.291
-26.721
-50.229
-60.729
-34.016
24.379
-1.3566
30.502
6.3974
13.521
-16.087
21.585
35.312
58.386
-24.24
13.882
36
42.83
-2.6215
6.4498
8.807
15.849
34.045
-10.051
-6.5414
-8.9694
-28.714
-32.722
19.18
34.334
22.225
-27.39
33.547
-0.97114
-24.224
6.7382
-13.652
15.326
-47.468
-37.07
-43.392
-18.353
NaN
NaN
NaN
NaN
-14.921
-5.9743
3.5849
20.061
10.896
-20.196
30.609
1.7917
-19.701
-32.038
-11.889
-10.164
-14.364
-11.682
31.961
29.041
36.292
25.972
11.168
-4.2603
-36.683
-29.369
9.9339
-32.451
-23.36
-27.599
7.6628
21.832
15.708
-24.132
-25.774
-10.878
6.7771
46.212
46.404
22.541
-5.7162
12.008
51.705
63.845
5.4508
22.205
33.42
4.5283
