2.9865
-6.5202
-4.1992
-19.296
-50.1
-12.021
-13.932
-11.305
-7.2541
-14.305
-24.885
-12.902
-6.2672
25.347
9.2972
14.55
23.286
21.157
8.5971
21.506
29.033
20.163
2.856
-16.528
-31.745
-27.155
-4.275
10.602
1.2714
8.815
-34.851
-22.994
NaN
NaN
NaN
NaN
37.905
18.611
-20.001
-12.117
5.5353
1.8588
-30.419
-22.127
0.12459
12.37
-10.565
-27.1
12.869
21.488
12.824
-16.995
-6.7781
8.3434
35.026
38.34
19.74
3.2628
-39.888
-40.422
3.6798
-12.984
-30.581
-36.58
-0.40959
-7.5707
24.437
17.285
-15.858
-6.3258
17.526
42.791
13.645
4.7483
-3.3256
-8.8611
28.841
25.413
2.5215
-17.727
-23.45
-36.637
-3.6132
18.71
-2.8014
NaN
NaN
NaN
NaN
13.218
-1.4435
-15.787
8.2915
39.125
30.26
-16.526
-9.207
-0.65312
-4.3777
-13.971
-10.29
-13.257
-6.9091
-25.533
-16.246
-6.0328
-12.466
-11.013
-10.728
-12.81
13.044
23.989
16.59
-12.393
-7.8323
8.3759
29.617
56.963
52.947
44.684
12.803
-44.81
-31.384
-25.691
-7.3072
-24.899
-3.2466
19.468
18.642
-8.0266
-28.751
-7.0696
6.9722
13.542
7.3729
-17.669
-30.543
-38.037
-14.569
11.048
20.384
10.096
5.4025
1.7958
11.374
18.167
11.997
11.813
10.789
-8.3228
-40.418
-27.556
10.487
11.862
13.772
7.3516
11.533
-8.9486
-19.386
-24.195
0.93843
-15.23
-3.5491
22.701
44.479
46.159
30.834
2.3861
-32.35
-31.57
-11.752
-15.762
4.9885
5.8992
-0.65669
7.0515
-2.6966
6.3652
-0.24016
-10.676
-21.175
-22.729
4.2791
17.343
5.8428
-18.435
-16.704
-19.316
-0.80394
5.4986
11.386
18.844
8.3839
15.27
10.154
-3.2658
-10.93
-11.817
-2.7135
20.032
28.361
4.6307
7.802
-10.582
0.37644
21.818
10.164
0.63137
-21.753
-8.6299
-3.0239
-25.866
9.4949
2.4941
-21.562
-27.417
-13.626
-8.4683
-25.448
-4.063
3.7333
17.374
23.613
-1.0317
-9.8279
16.847
40.73
50.776
33.885
-20.268
-21.423
5.9986
11.054
-3.6178
-43.175
-43.156
4.5826
4.3174
-6.1764
13.132
12.084
2.0745
2.1509
7.3286
15.367
2.596
-10.843
-16.122
-30.473
-23.74
-7.5138
15.116
0.36761
-10.824
-6.4401
16.206
23.136
-11.586
-40.681
-12.574
15.688
15.435
2.8872
45.622
46.231
38.476
28.57
23.939
4.5032
-10.695
-19.232
-11.635
-17.68
-20.381
-26.709
-36.497
-29.414
-26.477
-27.032
18.194
15.636
-15.16
-20.16
10.325
3.7585
-3.3768
0.63059
21.718
26.623
25.166
26.967
-14.407
-20.319
-5.513
22.848
22.437
2.4007
-4.1951
7.8825
-10.486
-15.266
-2.0299
12.109
12.922
-10.128
-23.478
8.6276
38.468
32.683
