36.836
12.239
4.3004
14.658
10.974
4.737
4.2015
17.574
6.4285
-1.6749
3.4641
7.8462
7.6491
22.496
1.9828
-36.489
-43.487
-28.151
9.091
-6.8256
-48.687
-30.28
-25.332
-9.9994
5.3564
38.17
43.066
37.857
11.175
3.747
-1.5922
-7.2545
-14.6
8.259
2.6127
8.0301
17.828
13.677
-9.6712
-0.334
10.54
-8.2678
-9.831
-17.368
-20.887
NaN
NaN
NaN
NaN
23.439
-5.0968
-40.203
-21.745
12.796
20.465
42.194
-0.58923
-39.436
-7.8475
15.536
39.135
19.387
22.911
3.3245
5.781
8.6403
4.8634
-1.1428
-26.043
-22.666
-27.138
-36.937
-22.4
13.027
32.978
27.086
-8.4719
-20.615
-16.898
5.0428
-4.9381
2.2913
13.143
5.7587
-10.875
4.7786
-16.969
-10.373
12.738
17.606
2.35
-5.2904
5.2056
-7.926
-18.673
-7.4417
18.777
33.29
27.187
NaN
NaN
NaN
NaN
-51.118
-8.5045
20.63
22.366
21.782
13.185
-8.8675
-21.265
-10.257
11.425
24.312
42.063
25.135
1.4881
-14.491
-9.1096
-19.594
-0.74283
-7.2473
-41.229
-30.543
-24.814
-10.058
-18.867
-5.802
-0.74327
15.958
18.698
7.5894
20.172
12.964
4.6699
1.0652
6.0232
-0.27596
-11.984
-0.19947
-23.096
10.835
2.2879
-3.0521
-19.424
-4.2912
1.4691
27.897
42.619
25.431
-1.3112
38.736
49.274
49.739
25.617
-15.6
-28.427
-46.869
-36.339
-9.7354
-28.236
-41.521
-35.032
-33.204
-8.8256
-6.0372
-8.0006
-28.013
-7.1506
-10.315
0.4666
-11.032
-25.398
13.09
46.081
63.456
52.638
22.524
6.9256
11.075
4.8694
14.427
-8.8699
2.5651
2.1898
6.5722
8.9383
-2.2918
-6.5069
-0.31288
8.7247
2.7195
-11.858
-43.876
-35.428
-0.85111
19.482
2.9613
-0.45514
-16.8
-15.49
12.935
21.425
22.534
14.276
1.3278
-28.017
-24.778
-1.7824
-13.482
-16.158
-3.4132
-9.7311
-19.52
-7.6392
-8.4861
-7.3238
-3.654
7.3057
5.184
7.4157
5.2665
31.19
25.409
11.817
33.231
38.812
24.149
4.523
3.2003
1.0798
13.628
9.9637
-16.468
-16.39
-25.145
-19.624
-24.793
-27.183
-31.15
-2.4468
15.189
17.243
-15.359
-12.25
7.06
6.5345
-1.1535
-13.848
-25.199
1.1404
17.828
-7.5007
-20.457
3.2534
29.226
33.796
32.971
29.112
31.003
-19.011
-39.97
-67.371
-52.254
-11.963
24.67
43.719
57.625
35.11
4.4766
-12.324
-29.737
-19.132
-17.332
-5.7494
18.366
-9.3216
6.966
24.342
6.9096
17.238
-10.721
-17.453
-3.6438
22.214
26.903
3.22
-16.108
-25.779
-37.855
-22.273
-14.069
0.39218
4.5563
15.331
13.86
21.517
4.4457
16.784
-3.745
-6.7335
NaN
NaN
NaN
NaN
-10.393
-13.8
-17.848
-0.65206
16.761
5.243
