38.884
-16.378
16.501
15.227
8.2232
-21.811
16.686
8.7386
29.816
3.0926
25.447
42.956
15.137
17.18
-15.475
-9.3341
-1.0014
1.8372
-21.484
-11.362
-14.317
9.29
20.231
10.499
-25.958
-32.614
-30.19
-25.673
-15.484
-50.157
-13.291
8.004
44.826
43.177
14.95
-11.866
-32.911
-2.399
-5.4081
-1.0611
-10.615
11.719
1.891
-9.8483
-14.96
1.8355
-8.5127
-3.4259
-0.99847
12.351
31.612
45.047
40.183
34.429
11.189
22.796
19.281
9.0243
-32.475
-28.098
-15.287
-37.407
-7.7347
9.7261
29.403
33.331
29.161
27.123
-13.818
-48.318
-27.007
-36.975
-65.497
-27.672
-46.751
-52.516
-3.264
41.122
22.433
34.58
16.355
-12.939
7.0187
24.495
19.445
NaN
NaN
NaN
NaN
12.243
29.813
-3.5375
-25.763
-14.02
2.0488
4.8426
12.412
20.598
37.153
15.605
14.216
10.216
11.819
9.1156
12.083
18.824
4.6765
22.351
7.4974
14.451
-18.9
-44.5
-45.528
-69.475
-55.785
-52.302
-28.459
-9.9872
-5.8017
13.505
29.038
29.445
34.561
16.887
-33.907
-12.839
8.4447
31.149
16.602
22.196
5.3154
-1.9771
-11.395
-18.653
-16.234
1.0525
12.531
22.573
14.74
15.207
15.046
0.37017
1.0827
-12.305
15.773
-0.86674
-4.3604
2.6492
2.4708
11.693
11.448
-2.1862
-4.2236
12.722
2.5486
0.25295
12.695
-6.3828
-41.773
-38.766
-12.286
-20.843
-23.798
-22.717
-25.847
7.3463
19.849
30.63
18.058
8.4278
2.0168
-4.9121
-7.3871
-27.675
2.3604
11.233
24.196
15.913
-11.138
-17.423
-28.594
-8.7343
-21.952
1.3258
29.468
26.195
27.244
38.159
31.052
12.915
1.0201
16.019
11.243
-0.25494
-16.026
0.18912
2.947
-3.3372
-5.8667
20.585
-17.147
-14.8
-24.453
-19.748
-17.21
-18.819
7.6461
17.228
-4.2702
-6.8477
11.031
-62.672
-58.681
-2.2866
0.80613
-42.055
-27.775
24.905
14.943
12.608
8.9641
7.4088
18.512
38.948
45.627
33.336
35.944
43.134
-18.471
-28.919
6.2241
4.4293
16.677
6.2017
10.125
-6.5755
-9.6841
-29.376
-11.57
-5.753
4.9473
-1.999
8.2965
-5.5001
-3.03
-12.852
-10.627
-7.2438
8.2035
-6.1004
-2.1762
-19.268
-30.367
-20.392
-16.925
-13.423
-11.395
9.6039
3.535
11.468
26.071
3.7733
9.8274
-5.0064
10.376
5.0034
NaN
NaN
NaN
NaN
16.34
-16.633
-7.5723
-10.27
7.6669
23.254
30.298
23.748
5.0634
13.092
28.626
26.747
0.61571
3.9045
-6.557
-17.845
-30.539
-31.255
-31.218
-24.419
-28.587
6.71
1.4694
7.6531
16.31
-0.4453
-4.618
-9.4778
-5.8989
16.102
26.484
7.7247
1.1208
-18.78
-25.843
-14.052
-12.298
3.3115
8.4928
14.837
1.3726
-11.367
-22.487
-24.353
