34.718
15.399
24.193
12.186
2.0619
3.3246
7.5828
-12.491
-5.8463
10.48
21.658
1.5759
5.3335
-8.0176
-13.559
-1.1468
7.8606
21.909
15.638
11.529
-5.4645
5.6388
12.508
-1.2681
-30.676
-59.383
-48.876
-20.488
-10.105
-6.0926
-7.5511
-17.28
-7.0137
4.3638
19.593
20.842
24.706
27.726
26.146
8.8853
1.7564
1.6674
4.3854
29.373
37.894
NaN
NaN
NaN
NaN
-15.43
-12.092
-7.0619
-21.533
-32.297
-26.294
6.0849
20.15
9.6845
6.5641
-10.559
3.5382
10.516
-3.5365
-39.635
-33.933
-16.083
8.5183
24.763
6.0688
3.0366
6.3665
9.6876
-8.574
4.1806
11.366
14.444
22.783
19.569
6.3306
-3.5492
3.5354
11.888
-12.614
-18.263
-17.094
-0.35204
-3.9656
0.14807
-29.639
-31.884
-7.5513
6.9527
24.808
37.831
23.245
20.858
-0.58169
-13.296
-13.931
NaN
NaN
NaN
NaN
36.506
4.2451
-18.072
-27.029
-0.18318
2.0085
7.8848
-9.749
-18.054
-39.033
-29.328
0.047471
-9.2088
-6.0957
-12.484
19.496
24.929
35.364
22.831
17.355
20.339
10.5
19.952
24.209
1.7348
-5.5462
-1.4254
-3.7596
-10.063
-2.9831
-0.38047
-2.4507
8.5328
-9.7903
-47.855
-62.543
-44.295
-30.838
-6.314
24.2
37.251
33.615
18.079
9.3812
26.975
22.506
13.935
-29.138
-33.353
-18.554
-2.4067
-1.2495
-3.2908
27.203
31.438
18.766
-16.346
-10.447
0.64854
24.118
-1.1002
-31.442
-37.598
-14.037
-6.044
10.212
-1.2751
10.85
33.366
23.486
19.059
-2.4021
-18.88
1.436
9.4546
14.763
12.254
-21.568
-28.198
-16.478
14.229
-6.1365
-8.2075
-14.555
-14.658
3.3384
-1.2034
12.846
-20.454
-19.134
-8.2586
-0.61329
-14.688
1.3606
16.695
29.52
24.432
26.371
22.276
17.792
8.725
-0.77288
10.172
0.75112
-12.343
2.1588
-15.027
-29.138
-2.6717
5.1342
16.783
-5.8256
-41.147
-27.508
-28.285
-10.889
-29.509
-10.203
-5.7439
35.278
36.41
16.783
19.745
11.917
7.4995
15.716
26.068
35.039
8.6314
1.3605
-11.767
-29.487
-24.737
-15.594
-11.751
1.7684
-12.614
-4.7972
-28.048
-18.985
-8.9866
2.8379
5.1826
13.275
7.9598
6.4178
10.345
-0.24744
12.879
18.094
9.0911
6.4565
-2.301
0.74076
9.3926
16.896
13.089
-14.046
-2.4358
-10.399
-22.442
-26.011
-7.1924
-3.8132
-1.9691
25.495
31.467
7.7458
-7.3609
-1.0349
-8.7943
-30.173
0.53604
-29.035
-28.878
-19.694
-13.514
13.906
-0.5576
22.164
9.5295
21.231
12.848
20.041
20.193
44.825
44.689
11.529
-24.747
-13.479
-16.707
-1.3957
-13.187
-15.756
1.1035
-7.8847
-25.857
-13.251
NaN
NaN
NaN
NaN
-7.5791
-20.67
-11.155
11.847
-4.64
-4.7564
