-11.016
-10.732
-28.559
-3.9929
-14.53
3.2927
10.076
17.302
3.9734
1.8737
7.7336
13.412
-1.7811
-3.303
-44.168
-35.142
2.1322
27.774
20.195
25.305
17.883
10.986
-15.248
-33.208
-36.641
-17.289
19.143
35.881
17.126
25.897
-47.534
-60.366
NaN
NaN
NaN
NaN
2.2836
24.913
33.922
9.372
-3.757
2.4713
-26.342
-0.71259
-11.159
-15.98
-47.093
-20.574
18.865
29.05
16.683
-0.5564
30.187
21.884
32.58
29.928
27.558
15.04
-17.222
-60.006
-23.666
11.495
-3.3361
-1.2482
7.5568
-23.362
-7.2947
-26.435
-41.268
0.10874
4.7397
25.717
-4.9623
-7.6573
2.3596
7.0743
4.281
6.9858
-11.425
-9.5404
-0.2093
-9.897
6.2863
9.1134
20.077
NaN
NaN
NaN
NaN
-5.412
0.83956
8.2499
15.215
18.595
18.347
-12.692
-6.4901
0.39839
0.19779
-2.8001
9.6211
8.9651
0.38069
-10.424
-16.234
-6.4566
2.0993
7.0038
-16.524
-17.501
-6.4971
6.7799
15.79
-5.7137
-1.4728
-42.815
-9.6323
41.817
14.019
-7.5833
-14.914
-43.251
-34.743
-12.188
10.471
12.446
6.2061
10.823
28.183
30.35
13.412
16.915
23.211
11.268
20.4
10.792
0.84265
-13.612
-14.439
-3.4079
17.245
-5.1648
-16.054
-22.865
-8.2854
-6.8511
-15.408
-14.469
8.1671
-7.6803
-28.797
-17.624
2.463
0.90238
29.046
32.164
10.108
-4.3868
-19.462
-28.765
-4.6155
1.9073
0.30765
21.77
27.633
0.48281
-5.056
4.3695
-11.941
-14.653
-9.2994
3.3306
19.958
10.897
-9.6579
15.58
20.175
3.5469
7.2428
3.6515
-2.8534
-3.3093
23.876
5.0979
-20.382
-34.849
-24.178
-20.721
-11.272
-9.7924
-4.5381
15.036
13.245
12.292
-0.56518
-3.2727
6.5428
-3.264
5.6801
18.4
1.5767
4.7624
11.817
-3.554
19.787
25.89
10.386
-4.8204
-39.612
-34.565
-17.348
-28.157
18.411
2.1979
-33.102
-24.807
-5.9115
9.528
12.526
32.524
31.147
12.642
14.162
-7.2341
4.5281
2.1488
26.778
13.533
-16.864
-20.87
-5.2064
10.291
-0.021581
3.1426
-22.328
-27.192
-11.869
1.6764
25.765
26.693
11.624
-3.7047
-13.905
-12.554
6.5731
-1.8396
-10.598
-22.683
-21.961
-6.6048
-10.082
10.183
13.47
5.5766
9.8965
44.676
29.797
-18.352
-34.797
1.4582
1.0331
1.9942
-12.673
11.539
-1.0969
-16.887
-19.974
1.2903
2.3213
23.716
2.8203
-16.436
-6.4317
-3.0252
-2.7359
33.817
33.065
21.54
17.231
10.35
-9.7968
-17.722
-31.656
-2.61
-14.449
-17.064
-21.393
33.361
34.567
23.087
-27.747
-68.739
-22.954
19.047
16.344
4.8834
-9.2463
10.377
16.247
-12.422
-20.407
-16.516
0.60652
4.2811
-3.0626
-0.58421
36.382
42.906
25.658
