-17.775
-8.487
23.991
19.368
17.669
9.5744
8.9907
-52.087
-18.545
-19.557
-27.82
-27.481
-26.089
22.512
35.973
62.855
66.671
42.25
41.968
27.037
12.884
10.481
-34.892
-33.764
-0.28222
6.9249
34.414
23.353
22.529
-16.316
-25.06
-42.764
-35.302
-13.542
2.4728
1.2456
-0.98069
-5.5709
-8.8788
-28.351
-44.338
-52.908
-22.204
-1.3571
10.076
14.628
-12.667
-1.7998
16.429
23.708
3.6977
16.482
22.352
23.731
26.48
18.885
7.8022
0.94299
6.9757
-13.617
-20.43
-1.1495
6.5722
-10.849
14.34
2.5162
-18.571
0.3391
21.332
35.315
41.525
37.122
42.436
-0.44214
-25.256
-33.959
-45.042
-19.604
-14.277
-20.443
-29.311
-22.064
-6.2521
-18.458
-10.845
NaN
NaN
NaN
NaN
7.9589
4.401
-6.8973
-9.2797
5.7526
6.1037
-6.2766
19.324
35.011
25.641
12.358
9.8023
2.0277
3.6668
19.879
19.82
20.975
16.619
29.245
6.9973
-7.3055
3.2064
7.2604
3.4994
-36.973
-36.218
-15.941
-17.272
8.0313
7.9285
-19.321
-43.43
-47.556
-6.1716
10.411
26.551
38.192
28.15
-0.89011
-24.449
-16.561
-28.396
-27
-11.151
9.5554
6.5726
7.0119
-1.0629
9.2984
7.1891
9.233
14.481
18.479
19.895
15.99
14.017
-19.562
-10.954
-6.0524
0.2361
-3.7825
-3.0135
7.237
16.945
25.743
22.092
-4.1161
-12.321
2.2276
16.949
2.0249
-29.125
-27.074
-10.038
-1.028
-9.2923
-13.997
-23.603
-33.657
-13.471
23.862
22.777
28.841
9.156
14.237
-0.13615
-20.861
-7.5447
-7.6421
-4.3232
2.2578
-4.9361
-16.441
1.8631
9.3049
6.4765
7.2569
9.7626
15.26
11.14
3.1943
0.96011
-0.48369
-12.525
-8.6466
-1.5602
5.281
11.326
29.591
-11.009
-40.066
-5.6726
28.843
16.897
1.2594
-33.401
-14.783
14.76
16.545
-9.649
-8.6296
-19.212
-15.401
-2.7684
16.854
21.046
22.47
3.9013
-26.001
-14.587
16.544
25.075
26.714
1.6398
-25.502
-19.524
4.0079
17.76
10.493
-17.351
-15.816
-7.0634
-12.56
-15.216
-13.938
-2.0643
-21.433
-26.002
1.1135
-1.9058
-10.98
-1.1572
5.1389
29.282
26.723
22.554
32.084
34.652
8.2279
-12.704
9.4285
0.56704
-6.1111
-1.6371
9.5323
12.824
19.75
4.6611
-7.4862
-11.173
-36.785
-16.712
1.7044
25.328
21.967
13.164
-19.849
NaN
NaN
NaN
NaN
-30.586
-15.849
-3.0955
-11.15
13.429
13.042
6.4665
5.3883
19.203
11.832
8.6088
17.626
13.958
23.473
6.5256
-9.3569
-10.305
-1.2028
17.931
-1.7501
-0.0080432
-3.2395
2.5122
7.9853
17.862
18.396
18.123
2.5838
4.1057
3.1219
5.9743
-4.07
1.7357
-4.9397
0.70767
-7.2611
-19.958
-26.318
-26.703
-14.863
-9.1795
-14.757
-24.502
-4.823
