17.519
-4.6975
6.415
5.5983
17.064
-6.3599
11.447
6.899
24.984
28.414
27.433
31.595
9.9037
1.5028
-17.059
-30.989
-14.447
-17.093
-16.445
-37.891
-40.095
-16.898
13.917
16.68
-1.3943
-13.366
-0.030732
-13.394
-9.5802
-20.9
4.0951
34.784
42.364
24.903
-2.2491
10.128
-2.7402
13.921
14.497
21.554
7.5946
-2.9049
-3.6571
-20.341
-47.542
-19.459
-16.7
-14.582
-38.752
-10.287
14.053
26.572
27.284
16.958
21.355
21.366
0.92194
-6.4275
-19.115
16.184
9.5852
-2.9028
4.7958
-6.8911
6.9804
26.277
33.73
11.87
-6.4976
-46.933
-30.955
-13.88
-25.709
-12.138
-20.698
-37.238
-19.33
10.887
26.844
41.86
23.522
-12.241
-7.513
15.343
23.104
NaN
NaN
NaN
NaN
6.7444
17.296
-9.3848
-6.6484
-3.0199
1.1612
-5.0002
-0.54583
-0.67124
13.454
-2.6401
-0.22531
-2.0503
-3.2509
3.1937
14.189
27.587
18.63
23.628
-14.083
-22.61
-11.12
-3.3783
-8.13
-15.055
-2.8581
-9.7769
-32.085
-36.995
-22.187
5.9051
34.962
33.385
27.502
-9.0192
-25.256
7.5803
6.3693
12.289
2.4324
-3.2069
9.5058
11.673
-5.6873
-27.733
-15.954
-7.1375
-3.3323
6.2095
17.106
17.064
6.4775
2.2514
7.4466
-0.38011
13.944
-3.8892
-17.247
8.9465
13.756
-8.0874
-16.132
-4.1332
4.0101
27.063
21.173
11.056
-6.4054
-34.311
-37.266
-21.624
-0.81974
10.872
5.6227
-11.547
-9.3953
7.803
-13.411
-28.209
-7.4075
19.043
26.902
12.737
14.191
28.451
36.112
29.148
-1.6484
-3.4427
-31.845
-31.901
-32.551
-12.524
-21.154
-19.623
-6.2076
5.5571
5.1152
19.27
14.4
13.108
5.6716
4.0006
12.132
-2.3812
2.9031
14.586
14.44
10.933
5.3058
28.221
-1.2147
-19.416
-20.896
-4.0634
-6.3495
2.0678
15.913
15.804
-28.92
-34.539
15.074
-13.763
-19.955
-19.255
-24.996
-33.018
3.829
18.942
0.03305
-8.9028
-24.405
-14.89
21.5
36.512
26.008
15.146
16.777
42.283
18.045
-8.0815
3.5978
19.107
34.198
26.493
23.929
-9.0505
-47.909
-45.762
-32.041
-20.053
3.955
-22.909
-18.73
-4.4545
-0.35404
-3.2924
7.1553
-7.436
4.3465
6.5216
31.378
17.234
-6.7415
-22.075
-16.912
-0.53127
-6.2981
5.7376
5.3682
26.62
25.756
-0.20981
-2.704
7.1686
5.1882
13.75
NaN
NaN
NaN
NaN
3.9244
-39.761
-41.886
-36.767
-9.6271
11.557
14.804
19.709
18.042
47.261
61.174
61.694
20.91
-24.12
-62.936
-52.674
-28.24
-4.7259
10.86
35.03
35.7
28.479
-12.953
-10.263
-4.4541
-7.9716
-20.435
-25.53
-29.789
-16.225
8.3625
6.5392
-7.7456
-24.799
6.8628
17.97
9.6639
10.485
10.957
1.4532
-8.1326
-13.942
-12.459
-8.5149
