15.437
6.4968
16.254
2.3798
28.531
24.873
21.126
4.7972
-31.945
-23.433
-14.387
-6.8113
-17.007
-28.348
-10.033
13.31
11.879
16.279
3.7018
-9.4097
-8.8239
-0.77392
-0.45403
-0.23959
7.6145
7.5482
1.0019
-1.4376
-22.017
-42.792
-18.764
-2.0612
-1.0871
-6.6412
-12.252
-6.8487
-1.9277
2.579
5.62
14.285
20.43
25.399
20.91
20.273
24.324
41.206
24.979
1.7685
-11.071
0.042449
-4.8553
8.5426
7.0195
-9.7738
-12.408
-35.133
-23.874
-5.0109
-8.6892
-21.767
-28.759
-11.741
-16.457
-34.783
-9.524
-20.305
-8.6878
23.964
22.95
19.989
29.635
36.177
38.889
19.84
0.37802
-17.88
-7.5898
-2.1509
6.2287
0.28355
11.446
13.387
12.437
2.1617
-21.258
-17.104
-8.0565
-16.114
-11.509
8.4763
-8.1932
-8.7268
-25.86
-19.727
-17.945
9.6033
13.949
14.068
15.432
-0.72854
11.809
5.2847
7.023
4.8004
23.38
21.071
25.221
18.215
-7.124
-41.147
-31.823
-26.672
-36.725
-18.768
-5.9528
22.535
27.958
24.861
17.197
9.044
14.273
-14.225
-14.237
-7.3679
1.5879
-11.958
-10.004
-20.67
-7.1522
-3.5934
20.552
30.056
9.0915
9.7444
13.089
-5.7671
-16.318
-29.887
-14.204
-14.751
-5.2165
3.1663
3.3587
8.1914
30.67
30.037
26.97
-0.71668
-8.3696
-4.8552
9.3581
3.982
-5.7144
-36.09
-12.162
7.971
16.943
10.433
-0.24308
-17.513
3.98
9.479
-4.7756
-23.837
-25.937
-15.349
-27.765
-22.485
-4.1372
4.522
0.15233
10.725
15.641
24.995
20.959
15.292
-6.3838
-1.2547
37.595
29.406
14.212
17.434
11.942
-17.598
-31.466
-20.73
-16.323
14.827
-8.694
-23.557
-9.09
-0.91162
-7.1484
-7.8465
1.9628
16.413
30.735
10.058
4.5474
1.242
0.61426
5.052
0.040876
-16.03
-34.988
-33.618
-10.339
12.915
3.3563
-8.4403
-15.34
-16.175
7.3452
31.245
7.5691
-33.998
-21.417
3.0958
10.993
14.507
16.809
19.202
19.481
38.434
28.039
38.987
37.609
19.023
3.0718
-1.5286
-19.896
-31.705
-47.752
-28.846
-10.324
-30.783
-23.411
-19.78
10.284
22.725
-6.4748
-31.044
-16.13
-16.131
6.0914
3.0474
-15.262
-13.192
-4.7358
17.063
29.685
20.833
19.641
13.678
2.7009
