4.4602
-3.4707
0.58551
8.5428
6.9603
6.8336
-1.55
11.524
8.1364
5.3759
4.5034
5.3276
13.493
32.154
11.799
-29.098
-34.462
-20.58
10.316
-10.582
-38.727
-24.669
-10.226
0.45398
4.9247
30.852
27.424
25.186
5.7996
-3.7767
1.6142
3.244
-8.9105
3.8844
1.0935
1.4529
3.0993
-3.778
-14.303
2.8101
12.254
-11.715
-10.353
-10.82
-9.3802
NaN
NaN
NaN
NaN
31.486
-6.137
-31.985
-16.781
10.596
16.052
24.234
-9.3814
-27.437
-0.61306
13.424
22.785
9.2655
29.351
15.204
8.1581
-0.57243
-0.85831
-0.67364
-7.6036
-0.91814
-11.883
-24.451
-9.175
6.9364
3.5341
-1.4222
-16.758
-26.015
-15.403
3.3378
-7.7196
10.824
13.48
7.1586
-14.786
5.0476
-15.411
-2.6096
12.495
20.061
2.5961
-7.0266
-3.4247
-6.6546
-16.716
2.0854
31.088
33.118
24.815
NaN
NaN
NaN
NaN
-38.578
-9.0564
-2.2922
-0.93773
5.8116
6.2165
-11.009
-8.0172
8.2498
19.774
19.813
24.17
12.214
5.822
-5.136
-1.6214
-11.937
0.049704
-8.6972
-22.48
-13.67
-11.682
-9.8875
-21.229
-14.865
-5.6881
4.8781
6.8554
3.8593
16.85
6.524
4.3088
4.511
10.391
3.6507
-9.6938
1.6605
-9.7259
9.1302
1.1105
-8.9341
-20.651
6.4629
6.5504
16.21
19.996
12.896
-6.373
32.567
44.657
41.049
13.309
-24.962
-21.157
-31.011
-23.917
-2.2372
-25.74
-24.802
-12.494
-15.792
1.4033
-5.7094
-14.226
-24.226
-6.8598
2.2712
2.3621
-7.9695
-22.617
9.6955
27.521
36.977
34.939
15.353
2.9371
4.6505
7.8096
13.668
-16.895
1.3656
5.341
9.382
11.204
3.5351
-8.2055
-3.2211
5.3888
-6.1137
-13.076
-34.66
-29.511
5.0996
16.277
4.2529
3.1014
-16.517
-4.078
14.539
25.442
19.546
14.451
-1.2065
-25.369
-23.318
-6.8329
-7.1083
-2.4675
-1.827
-12.055
-12.612
-3.3287
-13.771
-4.1001
7.2764
20.779
19.118
14.008
3.3319
11.128
-4.256
-18.329
2.0411
11.957
5.6547
-2.1141
12.465
17.593
6.1832
15.276
-6.1212
-3.6222
-16.976
-9.5951
-6.8146
-13.645
-14.743
4.2157
17.551
10.253
-10.069
-9.8927
3.092
-1.9682
-9.856
-18.64
-13.167
9.1532
11.641
-5.8539
-14.285
11.933
15.227
23.548
18.304
23.797
27.488
-19.816
-38.608
-55.546
-33.748
-10.362
18.635
31.174
36.973
21.651
-2.8384
7.4192
-10.631
-15.944
-11.41
-2.4666
-5.7819
-14.566
4.0075
20.806
4.7073
7.7
-9.8183
-9.2365
0.23477
23.681
26.908
7.0694
-1.7299
-12.02
-35.094
-13.14
-7.5529
7.5313
0.20084
11.634
11.608
16.701
0.48208
9.0296
-6.9647
-11.454
NaN
NaN
NaN
NaN
-10.593
-2.6076
-8.6794
5.4193
12.958
-0.071258
