-12.225
1.9677
-4.431
16.464
20.482
25.089
-3.7485
2.3696
1.9415
4.123
13.501
-14.887
-21.49
-12.924
-24.407
-32.772
-25.051
4.3002
-11.34
-4.0083
-14.288
2.4155
-26.489
-16.835
18.064
29.095
41.502
20.778
10.362
27.979
19.606
-2.6785
NaN
NaN
NaN
NaN
-25.049
-7.0542
19.168
4.7584
4.3595
6.9569
12.466
26.456
0.83131
-1.3901
10.15
18.61
1.4711
-10.842
1.1143
-13.846
12.907
3.0036
-3.8807
3.6239
-2.265
-8.6092
-29.937
-17.747
-9.5671
5.895
-4.9559
2.0915
-0.20106
-14.493
-10.923
-12.214
-14.857
13.927
-5.1412
21.244
24.157
18.836
-10.071
-2.2906
10.994
27.872
9.6935
8.557
20.73
22.308
13.22
0.46143
-5.4154
NaN
NaN
NaN
NaN
-20.254
-10.61
9.0764
-13.699
-27.219
-17.233
9.6062
6.167
-8.0914
-12.494
8.4103
13.324
12.008
16.86
22.009
10.456
3.4397
22.156
18.523
20.296
4.1282
-11.708
-3.1296
3.8536
-5.7497
5.9512
-31.664
-24.918
-10.731
-26.342
-11.118
-16.241
0.3198
12.108
20.187
18.362
18.18
6.5535
-16.236
-22.164
-5.4312
8.8589
3.0454
-3.571
-3.6068
6.8972
8.0868
1.4014
4.7828
9.5751
-6.6005
1.2216
-6.1395
11.259
15.489
-2.8161
-14.945
-6.5931
6.0104
0.55342
-9.0504
9.2244
25.166
-4.338
-26.421
2.2061
6.5084
-9.8914
-0.80938
-7.4387
11.824
-5.3625
4.0974
12.537
-0.61058
-6.7633
-35.477
-0.41809
12.159
-2.8663
2.5244
2.7283
-8.0791
1.2274
2.1394
-2.4301
-0.19784
19.256
14.571
6.2303
-3.309
-4.6003
15.093
7.7388
-25.841
-24.534
-8.4409
4.418
21.097
15.257
-9.8278
-12.48
-3.2997
-5.6376
10.811
18.267
7.1623
8.2227
-3.4945
-5.9737
-14.25
-26.3
-11.608
11.859
19.338
1.6281
-9.2339
4.2787
21.875
9.3198
-12.687
3.2785
-5.1466
1.8641
-7.4674
-5.8618
-10.317
-7.2749
0.55241
4.1943
18.792
2.2516
-5.3823
-2.1234
-12.442
-6.5259
-16.762
-12.477
-11.014
9.3594
5.997
3.957
8.3776
17.824
23.289
27.116
11.612
3.2939
-11.614
-7.9094
-3.9509
-6.3249
-3.2793
-0.35366
-9.7468
-1.9326
-1.3948
7.9633
0.77092
7.9898
6.7496
-14.207
-17.484
-7.9381
9.1385
1.8461
9.9102
-12.1
1.9852
11.472
11.494
-18.33
-12.43
-10.71
-12.18
-30.928
-25.294
-17.456
-9.5595
-16.571
11.517
11.532
14.743
44.658
42.448
32.72
33.684
30.29
38.419
22.817
-8.2869
-16.079
-10.38
-8.8659
-15.895
-9.431
2.4544
-23.422
-18.163
-38.752
-39.01
-38.606
-30.064
1.0511
9.4475
-10.641
4.5674
12.992
5.7708
3.7994
9.6869
16.72
3.6028
-9.6315
9.8195
27.415
22.189
14.576
-6.4545
13.393
