NaN
NaN
NaN
NaN
NaN
NaN
NaN
NaN
NaN
NaN
NaN
NaN
NaN
NaN
NaN
NaN
NaN
NaN
NaN
NaN
NaN
-15.215
-1.3742
-22.029
8.7785
90.313
103.96
8.7537
63.288
84.504
14.125
9.5413
32.006
-12.691
58.09
32.004
42.432
21.381
58.33
8.3282
10.15
-21.475
-63.264
-43.312
-56.457
-68.38
-40.115
12.258
-4.7854
-15.291
-45.548
-30.169
-39.378
-13.957
42.958
22.536
-2.065
-51.612
-17.834
-52.671
-21.244
-38.935
-25.324
-21.342
15.447
5.0667
38.542
37.214
63.818
4.3679
-4.099
87.734
NaN
NaN
NaN
NaN
NaN
NaN
47.967
20.376
31.354
46.546
41.969
-9.7011
-4.4858
-14.888
27.126
14.62
-32.654
39.284
36.476
18.222
-22.466
-15.399
2.282
0.74549
12.532
23.98
0.68682
-48.032
-77.993
-59.538
-23.345
-6.7006
1.739
-68.797
-36.048
-160.6
NaN
NaN
NaN
NaN
NaN
NaN
NaN
NaN
NaN
NaN
NaN
NaN
35.08
50.18
77.366
49.005
50.625
54.134
-42.262
-22.712
95.266
-7.0634
-34.429
39.188
NaN
NaN
NaN
NaN
NaN
NaN
NaN
NaN
NaN
NaN
NaN
NaN
NaN
NaN
NaN
NaN
NaN
NaN
26.717
-4.2954
7.9268
-0.69761
-44.607
-30.557
6.647
-61.763
-11.598
-46.242
23.98
26.987
49.315
65.104
12.231
54.666
74.793
22.63
NaN
NaN
NaN
NaN
NaN
42.478
77.035
35.929
39.814
27.937
19.392
16.941
-14.814
-66.084
-26.354
8.4263
13.115
-11.521
-4.0989
-36.285
33.228
-71.566
-24.631
5.8817
1.0964
-1.7405
-28.405
-17.803
-38.706
-26.327
-34.72
42.538
5.5511
7.9438
18.172
-35.725
5.9684
-21.248
-40.998
-35.489
-35.898
-51.383
-0.80714
-4.0069
49.415
21.39
57.976
-19.381
19.638
-12.954
16.547
-12.075
78.608
74.037
73.639
78.159
-1.6347
-2.3028
14.897
-29.915
-17.046
15.957
20.305
0.5448
-23.703
-29.123
-14.117
-11.414
3.2693
-11.693
-3.4595
-71.5
31.925
89.937
-24.82
-4.1176
-55.971
17.018
-38.895
-30.623
-7.3003
-3.3247
35.168
-40.139
-7.4436
-44.134
-116.43
-298.86
40.543
47.115
10.408
32.467
77.456
47.937
75.387
18.072
-39.825
NaN
NaN
NaN
NaN
NaN
NaN
NaN
56.753
-11.762
4.0057
-37.073
12.964
-9.3171
2.1781
-1.4861
-0.40276
-23.822
-16.782
-27.109
48.876
