-18.57
-59.809
-16.318
-22.798
20.24
18.404
43.321
28.129
15.246
9.2387
11.096
18.976
-43.451
-11.931
14.311
-18.789
-25.967
-15.539
-55.23
-1.3242
-8.9952
28.403
-37.994
11.353
-16.568
-11.635
-3.905
-33.37
4.8685
53.498
13.776
71.488
59.62
43.936
16.257
42.016
68.606
17.163
NaN
NaN
NaN
NaN
NaN
-22.835
-14.082
-54.524
-4.8377
-17.438
5.7309
-2.204
13.184
-9.3185
18.586
15.858
50.082
8.9875
-52.868
4.8743
-0.11062
2.5581
-12.656
31.221
-29.657
9.4424
38.383
62.349
9.5982
29.428
-8.7138
-18.884
-24.621
22.739
-20.271
-9.3171
-14.451
26.724
7.1693
-0.89467
12.921
-17.139
-21.291
8.1023
3.7826
-2.5747
-47.829
-51.351
-64.605
-23.113
22.607
3.8386
49.581
10.39
13.781
3.6934
48.109
34.146
15.881
-36.604
-2.9708
32.266
0.15157
3.083
-10.07
4.8487
-40.347
NaN
NaN
NaN
NaN
NaN
NaN
NaN
NaN
NaN
NaN
NaN
NaN
NaN
NaN
NaN
NaN
-51.099
78.653
17.742
-17.064
-21.459
-6.6986
-6.8853
28.84
36.23
37.702
-4.5272
28.21
4.242
51.958
21.44
-6.3391
-69.935
-17.315
-34.731
NaN
NaN
NaN
NaN
NaN
NaN
NaN
-76.124
13.745
27.479
-1.1344
-34.836
-25.231
17.414
NaN
NaN
NaN
NaN
5.0398
2.149
21.222
22.324
-56.367
-15.818
18.023
7.1695
42.923
23.141
NaN
NaN
NaN
NaN
NaN
NaN
NaN
NaN
NaN
NaN
NaN
NaN
NaN
NaN
NaN
NaN
NaN
NaN
NaN
NaN
NaN
NaN
NaN
NaN
NaN
NaN
NaN
NaN
NaN
NaN
NaN
NaN
-11.262
-21.279
22.403
-6.7824
-9.0348
44.776
-12.272
-21.814
-35.072
15.375
-26.423
NaN
NaN
NaN
NaN
-23.994
-53.082
18.488
-6.4569
15.057
42.088
13.328
-4.6576
-3.7606
6.7271
6.9675
13.131
28.165
4.7307
28.938
20.379
-31.364
-18.74
-47.565
-28.168
-72.809
11.179
35.072
33.818
25.476
57.887
16.053
-32.087
4.573
-3.2543
-10.022
-49.46
-7.632
-6.0385
49.458
24.518
32.313
42.674
-10.48
4.5912
-17.697
-1.0338
16.123
-49.481
-13.89
-6.1798
-35.725
-44.45
-11.921
-66.136
-8.8005
46.219
14.401
5.2234
13.392
12.697
-21.166
30.414
28.73
-34.895
NaN
NaN
NaN
NaN
NaN
-33.549
-1.0648
-22.175
15.333
27.935
-14.794
30.487
7.5267
-19.057
-25.399
-43.647
-5.9549
-25.301
-13.312
-12.769
-27.507
7.552
3.6567
NaN
NaN
NaN
NaN
NaN
NaN
NaN
NaN
NaN
NaN
NaN
NaN
NaN
NaN
