-3.3697
2.5163
16.055
19.626
9.7536
-18.064
-40.867
-46.79
-8.6877
-31.191
-31.735
-13.921
17.83
34.185
51.025
0.53133
11.095
37.552
43.121
22.205
25.331
31.906
11.684
-5.4261
11.624
44.713
35.952
-4.2282
12.95
-8.143
-9.0096
-20.073
-12.061
-26.447
-25.817
-43.355
-28.755
-26.935
NaN
NaN
NaN
NaN
NaN
-19.486
-17.246
0.70157
-14.492
-0.73163
10.656
36.282
49.783
31.185
20.654
30.267
46.082
57.755
22.005
-14.333
-33.114
-5.3378
-4.6329
-18.898
-25.312
-13.78
13.67
34.699
20.807
47.005
42.547
20.223
-15.21
-4.559
-8.2577
-11.752
-29.911
-14.493
4.9649
-10.154
-28.601
-40.872
-39.521
-10.523
-15.375
-1.2821
-31.544
-23.061
-2.9236
-10.236
17.759
33.777
38.258
15.909
-4.5344
-8.2464
-14.84
3.0807
-8.7619
-0.60809
-1.9886
12.209
19.825
16.086
17.203
23.991
43.749
NaN
NaN
NaN
NaN
NaN
NaN
NaN
NaN
NaN
NaN
NaN
NaN
NaN
NaN
NaN
NaN
13.469
14.504
-3.5517
-13.593
-10.644
-16.279
-24.504
-41.685
-21.319
10.74
-8.5961
-18.238
-36.003
-28.496
-17.812
-5.9868
23.964
33.547
25.582
NaN
NaN
NaN
NaN
NaN
NaN
NaN
-20.769
-17.019
-8.5432
7.2944
2.2616
0.88356
-10.379
NaN
NaN
NaN
NaN
31.019
35.534
38.868
45.554
13.799
-23.879
-31.749
-37.405
-27.911
-18.549
NaN
NaN
NaN
NaN
NaN
NaN
NaN
NaN
NaN
NaN
NaN
NaN
NaN
NaN
NaN
NaN
NaN
NaN
NaN
NaN
NaN
NaN
NaN
NaN
NaN
NaN
NaN
NaN
NaN
NaN
NaN
NaN
-9.0066
-3.3607
-17.75
-25.557
-16.4
-17.323
-11.235
-20.122
10.726
9.2646
-1.0792
NaN
NaN
NaN
NaN
-36.95
-19.575
-21.573
-19.838
11.073
14.176
18.598
-15.721
-35.2
-35.291
-13.066
-17.307
-42.488
-40.39
8.6044
32.615
53.465
40.501
63.353
62.015
10.428
-12.693
-25.639
-44.92
-56.892
-8.3648
23.978
20.479
15.638
0.058571
7.3493
23.775
20.295
-7.0979
-0.51638
-12.589
7.0097
-7.4654
-12.676
-4.1074
-3.0008
12.751
1.4286
13.38
7.5076
24.357
5.0232
2.0481
2.0752
-27.168
-35.571
-24.167
-49.592
-58.765
-16.732
8.0219
4.2418
3.3921
-0.079711
10.555
NaN
NaN
NaN
NaN
NaN
-24.369
2.3791
51.619
54.866
58.591
39.082
0.93757
-3.9486
20.118
26.497
20.271
4.327
-11.927
-17.9
2.6661
-12.454
-19.868
-12.57
NaN
NaN
NaN
NaN
NaN
NaN
NaN
NaN
NaN
NaN
NaN
NaN
NaN
NaN
