-63.8
-27.554
-49.195
-42.175
-78.824
-60.582
-16.946
-28.894
16.406
-0.17583
15.754
-22.609
-22.713
-26.814
24.695
14.769
29.19
25.807
-4.884
10.225
13.338
42.342
-11.744
54.486
32.301
47.501
5.0306
19.619
-20.507
-18.656
-2.3684
27.059
-9.8011
-23.949
-13.708
27.829
35.255
-30.008
NaN
NaN
NaN
NaN
NaN
33.188
-11.909
-18.63
-21.678
4.046
13.156
6.4351
3.4966
3.5026
4.9018
15.464
2.7335
-0.89045
-29.771
29.92
7.3711
58.836
-14.48
14.131
-18.126
24.82
12.23
22.252
-25.577
-3.4777
-43.224
-38.922
-21.198
-3.3789
-23.033
18.748
7.377
14.532
-2.2752
-17.147
10.607
11.662
37.62
46.68
-2.6804
21.292
19.327
15.9
18.838
27.819
-14.232
-80.69
-25.721
-68.203
17.775
-22.198
18.306
13.69
7.2332
16.614
0.70198
-15.362
-42.909
42.518
10.343
20.91
8.1196
NaN
NaN
NaN
NaN
NaN
NaN
NaN
NaN
NaN
NaN
NaN
NaN
NaN
NaN
NaN
NaN
-91.302
-66.894
-71.296
3.2521
-5.0176
38.279
7.3738
58.09
0.1403
34.785
-19.498
31.903
-7.7328
24.604
1.6806
17.252
-13.249
-9.7592
30.403
NaN
NaN
NaN
NaN
NaN
NaN
NaN
-87.686
-149.69
-6.8677
8.1772
-23.117
20.117
40.167
NaN
NaN
NaN
NaN
-7.3046
24.201
-14.21
0.26279
-36.066
-16.974
20.112
17.96
38.889
31.405
NaN
NaN
NaN
NaN
NaN
NaN
NaN
NaN
NaN
NaN
NaN
NaN
NaN
NaN
NaN
NaN
NaN
NaN
NaN
NaN
NaN
NaN
NaN
NaN
NaN
NaN
NaN
NaN
NaN
NaN
NaN
NaN
16.608
37.044
73.231
33.615
56.221
47.34
24.681
30.081
14.924
49.219
17.068
NaN
NaN
NaN
NaN
4.5351
-13.978
5.5468
-12.608
32.098
39.711
-4.7713
-47.207
-61.825
-42.026
-83.253
-51.737
-31.261
20.4
33.502
26.678
3.7136
-7.8804
-34.628
-40.474
-2.0069
34.858
56.846
35.132
34.53
11.628
-14.834
-7.7074
-4.5331
-8.1261
-0.0055593
-24.986
-14.747
16.418
50.574
36.65
71.273
24.992
23.399
-16.392
-19.413
5.6928
1.2879
14.669
-20.02
-33.337
-34.314
-34.862
-2.9464
-24.529
8.1502
-18.413
-53.135
-1.6462
8.1972
15.114
12.427
52.592
64.47
18.906
NaN
NaN
NaN
NaN
NaN
31.173
30.918
19.401
25.369
-5.3434
-32.966
-16.502
-9.8916
-16.809
-5.4661
16.836
51.387
41.8
56.461
-0.54543
2.8518
28.11
50.615
NaN
NaN
NaN
NaN
NaN
NaN
NaN
NaN
NaN
NaN
NaN
NaN
NaN
NaN
