27.727
6.7036
-19.684
29.634
22.189
34.279
24.186
-2.5746
19.058
-3.2059
-17.427
-24.115
-6.9872
-40.343
-9.6348
5.6569
-9.5832
5.1151
-19.542
2.2795
-25.929
7.8804
-15.626
-15.842
-19.605
10.932
-22.888
12.849
9.5471
39.841
34.777
57.033
20.471
55.319
17.62
6.916
34.434
15.763
NaN
NaN
NaN
NaN
NaN
-4.4843
-23.579
-23.02
-18.466
-34.077
-21.681
-9.8935
14.313
12.287
-8.4908
-17.999
6.061
47.983
6.3105
3.7595
6.872
53.117
27.664
36.89
13.546
-0.65212
-26.534
8.9328
3.0993
22.078
43.381
13.49
5.2855
18.667
13.784
14.178
-50.849
-11.369
-4.6692
-17.732
-13.862
-32.971
-51.858
-27.898
-42.327
-23.409
-36.472
-29.288
-35.526
-26.882
20.606
58.657
71.83
49.885
35.682
6.6688
-4.1243
18.632
-4.7447
16.927
1.1258
32.673
-22.873
17.372
14.87
24.857
-42.427
NaN
NaN
NaN
NaN
NaN
NaN
NaN
NaN
NaN
NaN
NaN
NaN
NaN
NaN
NaN
NaN
29.143
26.554
-13.331
15.142
-20.602
-17.221
-31.613
-11.025
-34.614
20.088
3.4451
0.53092
-10.901
-0.46899
-17.977
-9.1304
-9.8491
3.7353
-8.7631
NaN
NaN
NaN
NaN
NaN
NaN
NaN
31.283
34.953
-23.028
-15.563
-25.732
-15.201
-6.7932
NaN
NaN
NaN
NaN
30.735
49.123
55.305
64.397
44.941
7.7275
49.203
28.97
18.838
-0.0099334
NaN
NaN
NaN
NaN
NaN
NaN
NaN
NaN
NaN
NaN
NaN
NaN
NaN
NaN
NaN
NaN
NaN
NaN
NaN
NaN
NaN
NaN
NaN
NaN
NaN
NaN
NaN
NaN
NaN
NaN
NaN
NaN
2.8231
-21.735
-2.7944
-35.95
-38.61
-39.279
-56.827
-30.493
-17.08
6.8864
2.4586
NaN
NaN
NaN
NaN
-0.67938
-8.4806
21.081
-9.4547
-15.32
-19.661
-5.8795
-3.1466
12.892
61.309
100.75
56.853
4.9179
-20.613
-21.419
-40.886
-30.353
-16.498
3.2137
37.844
-6.0162
-28.064
-7.8303
-2.7125
-0.7515
16.502
38.584
42.959
33.46
13.373
12.244
55.003
14.54
-42.492
-25.729
-13.296
-11.953
-45.115
-23.513
-30.827
-41.013
-4.8941
-14.354
-14.86
4.0166
-4.7282
-1.4052
-3.3838
40.577
16.322
-52.192
18.449
12.93
-20.866
12.213
40.793
-3.9817
-9.8021
-12.447
20.805
NaN
NaN
NaN
NaN
NaN
-37.53
-50.065
-39.653
-20.914
26.481
-9.6558
0.35191
27.025
55.494
38.129
14.037
12.43
-24.268
-23.82
-24.107
-51.005
-38.85
-9.2063
NaN
NaN
NaN
NaN
NaN
NaN
NaN
NaN
NaN
NaN
NaN
NaN
NaN
NaN
