NaN
NaN
NaN
NaN
NaN
NaN
NaN
NaN
NaN
NaN
NaN
NaN
NaN
NaN
NaN
NaN
NaN
NaN
NaN
NaN
NaN
11.613
-17.718
-43.262
-24.172
-18.119
24.26
8.0704
-1.3375
23.441
38.406
54.008
12.747
-1.4723
-3.179
31.955
-6.075
9.1564
-9.9412
-16.872
-20.522
5.735
23.549
20.017
-17.03
-32.794
-16.269
4.0534
41.274
24.763
24.402
33.78
20.14
-15.581
2.2651
-11.369
-16.924
-1.3613
-25.359
-47.916
-57.077
-40.96
-2.4037
-8.2868
29.625
6.5972
-1.2741
-16.357
-19.693
6.7301
0.24955
-1.071
NaN
NaN
NaN
NaN
NaN
NaN
-0.90682
29.84
24.059
30.511
-8.5733
-28.277
-25.07
3.3717
25.207
24.02
-11.096
-16.457
9.5746
24.669
-0.37393
-3.7686
-16.988
-31.151
-26.342
-23.819
-21.12
-26.119
32.214
25.366
12.555
44.485
29.381
36.563
37.558
61.602
NaN
NaN
NaN
NaN
NaN
NaN
NaN
NaN
NaN
NaN
NaN
NaN
-19.316
-39.336
-22.637
-21.998
23.879
18.578
6.1369
1.9163
42.009
47.766
-6.501
-10.471
NaN
NaN
NaN
NaN
NaN
NaN
NaN
NaN
NaN
NaN
NaN
NaN
NaN
NaN
NaN
NaN
NaN
NaN
-30.184
13.763
-3.6065
-12.001
-29.658
-24.051
-14.805
1.9913
10.703
12.563
-17.539
-50.126
-29.393
-0.60826
-33.385
-29.112
-27.297
-14.915
NaN
NaN
NaN
NaN
NaN
24.353
21.359
-16.157
-11.699
-28.031
-13.983
14.044
58.437
76.04
39.564
9.7374
0.58486
13.289
4.6805
-14.688
1.4728
-18.609
-18.671
-12.426
16.932
24.174
24.668
45.691
-5.8297
-13.498
-3.622
-12.964
-18.557
-26.415
-32.124
-29.586
-14.304
-14.077
-9.2926
4.6082
17.286
16.347
14.357
17.181
9.559
-1.3175
-11.096
-27.672
-58.68
-33.791
-8.943
-6.6385
-21.72
-13.472
2.2118
-1.2856
14.551
43.61
20.023
9.6593
20.286
5.8292
-12.741
11.112
7.6664
35.925
-7.7176
6.6066
40.473
32.955
35.899
14.944
15.229
-8.7827
38.052
17.349
-9.6185
17.599
10.279
-11.651
-16.066
-22.537
-36.337
-75.117
-93.909
-59.915
-38.483
-7.2559
-19.601
-5.7195
15.479
39.55
35.458
-2.0677
6.0594
-1.3526
0.92254
NaN
NaN
NaN
NaN
NaN
NaN
NaN
16.775
36.632
20.253
12.592
7.7976
24.784
27.142
30.037
14.309
9.4376
12.445
28.846
43.367
