21.64
-9.6163
-15.81
-14.468
-11.847
0.91016
-0.97268
-16.198
-15.487
-2.3226
9.8092
-10.818
NaN
NaN
NaN
NaN
NaN
NaN
NaN
NaN
NaN
NaN
24.403
25.276
-14.87
37.381
8.456
NaN
NaN
NaN
NaN
2.4377
-0.55026
-34.723
-13.789
-27.221
-13.01
8.0291
-26.109
16.715
10.194
18.5
-0.78652
-10.319
2.0425
-17.848
-28.771
-31.3
-12.686
-4.425
18.861
39.921
9.4202
-2.9815
-6.6023
8.827
29.116
12.626
19.289
5.8578
-13.116
-0.58819
-18.178
2.6315
16.646
3.1298
13.884
-7.2721
30.834
-4.7477
-17.336
6.8277
14.353
2.1109
-22.21
-17.994
-31.283
-41.552
-39.244
-18.966
1.3586
11.957
9.3664
7.0721
-7.215
-3.4211
15.485
30.932
24.977
26.693
-5.1079
16.754
17.044
20.482
1.0013
-0.82423
1.6536
-29.219
-42.643
-20.617
-2.0307
-23.611
5.1241
9.0456
-1.0103
19.208
3.5767
9.9435
-0.55019
29.914
12.788
-18.722
43.504
5.2104
6.3258
-3.8629
-17.57
-25.31
-30.25
14.64
-9.004
-15.554
-19.96
-0.88031
21.413
5.3219
1.7218
-17.128
-25.461
-48.289
16.637
15.276
1.3042
23.328
-2.765
-10.794
8.3568
13.098
25.51
23.588
18.843
-8.3076
-11.809
-16.976
6.211
-1.9187
8.7941
27.865
15.961
8.5742
20.002
-9.0903
9.543
-1.9391
26.509
-21.544
-32.622
-28.062
-12.957
-27.224
-17.461
-15.769
-23.861
-43.054
-21.912
1.0934
6.9796
-5.7866
20.998
NaN
NaN
NaN
NaN
NaN
NaN
NaN
NaN
NaN
NaN
NaN
NaN
NaN
NaN
NaN
-9.3333
-8.9548
-5.3148
-27.77
-9.0977
-0.50558
-2.2248
-10.458
-1.8207
47.072
-26.172
12.339
28.877
-6.6065
-1.6929
-16.99
2.2724
-5.2714
NaN
NaN
NaN
NaN
NaN
-10.592
33.249
25.307
24.883
12.985
-16.723
NaN
NaN
NaN
NaN
NaN
NaN
NaN
11.634
-18.913
-36.403
22.525
-35.438
8.6604
17.528
14.635
7.1546
5.8024
-4.594
2.6296
NaN
NaN
NaN
NaN
43.857
29.781
4.8225
11.651
-48.876
6.1621
1.027
-23.601
-6.9018
-5.6708
-3.2472
19.743
-17.924
3.3773
32.304
-5.4204
-2.0895
-16.196
-2.7545
3.8622
-15.297
3.6713
-0.40977
2.4628
14.651
13.857
-10.085
1.0374
-15.129
-26.346
-31.994
2.333
-21.987
1.3929
14.381
-17.314
NaN
NaN
NaN
NaN
22.962
17.04
18.77
1.1988
14.551
35.694
2.3925
12.558
7.4268
0.025634
-4.904
-33.122
-53.867
-45.445
-19.914
-23.581
1.2502
-12.032
-4.6215
10.555
-11.794
-9.2489
8.064
1.8664
33.806
-1.2185
-4.1462
24.44
11.751
18.97
-1.9333
3.7883
12.956
35.803
