-17.943
6.9334
-14.678
27.054
4.5923
2.4119
26.512
-1.5414
33.901
26.327
-8.7565
-20.265
-17.831
-55.305
-20.394
-2.0093
-4.2528
-26.288
-44.532
-25.715
-15.848
11.063
-65.707
9.4345
-14.412
-3.1598
-48.362
-37.198
-52.894
6.8793
49.573
64.408
36.469
7.3399
17.377
30.589
53.102
-23.325
NaN
NaN
NaN
NaN
NaN
53.866
-8.7544
-6.186
-17.04
-15.281
-10.874
-5.1232
28.443
2.5048
-16.934
-7.0193
-20.005
-6.8186
-38.986
7.029
-4.4754
29.648
-51.407
2.3316
-16.326
-4.8422
-13.448
-11.612
-53.661
-26.374
-49.691
-66.445
-29.046
-18.579
-4.634
36.963
1.7608
9.3865
11.418
3.4663
24.532
26.819
41.835
52.57
30.626
72.842
68.023
60.76
48.925
46.495
-2.4574
-62.009
-10.56
-78.988
31.158
-24.774
15.353
6.6225
1.1414
16.986
-14.796
-51.225
-62.861
50.164
-8.434
2.8157
-54.363
NaN
NaN
NaN
NaN
NaN
NaN
NaN
NaN
NaN
NaN
NaN
NaN
NaN
NaN
NaN
NaN
-57.332
-57.805
-76.383
18.174
20.233
57.109
17.27
46.792
-0.96299
42.54
-8.889
23.259
17.305
45.858
26.626
46.689
25.209
17.831
31.698
NaN
NaN
NaN
NaN
NaN
NaN
NaN
-108.18
-210.51
1.9651
-20.275
-48.914
-14.543
-7.4577
NaN
NaN
NaN
NaN
-9.4599
13.947
-14.592
-3.1005
-39.043
-9.6381
25.751
4.0488
28.494
24.914
NaN
NaN
NaN
NaN
NaN
NaN
NaN
NaN
NaN
NaN
NaN
NaN
NaN
NaN
NaN
NaN
NaN
NaN
NaN
NaN
NaN
NaN
NaN
NaN
NaN
NaN
NaN
NaN
NaN
NaN
NaN
NaN
23.56
51.624
45.417
11.102
14.962
8.8561
10.76
30.205
10.548
51.984
29.162
NaN
NaN
NaN
NaN
34.908
27.864
47.509
26.555
49.004
30.861
-9.7569
-30.226
-14.047
34.389
35.15
-9.6761
-34.861
-6.4515
1.7036
-22.237
-51.925
-49.67
-29.938
-36.815
-43.055
-34.271
-3.9396
-34.45
-6.3091
-6.0727
7.0165
14.814
-3.0572
9.0675
13.845
42.329
-23.268
-4.2592
7.2718
13.05
37.76
-2.0617
16.822
14.158
18.51
47.113
27.518
33.937
2.253
-53.471
-26.574
-12.963
10.441
18.182
24.077
-4.2923
-16.626
5.828
12.768
37.056
31.058
47.712
37.483
-7.4814
NaN
NaN
NaN
NaN
NaN
3.781
-13.498
-1.6893
13.276
-8.5932
-31.586
-17.713
6.0697
18.195
3.9022
14.806
37.756
15.516
28.243
-15.862
5.3729
36.543
59.267
NaN
NaN
NaN
NaN
NaN
NaN
NaN
NaN
NaN
NaN
NaN
NaN
NaN
NaN
