-50.116
-42.329
24.165
1.2207
23.514
13.71
31.062
14.142
8.6158
-25.401
-41.919
-3.3092
NaN
NaN
NaN
NaN
NaN
NaN
NaN
NaN
NaN
NaN
-1.2784
40.463
23.07
-7.4027
-38.794
NaN
NaN
NaN
NaN
4.0098
24.487
34.474
13.568
1.7995
26.652
2.3382
18.568
-3.6253
-5.4009
-5.6092
2.8059
-5.8954
-21.322
-29.067
-32.718
-25.23
-3.569
1.5106
-27.565
-12.608
-5.6853
15.517
27.356
15.744
20.39
11.894
30.732
21.623
25.199
29.373
-2.4451
28.327
-9.1703
-21.793
-27.302
-27.506
-26.296
-17.877
-5.4828
-4.803
-37.422
-17.849
-3.873
11.628
16.869
32.399
11.099
20.836
10.231
-15.353
0.07389
-1.4428
32.556
-6.1233
7.9311
4.5569
7.7805
-10.984
-1.421
-10.689
-14.266
-8.8157
-3.4982
-5.6169
-9.0288
0.67474
14.21
33.632
17.221
-0.050448
-20.791
-24.046
-4.4327
-18.271
14.114
6.5571
-27.137
-19.658
-11.33
-55.169
-29.114
10.659
19.939
29.164
45.379
21.1
16.768
13.949
22.435
42.754
-10.84
0.90012
-30.279
-12.016
-0.55375
12.606
9.1846
38.212
25.345
-14.637
-48.45
-22.154
7.9301
-28.032
-6.6944
-0.66301
-13.22
-7.614
2.9879
19.505
4.5977
-8.8738
-7.051
-16.007
-24.225
-2.1362
-12.292
-29.526
-23.622
-20.1
13.28
1.1919
7.0429
11.305
11.46
34.214
65.818
24.62
16.287
21.437
29.137
11.85
6.6961
-24.024
14.72
18.674
16.111
NaN
NaN
NaN
NaN
NaN
NaN
NaN
NaN
NaN
NaN
NaN
NaN
NaN
NaN
NaN
-3.0316
30.893
3.9244
-10.706
-20.972
5.2636
-23.875
5.8938
-6.7661
81.049
30.68
-51.21
-2.3392
13.862
26.585
-13.002
3.9495
-10.721
NaN
NaN
NaN
NaN
NaN
26.52
-22.455
-26.421
-32.825
12.864
-15.912
NaN
NaN
NaN
NaN
NaN
NaN
NaN
2.7996
8.3942
6.934
-8.7548
-4.2677
-11.987
5.3459
-10.452
2.9354
-20.572
-1.6817
17.938
NaN
NaN
NaN
NaN
-10.538
-33.686
-17.593
-33.916
-12.029
3.1382
-2.8773
15.57
19.893
12.046
16.57
-1.6978
18.256
-19.069
-6.3132
-20.81
5.2586
7.9557
7.6193
3.2947
-5.3677
14.767
11.773
7.3687
19.86
-1.0081
19.131
-11.545
-16.158
1.9712
11.316
17.815
-14.042
-42.912
-24.521
-5.8342
NaN
NaN
NaN
NaN
-12.591
16.485
43.626
24.02
24.001
-19.617
-8.6469
-32.497
7.8757
-3.9002
-20.38
-10.647
11.624
48.328
34.407
17.521
9.4004
16.893
16.541
-7.3653
23.31
-2.704
1.0418
21.961
-21.157
8.4552
-32.05
-32.392
-16.623
-6.4004
24.881
-9.9228
-16.7
-12.419
