59.972
34.28
5.1975
21.164
17.598
11.755
24.722
1.2485
33.028
8.0832
18.894
-7.4711
-2.4435
-14.771
-26.402
-26.706
-24.579
-19.104
-28.387
-2.3738
-3.771
-6.2841
-22.367
-24.278
-19.31
8.8503
7.8333
-4.3066
20.969
13.218
-14.373
-20.386
-13.738
22.642
27.306
8.4997
0.010756
10.003
NaN
NaN
NaN
NaN
NaN
9.9673
-2.4459
-2.6577
-13.415
-6.7622
4.4601
1.1801
15.451
-5.5601
-16.383
5.6924
10.39
14.203
-29.473
-31.531
-38.37
-23.114
-33.845
-35.761
-24.234
-1.377
17.138
40.228
35.928
52.134
40.044
0.13345
-37.05
-11.116
-16.841
-27.676
-15.574
11.753
2.6841
-3.8871
14.969
11.642
28.955
22.018
6.3824
-9.8646
6.5958
22.608
15.756
15.125
19.854
3.0098
-10.297
-19.654
-27.476
-32.585
-22.951
-14.807
-22.836
-26.939
-25.587
15.383
-5.8668
-11.027
-4.5926
-4.0602
16.471
NaN
NaN
NaN
NaN
NaN
NaN
NaN
NaN
NaN
NaN
NaN
NaN
NaN
NaN
NaN
NaN
-13.29
-13.768
-14.488
-15.801
-23.841
-29.149
-47.337
-36.431
-42.715
0.35015
-12.444
2.1488
2.9687
28.199
16.366
7.8691
5.753
-3.4819
-11.907
NaN
NaN
NaN
NaN
NaN
NaN
NaN
47.264
74.75
-13.836
-14.76
-8.9502
-12.439
-24.778
NaN
NaN
NaN
NaN
-40.089
-24.495
-15.964
1.1116
-3.6574
-17.313
-18.494
-24.653
-20.681
7.8058
NaN
NaN
NaN
NaN
NaN
NaN
NaN
NaN
NaN
NaN
NaN
NaN
NaN
NaN
NaN
NaN
NaN
NaN
NaN
NaN
NaN
NaN
NaN
NaN
NaN
NaN
NaN
NaN
NaN
NaN
NaN
NaN
16.41
3.9586
12.764
-7.533
-16.661
-4.078
-14.516
-24.608
-14.954
-16.814
-21.495
NaN
NaN
NaN
NaN
-34.539
-38.068
-17.24
-8.8298
11.939
23.908
16.69
15.447
34.038
44.285
34.474
3.7116
-11.99
-5.0498
5.4702
9.7887
7.2936
-0.004294
2.9517
0.14648
-15.14
-33.597
-16.539
-29.252
-39.521
-3.4607
-3.4717
0.36077
6.4601
13.646
2.6403
5.6097
-2.3913
-13.798
-8.234
2.7336
11.999
-6.1635
2.2481
-4.2055
-3.9205
8.895
-0.52815
2.968
4.9074
32.08
24.715
6.3376
25.114
-5.7493
-44.252
-23.02
-44.419
-1.3717
15.329
29.588
4.0313
-6.8892
-4.6209
8.4157
NaN
NaN
NaN
NaN
NaN
-35.949
6.076
21.217
13.519
7.2323
-27.042
-11.658
-5.0061
-3.4656
-9.6708
-12.292
-7.5857
-13.306
6.3089
-1.3154
-18.663
-2.9708
20.664
NaN
NaN
NaN
NaN
NaN
NaN
NaN
NaN
NaN
NaN
NaN
NaN
NaN
NaN
