-53.672
-21.808
-53.47
-45.598
-63.932
-24.098
3.5013
-18.233
15.755
4.6171
22.586
-8.0216
-10.198
-14.495
18.511
6.9269
12.289
5.2279
-13.427
-1.1029
0.047751
27.397
4.2543
38.765
21.25
23.413
3.7342
27.677
21.961
-8.017
-12.376
5.131
-13.072
-14.941
-6.4146
13.282
22.49
-11.396
NaN
NaN
NaN
NaN
NaN
13.934
-6.5788
-2.4098
-12.108
-6.5529
0.28988
-7.9074
4.106
6.5387
-1.0831
9.1588
-6.8627
12.265
-5.9383
25.149
15.065
51.946
9.1177
18.571
-21.23
-0.18904
-11.206
14.716
-10.13
1.8562
-21.162
-11.702
-8.3639
-4.3115
-23.419
9.3164
-3.2797
-0.64911
-2.981
-11.303
-3.0202
-2.7915
15.692
38.71
-0.7693
14.352
4.5987
0.987
15.799
22.805
3.5184
-37.252
-16.657
-41.557
16.736
-8.5634
5.1043
16.084
1.3787
8.8584
-13.676
-2.2148
-21.736
24.078
13.775
11.501
3.3229
NaN
NaN
NaN
NaN
NaN
NaN
NaN
NaN
NaN
NaN
NaN
NaN
NaN
NaN
NaN
NaN
-23.85
-36.952
-34.456
14.98
16.403
49.036
19.314
40.681
-0.98862
18.87
-16.408
20.053
-7.5192
9.7763
-4.4427
5.778
-10.356
-28.189
9.6531
NaN
NaN
NaN
NaN
NaN
NaN
NaN
-33.786
-78.288
-33.443
-7.1412
-14.298
18.967
32.222
NaN
NaN
NaN
NaN
-8.588
20.913
9.4366
23.811
-15.567
-14.715
15.608
18.011
20.369
12.618
NaN
NaN
NaN
NaN
NaN
NaN
NaN
NaN
NaN
NaN
NaN
NaN
NaN
NaN
NaN
NaN
NaN
NaN
NaN
NaN
NaN
NaN
NaN
NaN
NaN
NaN
NaN
NaN
NaN
NaN
NaN
NaN
8.5184
22.492
53.156
26.358
47.268
30.958
13.825
16.204
12.792
27.986
25.587
NaN
NaN
NaN
NaN
-5.0501
-3.898
3.6337
-19.421
4.7122
15.928
14.077
-35.685
-53.119
-38.34
-45.71
-16.94
-11.28
7.6092
22.457
13.67
11.33
-4.2213
-22.571
-26.563
-9.8705
15.289
38.488
29.326
24.304
22.977
10.569
15.044
6.8169
-6.4122
-1.6836
-19.654
-8.8726
0.34965
25.346
17.068
46.255
15.639
14.854
-13.663
-20.723
-10.996
-14.436
10.169
-0.73823
-10.929
-29.919
-36.116
-2.7712
-14.934
4.5982
-16.382
-37.94
-17.557
-5.4558
11.268
16.168
36.713
53.288
43.252
NaN
NaN
NaN
NaN
NaN
8.3532
7.1526
6.195
12.004
13.563
-11.636
-12.855
-10.774
-14.768
-4.2224
-4.057
16.27
16.667
37.643
10.161
-12.169
-6.3696
15.743
NaN
NaN
NaN
NaN
NaN
NaN
NaN
NaN
NaN
NaN
NaN
NaN
NaN
NaN
