NaN
NaN
NaN
NaN
27.639
42.76
27.473
-12.516
-12.007
-20.019
-13.339
-54.686
-26.026
-35.996
11.853
-7.5165
0.79569
30.486
24.286
-1.4161
2.8544
2.5441
-20.137
-12.272
-17.854
12.421
12.722
21.495
4.9978
0.39185
-8.2062
4.384
10.209
18.929
5.1393
17.742
19.684
23.891
34.614
-1.1798
17.363
-36.478
-36.357
-36.781
-4.8919
0.35372
-14.304
-13.483
-7.7647
13.247
5.0332
-5.4506
-23.829
0.67414
-22.596
-0.55077
-8.1598
10.181
7.9507
-17.44
-11.111
-21.935
-24.269
13.155
20.118
46.058
20.397
21.1
9.0058
8.9547
32.54
18.938
26.348
14.162
34.511
40.354
0.39407
-31.733
-32.34
-25.343
-45.213
-58.791
-35.946
-29.407
-31.171
-13.513
0.50807
23.728
33.858
31.579
22.94
-15.776
-6.9387
-21.143
20.257
-40.857
-41.743
-28.507
26.252
41
43.819
48.621
28.268
15.532
16.578
17.413
11.014
-17.464
-39.449
-18.733
-22.788
-2.2897
1.2607
3.5443
33.376
4.6238
18.416
-4.4243
-8.7612
-10.214
-26.613
-17.14
-33.801
-14.83
-7.9833
0.12882
-11.301
-16.543
-6.4693
10.15
23.342
21.007
20.7
-9.9328
-23.341
11.969
5.8226
24.592
-8.346
6.1305
16.646
-5.8765
16.199
-1.3752
2.5352
11.999
7.6678
13.421
-0.19392
1.2424
27.52
7.6667
-1.2024
-5.5879
-0.72165
-79.33
-41.661
-52.027
-11.644
-0.91435
25.796
35.735
17.999
5.9158
-19.973
-0.094434
13.703
33.545
24.296
-4.0912
5.7528
-6.2269
-36.667
-20.31
-19.543
9.8116
14.468
10.022
9.513
-7.2259
-9.3473
12.636
-3.9976
6.3812
3.4176
14.845
13.13
19.132
-26.287
-2.9192
8.6259
8.2447
9.2781
0.93153
NaN
NaN
NaN
NaN
NaN
17.965
29.012
-1.0518
-16.992
-17.769
-36.361
-9.8008
4.6193
8.8245
NaN
NaN
NaN
NaN
8.5586
-38.864
-33.554
-29.514
7.0101
38.097
24.21
35
NaN
NaN
NaN
NaN
NaN
NaN
NaN
NaN
NaN
NaN
NaN
NaN
NaN
NaN
NaN
NaN
NaN
NaN
NaN
NaN
NaN
NaN
NaN
NaN
-15.17
4.0265
48.393
38.751
42.611
NaN
NaN
NaN
NaN
NaN
NaN
