-22.851
66.445
8.0953
-10.666
-23.516
3.8946
3.8992
45.432
66.514
1.635
-27.197
-25.492
-92.35
-61.889
-53.893
-44.611
-37.011
-53.156
-49.913
-55.469
-54.103
-61.446
-38.133
-56.748
-27.969
-39.359
-46.272
-44.938
-23.486
29.294
92.173
111.93
78.152
64.383
77.157
77.031
39.76
69.011
63.335
31.996
16.197
-5.3437
13.774
27.933
16.946
34.289
32.904
39.194
53.391
22.202
-55.492
-57.644
-35.289
-37.18
-46.587
-69.841
-67.667
0.27109
-41.773
-34.655
-23.371
9.0553
-38.651
-58.613
-86.948
-34.849
-12.956
-2.5233
-1.101
10.523
-28.681
-3.5132
35.261
23.101
-18.483
-18.469
10.023
-35.834
-23.051
14.848
47.658
46.975
43.148
62.837
62.909
60.611
47.901
57.589
60.014
47.738
34.414
6.5827
1.6575
1.6266
45.818
83.645
39.449
-54.873
-49.094
-42.886
-44.43
-50.585
-67.969
-85.736
-40.758
-43.497
-53.127
-26.361
-9.3711
-19.861
8.9087
4.5698
-10.809
-61.336
-34.798
12.293
7.9491
-4.5192
-50.335
-53.265
-28.039
-10.4
16.764
19.116
63.989
60.949
69.355
15.198
22.8
53.878
36.142
28.676
45.693
47.915
29.93
0.62662
43.48
7.2642
11.605
16.229
38.343
22.747
-62.694
-85.9
-46.257
-44.233
-22.852
54.829
46.379
22.268
28.108
32.066
-14.151
-52.816
-27.467
-58.627
-67.878
-28.658
-45.446
-85.546
-71.484
-61.351
-36.559
-3.7472
17.673
37.233
41.67
11.668
37.874
39.766
19.708
-14.203
0.29823
24.748
15.424
5.3398
28.508
44.07
30.497
4.0866
11.596
24.224
27.406
23.367
8.175
33.102
18.86
2.6069
-5.038
-10.586
20.367
17.544
36.879
44.813
-28.456
-47.083
-52.561
-21.173
-34.506
-52.633
-56.642
-34.67
-13.16
-13.111
6.0876
-16.282
-43.703
-16.946
-16.796
14.908
20.656
48.203
78.132
36.389
-8.1525
-10.008
4.4747
-46.237
-22.728
-19.093
9.5791
-55.132
-55.263
-7.3171
38.532
27.237
20.338
-7.6945
-5.6309
27.835
25.65
25.144
61.432
56.227
51.43
50.168
29.965
16.431
19.608
11
-65.331
-128.46
-82.958
-37.09
-25.992
-51.49
23.448
32.303
17.82
10.414
26.806
34.754
42.53
45.682
19.707
26.374
-1.8785
26.025
27.489
-22.58
-7.2582
31.453
-21.57
-51.699
-101.59
-84.685
-83.671
-73.029
-41.502
-28.99
-34.816
-58.946
-20.278
28.806
41.172
68.981
51.828
56.863
52.53
27.17
30.718
44.436
9.1335
5.5195
-5.2752
-20.033
-3.8075
6.1292
53.818
46.109
72.786
37.997
