-2.9201
15.007
9.5584
-1.3588
-6.5291
-13.902
4.6919
-5.7945
6.9418
-29.425
-2.7798
22.299
12.293
12.463
9.6823
-5.249
3.8165
-8.0812
-6.1494
-0.90024
-44.103
-49.755
-34.543
-7.1433
-22.059
19.187
10.421
14.57
16.859
-9.251
-30.453
-15.346
-1.5483
13.238
2.651
21.052
18.079
12.724
9.4017
18.524
15.795
7.0019
19.13
-15.704
11.336
14.177
-15.876
-23.795
-46.581
-2.0572
-3.2581
-33.181
25.686
33.342
7.8531
28.642
26.076
17.091
-6.1743
42.782
34.813
23.924
-4.7697
-16.365
10.582
5.0681
0.72679
-46.037
-18.049
-41.196
-58.324
-34.889
-37.437
-31.158
-28.391
-22.437
-30.157
1.2716
-0.7445
9.0559
18.203
10.822
-2.036
-20.934
8.3651
-5.6492
37.468
57.193
61.278
34.213
40.144
41.793
9.7798
13.092
38.124
13.938
6.1581
4.7397
14.868
-8.3741
-8.6646
-2.2391
0.72047
-18.166
-51.167
-58.918
-43.243
-5.8592
-8.3312
-24.237
-35.541
-40.417
-32.274
-11.037
-0.45779
5.466
1.4124
11.944
32.859
41.931
5.4562
-0.095857
-11.885
14.08
12.059
-14.765
-26.341
10.598
4.0995
18.873
17.595
11.36
10.027
8.6481
32.724
32.63
31.683
14.326
27.964
-0.33293
-12.445
-4.2987
-25.652
-17.223
-23.141
-29.223
-6.1129
-26.531
-12.421
8.6085
-2.054
-2.2307
-35.256
-31.073
0.69796
21.726
0.19411
-20.567
-5.7462
-6.1556
-10.044
-6.3263
6.3349
47.528
53.329
55.666
24.656
6.7678
-16.997
-17.517
-32.671
33.451
19.017
-13.769
-1.2094
-4.1585
-40.199
-23.835
-12.904
-36.066
-17.105
-7.8454
3.1469
-13.85
5.9441
-14.759
6.3995
31.622
19.294
31.626
22.707
27.699
-1.3152
27.012
11.088
-23.221
-23.036
1.3944
-17.02
-38.524
1.8936
20.514
14.21
26.185
-0.043193
-8.8391
-5.1605
-8.7336
-21.32
4.023
17.399
12.292
24.761
10.285
9.9061
16.214
-23.128
-18.54
-26.571
-36.692
7.532
-37.462
-29.958
-7.0281
7.358
-29.456
-19.106
-9.7734
-1.0784
35.533
29.654
14.542
9.3821
17.871
15.011
6.9793
20.214
14.755
-13.861
-2.5314
7.4346
2.913
-11.82
-14.588
0.54299
25.729
22.794
30.616
5.9092
0.48074
-18.095
-12.219
0.11244
33.82
39.106
1.2319
-14.366
-14.831
-25.441
-28.236
-57.079
-45.145
-11.777
-0.54257
-17.569
4.5535
-31.118
12.472
48.165
8.7807
-24.662
-12.828
-1.4781
-6.953
5.8754
7.3392
22.72
-1.4729
16.694
13.071
12.784
16.615
-3.9652
-1.1479
19.41
8.713
5.191
12.007
