11.448
-28.43
-43.525
-30.655
-10.083
-34.619
-35.071
-16.532
NaN
NaN
NaN
NaN
17.916
33.655
43.489
45.768
36.176
53.308
43.612
4.2428
29.096
17.466
22.278
34.807
-29.508
-48.928
6.9932
-21.181
-3.5667
16.883
20.217
-36.868
-42.385
-19.306
-17.364
-2.5916
-12.21
-63.824
-41.171
-16.986
-20.835
-23.807
-1.2043
44.171
31.629
34.42
11.547
21.007
37.773
25.871
-7.9758
-28.691
-10.157
17.053
1.4299
29.089
23.739
8.8443
-34.905
-67.59
-8.2157
-25.356
-10.236
24.224
72.514
4.1252
-20.736
-9.2083
43.474
18.665
4.6255
25.487
1.0307
-12.946
-0.53342
-21.349
6.164
50.427
11.339
NaN
NaN
NaN
NaN
NaN
-29.597
-24.548
-6.0434
-13.257
11.439
4.6418
28.706
36.723
36.448
42.242
57.728
23.179
22.659
35.765
4.7664
23.068
21.183
-35.413
13.324
49.991
-2.2939
-30.143
-13.966
-49.891
-93.151
-24.608
-5.9528
-12.493
-25.578
-6.1808
-4.2732
24.669
-5.189
3.4856
29.824
30.43
NaN
NaN
NaN
NaN
NaN
-17.352
-60.053
-47.883
36.141
50.771
34.86
64.093
30.175
18.974
45.174
2.947
32.101
-9.558
-13.353
1.7366
7.2381
38.316
15.178
8.4765
-8.5432
NaN
NaN
NaN
NaN
-64.973
-33.246
-34.191
-22.099
1.3773
5.8713
NaN
NaN
NaN
NaN
NaN
NaN
-47.849
27.18
8.5872
52.905
20.114
38.316
37.878
43.243
89.48
27.441
19.305
NaN
NaN
NaN
NaN
NaN
NaN
NaN
NaN
NaN
NaN
NaN
NaN
NaN
NaN
NaN
NaN
NaN
NaN
NaN
NaN
NaN
NaN
NaN
NaN
NaN
NaN
NaN
NaN
59.405
23.6
-4.5155
20.464
7.7498
-6.775
3.4382
18.617
70.374
68.65
70.78
55.109
-5.0154
-67.176
-41.113
-28.058
-54.504
-16.211
-34.419
-84.997
-41.987
-38.386
-24.597
-7.4588
10.912
-29.93
-42.198
8.9742
25.998
30.645
18.534
37.214
17.278
24.955
30.611
42.843
36.926
20.918
91.53
60.18
43.766
28.549
26.932
7.8416
-59.111
-78.827
-113.05
-118.84
-88.638
-84.931
-48.516
-26.181
18.772
29.533
19.79
16.236
-17.226
11.202
7.3454
31.19
61.75
49.556
75.784
42.036
23.236
45.949
31.592
-0.030263
-35.903
9.0676
7.8002
22.761
25.284
14.356
23.305
1.3647
-37.563
-54.002
-85.171
-47.011
-57.222
-40.274
-32.179
0.75238
-16.341
-5.9714
13.361
-21.961
-39.475
-11.937
-15.674
0.56473
-4.4153
-3.3094
23.935
50.615
41.264
38.268
28.406
22.158
55.044
63.736
54.749
56.753
36.135
13.952
26.731
33.031
28.329
-72.658
-93.187
-75.389
-93.978
-9.9949
-43.731
-26.376
-14.875
7.2839
7.0345
-19.378
-34.493
-26.085
4.3983
1.5074
-9.2372
28.603
37.123
17.986
-8.2121
13.83
5.4973
32.446
8.1551
-43.67
-11.596
-12.836
-12.515
28.141
34.894
11.268
16.376
7.1278
33.119
52.56
46.152
12.165
-1.2406
-13.922
-19.389
14.608
33.509
23.24
-6.7206
-8.368
-43.281
-52.562
-49.318
-33.833
