-26.58
-19.547
2.747
11.974
37.087
-25.57
-60.745
-80.282
NaN
NaN
NaN
NaN
-2.4372
30.567
60.951
68.867
65.709
58.738
52.954
11.923
-18.698
-44.637
-39.164
-31.672
-11.177
27.237
15.442
-33.998
-7.6205
28.449
53.576
3.8554
-8.6628
10.941
3.374
-14.538
-17.081
-48.592
-56.318
-52.28
-34.832
-33.768
-37.145
-14.391
-40.915
-4.6623
-26.694
-1.9549
12.198
25.063
9.2705
-18.931
2.6124
42.716
64.292
103.03
73.44
60.767
35.819
15.42
43.774
63.194
32.396
15.877
22.704
-20.64
-60.427
-74.359
-61.637
-77.443
-95.008
-40.509
-30.465
9.1172
4.9275
-43.478
0.88323
72.002
20.612
NaN
NaN
NaN
NaN
NaN
-2.7923
9.0101
18.935
18.246
38.023
41.168
49.261
23.239
15.986
36.765
59.83
30.945
31.546
35.339
9.0012
-10.246
3.1394
-40
-25.469
-8.9591
-31.361
-5.0116
41.177
15.985
-75.557
-64.386
-49.868
-28.469
-20.298
-29.042
-32.843
18.831
10.46
23.449
3.3042
50.575
NaN
NaN
NaN
NaN
NaN
-17.87
-23.496
20.528
17.442
40.096
-5.6116
-15.508
-34.586
-54.941
-29.026
-14.439
38.051
50.696
48.274
53.867
61.814
69.665
51.759
21.839
20.498
NaN
NaN
NaN
NaN
-73.256
-83.622
-50.881
-42.484
-33.639
-17.739
NaN
NaN
NaN
NaN
NaN
NaN
-16.823
51.181
9.2362
-25.76
-26.607
-17.411
19.456
44.037
76.271
67.179
42.744
NaN
NaN
NaN
NaN
NaN
NaN
NaN
NaN
NaN
NaN
NaN
NaN
NaN
NaN
NaN
NaN
NaN
NaN
NaN
NaN
NaN
NaN
NaN
NaN
NaN
NaN
NaN
NaN
-4.0653
32.352
12.431
39.547
38.479
8.3911
-15.943
-17.247
10.531
26.268
30.821
0.041259
-12.081
-53.112
-71.657
-62.561
-42.423
25.542
24.569
18.841
75.684
73.937
65.835
-1.2256
-11.278
-37.899
-52.208
-8.6282
3.7587
15.726
15.684
17.959
-34.667
-22.413
-12.279
-30.775
-34.012
-45.734
11.846
26.076
10.257
1.2921
-28.251
-32.308
-33.182
-5.4653
5.129
5.3641
22.519
14.921
45.02
51.351
56.174
38.303
12.388
42.112
24.369
19.542
-12.518
-32.232
9.9863
24.609
45.787
-31.562
-46.861
-28.987
-68.707
-58.99
-90.361
-62.182
-57.624
-42.651
20.71
27.278
50.256
58.809
31.928
46.327
14.788
26.799
17.567
-2.5915
-9.3147
14.644
-9.0229
-4.6266
16.545
4.8162
-15.867
-17.031
-2.6434
-0.83769
-0.011186
-4.07
-12.809
15.101
18.579
2.8189
-19.084
-23.335
24.499
41.679
7.3959
18.489
17.25
3.7948
29.334
31.794
22.505
-46.166
-54.318
-48.815
-69.099
4.8697
-30.351
-47.535
-63.613
-21.962
-18.279
-18.248
20.11
54.712
50.403
73.297
39.766
59.861
33.437
16.246
-7.2782
-11.451
-55.15
-31.906
-1.6855
-5.302
5.6199
-0.43972
-7.7458
23.931
37.917
-7.3908
-29.011
-37.539
3.141
21.784
48.309
20.974
0.57874
-4.4706
-25.013
3.0416
11.821
13.074
4.6468
4.0112
-25.886
-22.818
-33.354
-48.567
