-1.3916
22.145
-18.897
-28.539
-28.022
-7.681
-33.355
-42.17
-28.162
-26.927
19.871
55.492
41.773
70.799
43.769
33.845
19.825
14.557
3.2817
4.3291
-9.5255
-28.781
9.8738
29.109
8.7986
-24.166
-15.912
-16.979
-0.93286
-41.241
-48.071
-8.5886
-7.7916
2.5281
1.1036
18.119
7.5349
-18.441
7.109
3.9304
22.207
30.659
9.9897
1.1865
5.6744
13.728
-11.386
4.9405
3.9166
-13.665
-23.11
-9.2293
18.604
19.51
-1.8604
-11.99
-22.261
-21.279
-20.97
0.18993
-18.43
-11.471
-15.061
-9.0585
-7.7654
11.03
-14.6
-28.913
9.1805
30.934
42.398
19.57
41.937
25.865
3.2451
-6.8521
20.271
48.895
26.871
-21.461
-29.875
-6.3947
-12.871
-1.0982
-5.5809
-28.522
-0.55878
-3.2056
16.583
-3.6242
-6.7886
22.026
16.4
-7.3625
-1.4537
-4.3309
-15.027
-29.026
-3.7327
-11.693
-6.9374
-29.184
-15.125
-1.3374
1.1116
-18.665
-15.984
-39.609
-47.643
4.7054
36.031
21.707
15.923
23.481
23.072
31.666
35.692
16.238
11.209
24.694
20.481
30.16
-18.024
-29.673
-26.463
-18.106
1.2108
14.888
17.86
2.0243
10.691
-1.8188
-20.297
-3.4621
-2.6884
-7.8753
21.572
21.212
-1.4199
-24.563
-15.17
6.0583
18.203
-19.596
-7.9578
-30.134
-38.967
-4.1136
-7.9314
-33.461
-23.341
2.9203
-7.9175
-34.654
4.879
15.358
17.026
7.5407
-4.1891
-3.1667
46.011
49.738
29.874
10.786
7.5171
25.687
26.515
11.725
11.841
-12.72
-46.055
-41.987
20.39
15.332
-6.0631
-9.1134
2.339
-16.572
0.88724
-27.641
13.138
14.229
5.0821
16.858
2.4894
-4.7209
-4.8968
9.8756
16.128
0.87157
-8.5488
-19.646
2.3357
1.0585
5.224
-39.264
-41.752
-25.616
-19.233
-18.837
27.478
18.499
11.05
-15.468
-3.2169
3.3707
1.456
2.4566
-9.5879
-23.134
2.4857
13.204
32.135
26.094
7.9396
13.87
11.139
-7.6081
3.8772
21.202
19.065
-3.9343
24.748
-2.7704
3.4477
25.079
8.2375
-1.2977
4.7268
-8.9239
7.4721
-13.673
-19.868
-19.772
-26.951
-18.358
-15.306
6.5531
-7.7199
-8.4918
-6.7149
-20.444
-15.772
-6.7237
-12.648
7.8067
17.253
4.8818
-3.6151
8.5845
-6.4633
7.7927
-6.2452
16.822
-31.552
-42.582
-4.4681
21.978
27.457
-5.2944
19.754
41.116
29.665
-13.089
2.6571
28.825
36.914
7.3042
-10.939
-1.8073
10.997
24.067
-7.2416
-20.494
-6.4222
-22.803
-10.907
-20.773
-22.808
-15.351
-6.5008
17.339
28.382
4.9151
-15.736
16.745
14.595
7.6744
-12.136
-17.367
-23.593
-11.472
