4.2462
-12.411
-39.183
-36.421
-9.9872
-18.865
-23.964
0.010166
NaN
NaN
NaN
NaN
12.871
26.574
28.018
23.64
25.49
33.296
23.08
0.83902
27.404
13.082
27.123
40.792
-24.52
-37.563
18.739
-21.734
5.2978
21.04
5.8571
-31.809
-36.086
-8.9859
0.31104
6.311
-10.487
-54.025
-28.222
-12.516
-26.653
-31.014
1.3004
40.464
15.887
20.182
-5.6519
12.532
27.406
17.057
-1.2872
-11.23
-1.5256
12.681
-3.9526
22.598
27.257
13.901
-21.857
-65.986
-20.131
-31.45
-29.978
11.776
69.374
13.11
-12.472
1.8479
49.094
32.155
8.6645
29.279
8.5491
2.8608
-6.0881
-36.023
-10.618
30.304
20.619
NaN
NaN
NaN
NaN
NaN
-15.329
-17.641
4.063
-8.7786
14.805
-0.59267
23.893
26.685
14.806
27.833
36.198
13.974
16.121
27.804
-11.176
5.3382
14.441
-22.577
12.687
54.724
9.3972
-22.313
-17.621
-39.683
-75.341
-2.8878
1.3144
-0.85497
-20.662
7.5644
3.6151
24.721
-9.2165
0.22737
26.358
22.217
NaN
NaN
NaN
NaN
NaN
-19.67
-57.034
-41.881
34.425
47.545
19.729
57.68
35.655
31.624
38.029
6.4828
41.162
-12.879
-13.417
-3.4152
-2.2444
24.875
18.759
4.8748
-20.639
NaN
NaN
NaN
NaN
-48.408
-29.523
-19.636
-2.7392
9.0462
12.163
NaN
NaN
NaN
NaN
NaN
NaN
-50.293
14.291
20.571
63.906
23.789
41.077
45.071
47.388
79.716
15.338
0.70932
NaN
NaN
NaN
NaN
NaN
NaN
NaN
NaN
NaN
NaN
NaN
NaN
NaN
NaN
NaN
NaN
NaN
NaN
NaN
NaN
NaN
NaN
NaN
NaN
NaN
NaN
NaN
NaN
49.525
22.989
-6.8528
23.464
5.9533
-5.6516
1.7266
15.114
68.792
61.029
73.204
46.604
1.4088
-54.613
-40.908
-23.804
-51.685
-5.5947
-31.927
-78.158
-55.905
-59.732
-31.774
0.63945
20.439
-9.5751
-32.956
-3.6504
12.864
23.689
16.988
37.97
9.3796
20.797
21.321
32.006
28.77
6.5971
77.054
53.073
45.99
30.25
25.288
15.46
-49.347
-44.237
-84.131
-93.48
-74.855
-71.363
-33.689
-9.0637
35.188
20.591
16.855
20.396
-24.171
1.9517
-25.07
-1.5092
30.522
25.487
56.95
27.081
23.144
41.474
41.801
22.202
-26.616
9.4027
-4.3741
24.503
32.481
4.3394
24.399
10.195
-17.348
-55.952
-84.818
-42.789
-53.009
-31.773
-21.181
2.4896
-14.793
-8.4653
12.846
-13.968
-21.271
-7.0996
-12.582
1.8044
-5.5435
5.3721
29.844
45.617
35.799
25.393
15.2
18.922
45.164
44.614
33.68
41.835
26.757
9.3295
24.905
22.904
17.187
-75.268
-67.504
-51.542
-76.118
-7.0247
-29.442
-26.045
-16.534
13.737
17.109
-10.881
-22.434
-14.161
-0.07319
5.3804
-20.767
11.989
33.464
4.553
-12.204
11.271
11.226
22.57
-8.4161
-33.117
-7.8008
-3.8058
-0.80976
27.718
29.236
20.092
20.013
14.357
28.476
41.831
29.886
6.7282
-5.673
-15.566
-15.891
7.0145
20.448
10.661
1.9038
-9.3277
-29.622
-47.407
-39.303
-21.984
