-41.808
43.893
-2.9505
43.532
46.519
5.3382
16.638
31.899
-19.893
-22.781
-24.825
-20.149
-12.6
-9.9362
-22.099
-0.89229
-29.098
4.0678
-10.587
28.598
22.374
7.7875
-8.9979
-30.1
19.614
19.232
7.2991
-9.4552
-15.577
-11.639
-16.408
-13.51
-27.844
-4.3214
25.742
32.666
19.601
31.192
54.895
38.376
-11.496
-2.9356
-18.272
-18.846
-9.4959
-29.43
-31.124
-20.241
-27.869
-42.385
-20.233
-10.46
21.25
-4.1204
7.9523
-1.3262
-13.567
-7.2551
32.181
48.433
44.407
35.145
24.961
22.533
4.1728
8.9168
-10.489
14.815
25.282
42.372
-24.609
-9.6457
-34.326
-38.849
-48.905
-21.896
-32.871
-18.326
-3.7806
-12.248
18.605
-13.695
-12.241
-17.559
-31.68
-12.376
5.3426
33.011
7.9044
2.1229
3.6095
69.144
25.895
31.937
8.6049
26.534
-3.821
-25.81
1.8047
-20.766
3.3099
-3.4978
-0.010996
7.2109
12.547
16.545
-16.046
-19.43
14.971
17.753
-7.6655
9.9406
-21.502
-25.989
17.559
-24.015
-24.002
-20.573
-1.1918
1.4121
41.627
40.668
-4.2364
-43.826
-36.662
10.497
-19.867
-30.083
-16.644
-6.6726
-3.2819
16.475
-18.682
25.457
40.212
-1.2484
18.137
25.793
27.879
6.6788
20.835
-15.321
-26.237
-19.9
-4.5986
20.718
37.871
36.248
-5.5178
0.49849
0.28019
30.665
4.3622
-2.3651
-0.32906
32.251
-16.106
-37.062
-34.152
-46.575
-36.48
-50.737
-62.12
-30.649
-14.848
5.7909
17.728
30.167
13.474
8.9186
33.782
7.0241
7.0548
51.011
3.7859
-16.185
5.1531
20.245
42.491
2.6261
4.77
5.7448
3.486
-7.9573
5.4985
3.5673
5.5063
31.18
4.6833
-29.434
-7.9111
-4.2086
2.2653
16.06
-13.344
-19.392
-35.412
-28.448
-13.125
3.2138
-9.7146
-43.921
NaN
NaN
NaN
NaN
6.7776
0.71056
21.952
19.305
6.6141
41.502
3.6127
-23.644
0.94534
-5.1031
10.053
17.057
23.44
-14.715
-20.538
-3.7338
-5.7161
-12.702
17.934
32.586
44.852
24.842
4.3681
-18.481
3.5011
-5.3643
-16.848
-15.271
-5.0033
-0.32727
-13.234
-8.2075
6.2922
9.2788
-21.901
-28.952
-24.573
-17.732
-46.189
-0.8176
-6.108
5.1272
-1.8107
28.562
NaN
NaN
NaN
NaN
NaN
