-16.943
78.65
11.108
-0.098174
-22.018
-2.4981
-0.034048
16.744
45.719
-0.76631
-12.678
-22.025
-59.056
-32.159
-40.422
-31.719
-12.892
-30.102
-18.509
-12.31
-25.258
-31.193
-12.873
-35.504
-24.778
-30.185
-33.725
-31.636
-18.136
-18.148
31.676
72.321
47.009
41.03
45.694
51.5
23.769
36.917
49.821
20.59
15.401
3.3043
22.812
33.445
15.12
16.083
12.771
19.165
52.771
21.891
-50.632
-62.591
-31.755
-24.535
-27.023
-39.343
-45.348
20.043
-13.944
-4.897
-23.455
7.5855
-16.241
-24.037
-65.895
-30.243
-30.581
-29.461
-28.921
-5.2656
-41.842
-10.048
27.132
58.175
9.4119
-4.1698
39.842
26.455
7.2212
-3.0584
23.791
27.009
7.5087
12.729
25.121
42.097
36.632
31.146
38.992
34.179
27.507
20.216
3.1223
14.459
32.506
60.317
4.5753
-58.542
-50.383
-34.827
-44.543
-49.536
-57.319
-70.02
-41.017
-26.164
-24.091
-15.872
-23.004
-16.208
20.427
20.293
4.5924
-15.673
8.3083
49.704
28.593
21.418
-18.606
-37.461
-36.969
-11.61
7.3824
-16.74
27.326
34.553
50.749
15.752
5.175
29.657
15.667
19.245
47.6
32.515
12.23
-12.73
35.904
8.5294
-14.314
-23.163
2.4234
10.087
-49.481
-78.347
-27.795
-22.339
-3.3918
70.154
37.472
6.6337
16.902
20.345
8.218
-27.336
-33.92
-51.107
-32.307
19.947
-3.5661
-55.789
-60.11
-52.055
-18.803
-10.307
8.9557
49.006
60.788
16.172
21.568
56.349
37.401
-38.315
-47.897
-2.7756
-33.65
-31.328
16.206
32.838
39.343
13.268
24.397
8.1373
36.924
19.011
-4.6301
-2.2909
-18.823
-10.213
9.5931
2.1278
25.827
12.069
37.207
33.019
-14.467
-16.835
-22.973
7.9148
-9.8095
-37.953
-38.712
-33.316
-17.609
-35.328
-12.216
-32.254
-46.592
-18.579
-0.15705
9.4891
8.0334
38.794
78.073
41.639
2.6596
0.54157
8.3327
-32.37
-20.406
4.8626
50.27
-8.9998
-23.663
-18.083
-4.4624
6.4326
4.6731
-42.131
-14.444
25.247
15.325
10.13
24.882
45.946
32.837
11.048
2.0785
9.6376
6.8889
-0.43456
-29.319
-70.684
-45.174
-0.58964
7.1139
-24.656
18.514
1.0228
-14.159
4.3228
16.907
24.923
26.26
34.347
26.403
22.256
-8.5161
14.692
15.064
-24.693
-3.3274
17.059
-3.7767
-30.15
-43.143
-52.565
-64.713
-55.735
-29.696
4.353
23.327
-20.51
-41.091
2.5309
16.62
27.739
26.754
35.233
41.842
28.477
11.307
19.049
-2.175
4.204
-17.376
-20.026
-20.403
-12.746
42.245
39.295
49.1
23.55
