-9.9684
11.547
10.616
-2.3833
-23.392
-19.531
3.033
-1.1397
-8.9735
-14.434
-15.743
14.553
-4.9601
33.193
30.274
10.371
1.0155
7.0709
5.7344
0.52038
-34.844
-35.037
-30.374
-0.68546
-17.598
4.4554
37.344
59.839
51.602
1.1379
-18.412
-9.4327
2.51
14.554
9.3065
7.6897
16.088
2.1765
-6.5045
1.1789
-12.736
-24.186
-7.4723
-8.5505
4.2603
-5.5027
-29.926
-31.756
-46.585
-26.055
-16.886
-26.536
-8.694
0.21756
-19.114
3.1005
1.2069
22.659
11.276
47.869
54.293
22.839
-5.8066
5.3728
49.534
43.036
36.265
16.313
29.328
7.7633
-11.836
-29.562
-29.9
-25.237
-33.339
-10.43
-5.7884
-15.606
-5.2265
8.4304
-6.242
-12.774
-10.459
-30.116
-7.9807
-17.827
2.2569
11.295
19.569
1.1693
7.8083
0.63952
-11.394
1.6163
21.555
-7.9122
11.849
8.6211
10.657
-12.333
-2.886
7.8223
11.523
-8.9836
-17.354
-1.581
-10.974
-10.119
-3.3832
-8.2669
0.59104
-2.3756
-2.5354
19.219
22.586
1.8703
0.46289
-2.8189
19.485
36.079
29.62
4.905
-9.9774
9.3138
4.5756
-30.666
-34.348
-2.3329
-12.597
21.659
17.682
2.1599
-11.449
-8.418
7.8209
0.059485
-2.8851
-5.549
4.3737
-11.128
-11.56
-3.6631
-30.693
-34.498
-36.179
-19.516
22.923
16.227
1.5205
8.7963
6.4762
7.4324
-3.6715
4.527
16.722
29.142
15.961
-24.63
-8.8321
-6.4267
-0.18668
-0.58658
15.414
22.492
14.677
8.9596
-10.849
10.486
16.274
17.277
0.86981
41.646
26.801
-6.4477
17.82
4.4797
-32.734
-25.756
-3.5094
-33.962
-34.465
-14.102
-23.673
-37.162
-17.121
-17.891
-9.4599
-4.4902
4.0083
13.406
16.244
22.935
0.20173
26.004
15.922
-3.4646
-22.578
-11.711
-4.7244
-12.676
1.9785
12.296
18.281
15.814
-21.753
-15.562
6.3937
6.758
14.382
18.782
36.524
18.659
33.013
15.976
4.6299
23.067
-6.6817
-4.0635
1.8105
-19.603
-4.865
-16.403
-26.252
-0.10104
0.99744
-32.302
-18.119
-16.035
-19.529
-4.7447
-9.3679
-17.743
-11.017
0.63257
-1.6777
-11.881
7.8793
11.82
14.665
13.722
7.0801
-1.0554
-13.396
-8.1128
10.603
19.633
-1.2322
9.7935
-3.4921
4.5217
0.71579
17.631
25.543
27.928
30.248
2.7411
-7.3101
-28.9
-1.4046
20.621
12.894
-3.7422
-6.669
-13.807
-28.986
-26.916
-31.654
-17.64
13.683
15.06
-17.007
-19.521
-0.10063
8.8488
13.27
18.576
29.216
7.233
8.9168
-4.8459
-14.108
4.0691
-9.5376
-18.545
-8.5502
7.7248
7.8817
12.69
