-12.737
41.886
34.909
34.213
11.401
11.176
22.717
-6.6894
-4.2557
15.899
14.014
18.825
11.023
-18.134
-15.392
-12.36
-29.133
-28.902
-33.922
-15.029
-22.464
0.13896
-13.564
-20.364
-17.13
-6.8378
6.7925
0.67772
NaN
NaN
NaN
NaN
NaN
NaN
NaN
NaN
NaN
NaN
NaN
NaN
NaN
NaN
NaN
NaN
NaN
NaN
NaN
NaN
NaN
NaN
NaN
NaN
NaN
NaN
NaN
NaN
-11.327
-7.9915
8.1823
11.274
-30.66
-22.073
2.6364
14.035
1.4915
5.9232
-26.368
-43.121
-32.132
-16.9
-18.26
-33.121
-44.203
-28.106
14.248
20.763
10.318
14.686
-2.38
-3.9632
NaN
NaN
NaN
NaN
NaN
NaN
NaN
NaN
NaN
NaN
NaN
NaN
NaN
NaN
NaN
NaN
NaN
NaN
NaN
NaN
NaN
NaN
NaN
-36.465
-27.131
-14.453
-5.8483
-10.11
-13.631
-36.509
-17.106
-26.576
-24.478
-53.093
-14.677
-1.4646
-6.5884
-3.0745
3.7981
-13.338
4.3849
4.9728
-26.333
-8.8396
-11.218
NaN
NaN
NaN
NaN
NaN
NaN
NaN
NaN
NaN
NaN
NaN
NaN
NaN
NaN
NaN
NaN
NaN
NaN
NaN
NaN
-2.541
0.59461
6.4214
-18.227
6.7705
-40.45
-6.0415
19.558
17.147
12.293
-37.064
-40.91
-21.568
-26.253
-20.141
-21.027
-32.681
-12.209
-13.305
-41.167
-22.475
-6.2306
3.7062
35.981
37.618
13.855
8.9454
-35.389
NaN
NaN
NaN
NaN
NaN
NaN
NaN
NaN
NaN
NaN
NaN
NaN
NaN
NaN
NaN
NaN
NaN
NaN
NaN
NaN
NaN
NaN
-19.049
-41.208
-44.639
-47.436
-36.225
-55.889
-17.297
-10.494
-8.094
-0.22242
-16.282
7.2958
5.5382
-2.88
-16.676
-4.3726
14.909
-1.981
-19.101
-18
-3.9096
2.1387
-5.7687
-28.414
-23.283
NaN
NaN
NaN
NaN
NaN
NaN
NaN
NaN
NaN
NaN
NaN
NaN
NaN
NaN
NaN
NaN
NaN
NaN
NaN
NaN
-43.536
-61.659
-67.956
-31.323
-21.545
-21.81
-29.931
-34.562
-22.538
-3.9819
11.115
14.298
25.347
27.694
26.077
42.099
18.977
-9.077
-7.1632
-11.044
-6.1331
25.808
6.6304
-9.7109
-4.6191
-4.0588
-15.127
-1.6698
NaN
NaN
NaN
NaN
NaN
NaN
NaN
NaN
NaN
NaN
NaN
NaN
NaN
NaN
NaN
NaN
NaN
NaN
NaN
NaN
