-28.373
-11.524
-32.514
-24.233
1.5053
11.665
11.501
-5.0495
-5.8057
-14.602
1.9364
11.241
11.52
21.665
21.403
29.934
33.846
12.293
-21.09
-11.906
-16.405
-17.795
-11.715
0.027745
-1.373
5.5609
-12.609
-23.893
NaN
NaN
NaN
NaN
NaN
NaN
NaN
NaN
NaN
NaN
NaN
NaN
NaN
NaN
NaN
NaN
NaN
NaN
NaN
NaN
NaN
NaN
NaN
NaN
NaN
NaN
NaN
NaN
-13.217
-5.1846
-9.9596
-2.2353
-23.337
-15.842
1.693
9.6692
-2.7234
-7.5098
18.171
40.735
30.049
19.09
3.5038
16.44
8.2356
8.3598
-12.526
-3.0818
-0.50615
-2.4188
7.3783
-2.577
NaN
NaN
NaN
NaN
NaN
NaN
NaN
NaN
NaN
NaN
NaN
NaN
NaN
NaN
NaN
NaN
NaN
NaN
NaN
NaN
NaN
NaN
NaN
5.6353
2.7135
-3.6289
-13.06
2.8864
2.1931
18.937
31.526
11.008
17.81
10.905
14.699
16.499
26.979
17.787
0.70318
-10.736
-7.9391
-13.716
-10.756
-8.7901
-2.2619
NaN
NaN
NaN
NaN
NaN
NaN
NaN
NaN
NaN
NaN
NaN
NaN
NaN
NaN
NaN
NaN
NaN
NaN
NaN
NaN
-12.125
-6.2298
-5.8089
6.0553
21.094
29.44
29.873
19.248
22.757
20.965
17.889
10.968
-2.5283
-11.517
-22.256
-2.643
5.3131
7.8143
16.792
7.5705
-8.8361
-21.146
-22.654
-15.914
-33.123
-15.962
-3.9077
12.529
NaN
NaN
NaN
NaN
NaN
NaN
NaN
NaN
NaN
NaN
NaN
NaN
NaN
NaN
NaN
NaN
NaN
NaN
NaN
NaN
NaN
NaN
14.072
-12.804
-11.693
-0.1006
2.5354
4.9509
12.613
10.176
13.286
41.388
7.8143
-0.99137
-21.413
-15.181
-23.031
-11.722
1.762
2.3331
0.79352
-1.5234
2.5203
-4.3221
-7.4681
7.1945
5.9979
NaN
NaN
NaN
NaN
NaN
NaN
NaN
NaN
NaN
NaN
NaN
NaN
NaN
NaN
NaN
NaN
NaN
NaN
NaN
NaN
-4.0974
-11.091
7.5743
-5.3186
1.9582
17.945
21.197
19.449
21.452
-1.4869
-18.46
-7.6953
-11.987
-12.984
-2.4696
-13.63
-9.4747
-15.458
0.20554
-21.184
-18.743
1.0678
19.244
38.467
16.82
-1.5677
-16.535
-7.0044
NaN
NaN
NaN
NaN
NaN
NaN
NaN
NaN
NaN
NaN
NaN
NaN
NaN
NaN
NaN
NaN
NaN
NaN
NaN
NaN
