-46.107
-13.708
-45.338
-62.722
-18.364
-18.331
3.0916
3.8167
6.958
28.339
34.064
16.16
25.42
12.405
7.5792
-7.3421
-0.0046196
-5.6789
-13.27
-16.26
14.693
23.506
37.69
33.619
34.501
NaN
NaN
NaN
NaN
NaN
NaN
NaN
NaN
NaN
NaN
NaN
NaN
NaN
NaN
NaN
NaN
NaN
NaN
NaN
NaN
NaN
NaN
NaN
3.0505
0.86655
2.1752
-4.7858
9.7242
-8.2556
15.007
32.282
36.18
13.289
21.404
26.989
21.77
10.852
3.4825
-20.936
-17.307
-8.262
6.0979
-3.2225
-32.985
-32.115
-15.967
-8.3814
-38.575
-53.887
NaN
NaN
NaN
NaN
NaN
NaN
NaN
NaN
NaN
NaN
NaN
NaN
NaN
NaN
NaN
NaN
NaN
NaN
NaN
24.318
23.07
34.135
46.592
35.512
9.9567
-6.6239
-12.735
-34.763
-39.824
-48.982
-33.601
18.607
20.041
6.3599
0.19699
-7.3159
-8.0427
-40.869
-38.437
-19.991
8.645
7.5892
NaN
NaN
NaN
NaN
NaN
NaN
NaN
NaN
NaN
NaN
NaN
NaN
NaN
NaN
NaN
NaN
NaN
NaN
NaN
NaN
NaN
17.09
30.167
11.81
-2.5502
-6.7793
5.4212
8.2631
9.2622
5.1412
-14.108
-37.215
-26.744
-32.935
-24.131
7.9229
9.9694
14.677
-20.343
3.659
-3.7667
-17.428
-7.8265
NaN
NaN
NaN
NaN
NaN
NaN
NaN
NaN
NaN
NaN
NaN
NaN
NaN
NaN
NaN
NaN
NaN
NaN
NaN
NaN
NaN
NaN
NaN
-12.621
12.897
-20.452
-25.725
-27.677
-10.279
9.6879
15.887
37.012
36.953
37.657
50.912
14.115
2.5726
24.263
21.288
-10.378
-42.041
-42.272
-20.962
-40.292
-36.965
-13.336
-0.59978
11.131
NaN
NaN
NaN
NaN
NaN
NaN
NaN
NaN
NaN
NaN
NaN
NaN
NaN
NaN
NaN
NaN
NaN
NaN
NaN
NaN
NaN
-0.14796
17.767
14.398
2.0517
-1.8427
9.6075
2.3593
8.2548
30.218
1.4532
-38.831
-19.249
-9.2728
-15.537
1.5721
-15.257
-22.73
-20.655
-5.9538
-1.545
14.937
-1.9935
NaN
NaN
NaN
NaN
NaN
NaN
NaN
NaN
NaN
NaN
NaN
NaN
NaN
NaN
NaN
NaN
NaN
NaN
NaN
