22.232
43.888
75.928
109.89
92.112
67.573
35.406
31.788
58.81
40.05
-31.199
-50.31
-55.778
-44.005
-87.13
-67.444
8.0592
34.239
15.44
-5.7534
3.0729
-11.781
-16.686
-45.574
-16.582
-1.2209
1.5789
-12.937
-14.009
29.923
25.15
14.623
7.891
20.896
26.527
7.6646
12.379
25.21
44.791
5.102
-11.199
-25.573
-15.049
-36.261
-63.062
-24.631
-19.573
5.7263
11.931
12.239
-12.326
-28.38
-12.707
23.142
-17.661
-39.256
13.549
20.258
43.748
24.781
19.697
3.2286
-34.707
-0.83812
1.151
9.6698
25.857
44.659
29.296
-4.8586
17.092
21.151
45.913
43.574
10.181
-3.6215
7.2747
26.152
-34.783
-116.38
-55.811
-2.0677
-12.955
-24.449
-33.976
-31.91
-35.293
21.599
0.17556
-17.528
-26.324
-38.324
-0.016594
26.952
-0.29976
-11.242
11.568
-9.4539
-2.567
NaN
NaN
NaN
NaN
10.254
32.393
2.3531
52.546
74.406
71.678
33.829
41.414
69.093
-0.084325
-18.819
-44.237
-48.912
-69.057
-71.552
-51.229
5.6026
2.3494
14.45
0.47121
3.7183
-22.771
-63.948
-90.198
-66.404
-26.283
-2.3872
36.976
48.468
34.048
5.7065
43.805
54.628
25.182
-9.7856
-27.695
-14.882
15.527
8.8375
-4.9347
-7.292
-3.0941
3.6446
-2.0089
-8.7818
-6.6118
11.374
40.679
53.726
76.098
37.639
-25.526
-26.635
-24.811
13.019
19.707
-34.299
-24.008
-34.309
-39.247
-18.23
-27.116
-16.742
-16.054
-0.3883
13.151
32.928
20.316
3.1041
26.863
-21.549
-25.482
10.474
9.1826
26.711
-0.32537
-11.115
9.1759
20.513
-2.5526
-17.701
2.0783
-8.9424
-54.434
-58.335
-46.401
-9.7395
27.88
41.966
53.737
25.093
-10.924
-16.444
-11.207
8.9486
10.321
14.874
51.776
32.017
3.5575
-7.4737
1.4331
-2.7563
8.9854
21.671
-11.317
-40.57
-0.72099
-19.593
21.097
29.858
41.063
24.882
-9.282
-10.508
7.8439
2.8974
-34.764
-70.894
-46.281
-46.912
-57.571
-43.234
-19.291
32.159
27.179
36.736
-3.0854
12.902
-2.3178
-45.292
1.2781
32.437
6.4196
21.609
27.455
13.496
-30.245
-47.589
-2.3375
34.35
68.114
62.531
7.0804
35.925
62.937
35.304
-10.541
-35.408
-25.321
32.348
17.254
-3.5652
-31.202
-41.284
-45.933
0.21696
9.4788
-10.221
-15.543
-4.7641
-4.5497
14.746
14.752
21.572
28.001
-35.139
-74.546
-94.324
-85.571
-94.639
-92.734
-69.686
6.6477
44.585
41.428
51.095
60.419
47.507
61.364
72.155
69.223
74.035
37.171
40.38
55.57
62.702
69.605
13.803
18.659
23.838
-32.225
-89.521
-116.87
-110.68
-44.392
-36.659
-12.874
19.389
15.293
2.3124
23.11
4.1201
-41.95
-88.488
-63.879
-2.0725
-3.7978
-44.175
-16.303
-22.421
26.71
33.792
0.90614
-87.315
