-6.8049
29.022
8.1566
15.81
-9.505
8.9525
19.03
6.464
15.83
30.586
42.791
51.737
0.80077
-9.1394
-20.01
-7.9519
-19.993
15.118
15.681
-4.8493
-32.422
-31.933
-48.107
-53.039
-2.6259
-8.7095
18.277
32.056
28.183
19.867
-14.083
-30.897
-33.697
-10.084
-8.3953
5.4385
-2.6582
3.1256
9.5838
3.4805
7.5316
19.325
31.69
13.989
25.363
11.376
7.0072
7.1186
24.164
-1.0503
7.9263
12.922
-4.7931
-17.794
-29.52
-28.781
-11.565
-35.333
-13.197
-33.114
-8.5424
16.001
6.0149
38.674
28.456
15.239
8.1393
-0.31556
-21.136
-16.041
-0.06058
9.2767
16.909
19.698
3.6426
-3.1803
-10.512
-2.1709
-18.911
-32.969
-20.853
-4.6161
-2.3447
-12.982
-2.5027
-10.913
-3.6057
5.9862
8.2828
14.567
6.7698
13.898
27.801
31.159
12.218
7.6361
-5.5082
-9.3315
-13.46
NaN
NaN
NaN
NaN
-33.87
-8.3848
0.057352
21.881
17.974
-14.133
-6.4892
-9.0304
5.7853
-41.337
-17.942
-27.401
-26.471
-20.551
-14.092
24.552
24.412
11.191
6.2433
-5.7531
-11.587
-14.08
-5.9176
15.149
8.782
-17.309
-15.947
4.6154
16.234
6.5222
2.5826
4.6882
11.937
12.693
4.3968
-10.227
15.663
31.576
24.022
-0.11917
1.5523
1.7024
-0.76352
-3.9559
-3.3748
-12.501
-0.30259
-5.4515
1.7771
12.616
28.202
19.893
-6.8898
-9.0731
-17.16
-19.74
-38.199
-29.673
-16.84
-34.745
-19.566
-29.414
-7.7075
-2.1009
-11.094
4.3761
26.384
7.8913
-3.557
19.433
29.322
26.272
62.411
18.957
12.209
2.0245
-12.89
2.9624
18.293
8.8783
2.8297
14.515
4.9772
-9.2209
-27.433
-33.678
-39.853
-5.2159
-13.209
4.3759
18.422
16.571
11.57
-1.8259
-0.77122
-7.4981
-21.222
-12.76
2.4001
7.4242
13.94
-5.4817
11.742
12.152
-4.136
-28.685
-12.71
-6.599
-22.007
-29.045
-22.951
-10.47
24.014
28.303
25.339
18.918
-4.8678
8.6737
-2.6049
16.417
3.2754
26.218
0.67756
-4.512
9.3212
13.381
11.441
1.1245
15.229
-4.6317
-29.073
-34.324
-7.937
18.201
-8.8575
7.337
10.69
20.311
18.403
-32.169
-3.9953
10.511
12.329
-16.146
-19.36
-28.091
-9.3834
-39.438
-45.381
-35.371
14.15
4.7052
22.533
5.5402
-14.544
-22.751
37.634
49.722
47.496
30.631
10.076
16.126
16.839
48.611
26.301
19.341
-7.5285
-24.725
-41.897
-57.846
-49.596
-49.586
-26.23
13.905
-13.411
16.04
19.693
16.449
17.23
2.3218
-4.3011
-20.615
-22.709
-7.7383
3.6707
16.384
25.782
42.807
56.746
29.38
5.4819
-2.8787
-34.981
-27.908
-32.734
-17.779
-19.662
-19.07
2.2501
11.054
24.061
24.326
6.4029
-4.0471
-20.176
-31.53
1.9874
14.136
4.7234
13.67
-5.2571
0.44023
-20.059
-29.648
-39.196
