-35.349
-6.5044
-0.82098
34.698
42.156
31.1
65.846
57.295
19.915
-2.2686
-0.99707
4.044
0.93994
-3.6259
-11.978
19.439
0.70694
-25.058
16.754
45.565
13.63
-13.917
-49.606
-37.215
-18.888
-0.25664
-10.836
34.09
3.7542
-15.943
-33.397
-25.636
-20.894
23.784
17.515
2.5513
-12.201
-31.774
-17.168
-45.454
-26.57
-0.80306
5.7822
5.6966
5.0542
48.066
55.278
24.35
2.2877
-18.84
-27.19
20.551
26.731
23.311
1.0666
-7.8787
-7.2364
61.364
63.706
64.922
-8.4219
-45.684
-9.5762
5.162
-54.754
-55.271
-42.081
-34.017
5.6438
20.24
29.316
33.244
42.943
21.743
-12.132
-21.973
-33.374
-60.134
-18.119
-12.148
11.939
-7.4132
-31.446
-51.039
-51.356
-41.797
-16.696
-22.888
-2.6035
22.485
20.938
13.892
39.177
58.262
85.459
54.292
66.454
61.506
15.998
32.703
43.419
47.794
61.811
28.402
-44.696
-99.017
-74.665
-18.098
-11.133
-25.365
-61.67
-45.853
-69.432
-78.196
-73.601
-22.504
-31.305
-6.8056
13.276
38.507
40.028
54.739
93.531
44.36
11.124
14.51
6.7406
-38.721
-21.668
-12.409
-13.595
-52.154
-48.45
-10.65
33.036
71.543
52.162
25.455
43.574
4.1803
-13.337
5.0106
31.751
41.526
42.853
27.663
31.766
-36.609
-43.2
-7.6122
-7.4187
-51.622
-51.11
-53.838
-28.086
7.4269
5.6538
-22.619
-18.318
-53.317
-51.945
-34.18
4.8964
0.29067
25.928
52.998
41.505
33.212
35.823
19.776
-16.764
-26.839
3.9339
-2.9641
-13.394
-2.4272
-11.487
-26.591
-7.4011
49.122
59.479
33.982
1.229
13.72
43.753
31.015
30.945
31.582
-16.628
-24.342
-25.469
-41.291
24.192
6.0779
1.3475
4.0829
-20.051
-46.358
-84.078
-53.978
-19.437
9.9274
-16.68
-9.242
-55.143
-47.992
-16.19
29.53
24.693
45.319
30.393
21.111
-7.9579
-22.877
0.78729
27.797
16.915
12.367
34.12
36.195
36.625
34.641
24.711
47.401
39.177
12.652
8.877
-10.981
-58.113
-44.837
-22.897
3.3979
-35.7
-6.2369
-17.506
-29.401
-41.943
-22.907
5.374
-33.834
-29.663
9.8352
10.603
7.9461
18.768
51.657
42.97
15.745
NaN
NaN
NaN
NaN
NaN
NaN
NaN
