-9.9641
35.757
39.588
72.096
70.574
48.426
43.267
29.212
58.178
58.594
10.359
-8.5637
-31.676
-52.916
-86.697
-94.714
-43.819
-2.653
-34.669
-40.417
-23.057
31.189
59.884
14.024
1.7706
0.85879
12.098
-9.0755
7.8747
48.209
27.178
-3.2751
5.3539
-2.6434
-10.21
-24.637
-9.3094
28.665
63.748
6.5406
-17.3
-23.028
-2.5966
-5.0525
-54.152
-19.489
-11.774
-4.8132
-23.26
-5.5899
10.05
-8.5459
5.1076
18.281
-22.495
-53.58
-6.4396
0.56062
30.831
20.492
4.3768
3.7216
0.70523
16.608
37.621
18.152
9.8477
36.116
31.833
43.784
25.922
-12.817
36.072
35.372
-21.05
-28.393
3.4846
30.418
-36.295
-77.816
-55.802
-29.402
-18.103
-25.605
-31.296
-16.568
-2.7559
-0.78841
-11.829
-5.671
-13.436
-16.675
23.755
28.835
-5.5954
-47.752
-19.329
-22.883
1.7001
NaN
NaN
NaN
NaN
16.789
24.633
32.649
41.215
39.964
34.5
38.229
45.632
57.12
9.9459
-9.9323
-12.629
-41.82
-94.171
-78.655
-91.194
-44.422
-9.8694
23.535
60.536
33.157
-24.831
-40.6
-45.831
-17.426
-7.1613
-29.726
-7.1523
-2.1623
21.085
10.247
7.0544
6.5624
-0.34992
14.864
5.1747
2.1329
-8.1916
-6.5096
16.552
17.202
36.009
28.234
39.852
-11.274
10.534
21.846
39.422
2.7658
15.294
-8.2145
1.9127
3.792
-18.595
-9.3195
-17.073
-32.676
-14.628
-0.86572
9.7952
-3.6017
-23.817
-6.3537
-40.28
-18.972
5.5083
6.1524
-5.4494
4.3384
16.94
-5.46
-11.519
-0.12828
13.282
41.68
-14.313
-55.888
-12.136
-1.388
4.7061
-0.82025
12.886
-18.67
-41.089
-14.072
-7.6846
22.268
52.15
55.995
34.213
-5.4752
2.7746
30.809
3.4999
25.995
8.4396
4.2571
22.323
14.417
-8.9229
-8.5511
-17.672
-29.278
-26.196
-18.584
-4.7546
-5.3961
-3.2027
-16.381
15.532
4.0357
-35.121
-43.222
-21.691
-32.815
14.586
10.951
25.589
14.204
31.81
46.982
4.2832
-25.88
-52.013
-16.531
-4.1629
23.165
-17.719
-2.1169
-14.337
-26.508
22.446
43.943
34.638
25.214
37.632
22.167
3.7883
-8.7974
-20.069
-21.476
-33.161
6.5068
-20.805
-4.5105
-12.851
4.8206
7.745
-3.6262
12.452
43.992
32.909
6.7347
-22.987
-4.6378
19.452
15.602
-3.2257
-0.54953
13.541
-29.05
-9.8584
17.023
28.041
11.379
-45.466
-71.919
-55.833
-45.134
-22.226
-39.469
-45.119
-29.103
-36.032
-2.3582
12.916
38.712
43.595
29.458
32.517
40.761
46.098
63.801
65.189
78.284
67.585
36.533
0.085708
-50.358
-10.044
22.529
4.696
-27.379
-54.94
-50.461
-33.891
-19.481
-45.875
-15.066
-41.876
-17.468
7.6363
9.4764
-24.884
-34.407
-37.132
19.968
22.179
-9.1285
-10.865
-9.4784
-7.8351
-1.0765
-0.42433
-47.333
