10.137
-10.122
-26.674
20.271
11.473
38.739
48.224
12.272
8.757
18.791
4.7908
6.1077
22.872
-4.5541
1.3467
0.42912
-10.683
-6.904
0.3438
-2.7092
-4.9415
-4.6593
-17.039
-12.794
2.2191
20.595
19.468
17.952
34.135
6.5798
-20.707
-36.717
-27.824
-11.268
-20.727
-6.1234
8.437
0.86578
-28.58
-33.319
-25.378
-17.544
5.4285
1.1219
7.4107
41.785
38.056
38.009
14.845
-19.209
-7.0161
3.5265
14.299
19.076
17.975
2.6613
4.8692
46.87
46.499
59.821
13.324
-44.996
-31.689
-45.26
-58.464
-67.563
-87.299
-50.077
-16.817
17.604
34.363
53.3
67.07
57.907
8.8039
2.8276
-23.231
-32.398
-26.017
-4.8978
-0.039086
-10.369
-5.7385
-13.357
-3.5044
25.668
8.1068
-11.905
-1.3279
-10.194
-11.974
4.8401
17.221
25.715
36.694
35.639
8.1124
-32.718
-33.876
11.113
43.952
42.219
62.334
13.716
-14.038
-47.087
-40.375
-26.061
1.9108
-12.213
-14.606
-19.832
-56.597
-53.568
-12.188
-17.106
-16.707
-1.1109
8.7032
30.768
48.563
50.455
34.384
5.4397
8.0585
15.026
24.713
-6.0314
7.7662
-7.2412
-34.682
-55.288
-27.538
-11.679
9.3707
16.755
12.352
-6.3087
-15.166
-22.261
6.9548
0.75303
25.006
45.886
68.526
70.353
61.911
5.0315
-16.579
-34.832
-15.149
-49.405
-34.448
-29.687
-27.615
-38.539
-2.1491
-3.3187
-5.6957
-64.65
-27.11
-37.054
-34.06
-21.161
18.312
47.934
35.275
34.93
38.349
57.803
29.757
6.3587
-4.489
1.0254
27.266
23.352
1.1504
-25.107
-20.966
10.159
26.365
27.038
28.822
-3.5882
-20.486
-43.191
-23.825
-19.161
-20.13
-32.071
-6.5215
-13.889
11.017
1.6258
14.166
9.565
10.2
11.279
-13.496
-15.236
-15.929
-6.4259
-25.818
-13.934
-30.73
-32.166
-9.3326
17.114
23.331
30.124
42.788
34.833
0.85753
-9.2892
38.077
44.804
42.078
17.617
12.687
9.065
-13.842
9.6998
-39.116
-12.287
-14.268
-11.182
1.1231
-27.447
-77.307
-66.288
-32.246
10.644
-4.3407
9.7678
2.9246
7.4205
26.947
-0.080282
9.417
17.4
18.207
25.172
19.366
9.9063
35.912
43.904
48.464
-2.0467
NaN
NaN
NaN
NaN
NaN
NaN
NaN
