-75.939
-15.088
6.8246
19.585
37.088
21.103
-18.836
-36.221
-20.181
40.84
12.263
0.80338
-5.4404
19.171
5.0376
-9.8654
-3.1361
-5.6658
4.374
15.115
-0.035643
-7.6168
-22.744
29.004
2.6792
-15.682
12.623
-8.263
11.971
-12.589
-8.2268
-37.319
-15.091
-0.77193
4.5447
0.57928
4.8294
0.56052
-4.776
10.473
14.989
18.394
22.039
13.19
19.076
24.132
11.775
8.9153
-8.1624
-6.5852
-21.442
-29.134
-20.168
-8.9407
2.138
-2.1624
26.614
43.31
35.842
0.29073
-18.994
-33.272
-37.778
-24.951
-14.225
-3.3907
-48.787
-18.854
-27.435
-2.8599
2.1886
-10.975
-3.6891
-9.3087
0.21534
12.115
33.463
37.874
45.814
39.491
36.206
46.726
20.873
20.01
-6.6056
12.59
35.851
22.788
-37.933
-57.002
-52.344
-11.935
-44.689
-36.062
-27.571
-28.289
-16.512
-20.839
-6.3952
33.225
54.699
3.4733
-9.6587
18.163
26.388
28.947
2.6071
2.348
17.103
15.856
33.774
35.313
NaN
NaN
NaN
NaN
-38.529
-19.621
4.6312
8.2636
32.594
18.868
14.048
30.537
39.635
8.5426
17.847
8.5904
1.5184
-2.3687
-21.738
-13.901
-14.965
-4.8833
7.1175
8.8927
18.209
-19.31
-17.133
-20.771
-11.333
-0.86919
-2.3047
22.759
7.033
4.7787
-14.586
-29.116
-23.729
5.7515
2.1495
19.716
31.77
-7.9953
13.975
9.9061
21.687
14.049
21.348
13.653
17.602
-25.379
-5.0975
7.7508
1.6833
-5.0616
-17.435
16.873
-1.8333
-33.01
-33.943
19.854
-25.941
-69.483
-73.309
-53.452
-45.484
10.707
9.6482
30.372
60.56
29.157
45.463
60.325
26.3
32.773
9.114
13.158
-6.3787
-8.2667
6.3842
21.062
-21.585
-16.91
-1.6931
-11.504
3.5948
9.8893
41.472
19.803
18.527
6.8401
-15.75
-5.7432
4.3606
-26.963
-41.779
-40.374
-42.457
-44.928
-47.478
-31.889
-3.1899
17.468
7.4171
-8.0706
3.0352
-7.8559
-13.06
-34.473
11.036
70.323
75.742
41.835
-7.9046
-3.911
-5.1516
-13.559
14.361
23.559
33.148
19.907
-14.791
-1.561
25.716
17.946
-13.902
19.414
18.051
-3.7327
-17.432
-2.3126
-24.428
8.5616
12.303
3.7315
-5.0438
-8.9399
-30.1
-26.166
-15.883
-6.5361
-41.606
-18.022
-26.007
-26.486
-25.218
-3.6876
-23.349
15.34
-5.1614
-11.407
-5.1949
3.0391
-3.6578
10.112
29.228
54.077
71.615
62.812
30.854
26.496
21.531
-12.459
-10.522
-18.06
-5.3534
-3.7961
-0.38416
-4.4464
-11.201
-42.745
-27.119
-5.5825
9.5202
20.677
-13.981
-5.9337
-14.564
-13.26
21.919
38.278
-2.6245
-0.60143
9.7382
-14.677
-14.293
-20.852
-11.691
-21.067
-23.954
-11.883
-0.80566
-21.96
-9.089
-6.057
-2.8069
39.929
24.179
7.3485
3.9305
-7.5569
-0.17482
3.8941
-2.1049
15.75
20.101
28.295
19.571
22.808
18.385
7.8812
-13.006
-29.238
-10.006
20.918
-3.5357
-22.144
-12.253
-2.2599
5.8151
3.3826
-16.127
0.54862
4.3331
1.3525
2.2994
