-22.96
-4.1649
-50.687
6.1237
9.1567
17.788
56.18
37.119
12.241
62.447
72.381
40.205
21.999
-43.823
-64.065
3.1796
-27.2
-34.721
14.128
19.808
-14.489
-39.949
-52.108
-43.603
-6.9352
2.6405
26.615
47.874
65.366
48.96
-25.082
-21.144
-56.396
-20.496
-0.69859
36.948
38.934
7.6686
-15.689
-45.649
-13.763
-8.8063
18.88
27.18
-10.421
39.804
43.082
1.3692
-17.75
-44.066
-43.798
-2.5955
16.045
16.47
13.961
-33.733
-60.019
46.74
80.13
78.453
17.843
-14.416
7.4141
19.5
-84.586
-80.105
-55.814
-85
-25.799
13.731
27.804
61.746
77.084
76.265
28.718
38.672
-50.003
-104.31
-17.688
1.9767
58.005
11.925
-11.43
-2.3355
-23.022
-56.448
-33.506
-48.402
-29.802
36.988
7.8502
4.8821
32.027
41.977
79.603
48.7
21.271
-14.982
-52.178
-11.459
0.63297
51.939
68.52
61.751
-12.55
-85.288
-82.294
-26.91
34.718
51.82
-30.584
-69.472
-79.882
-53.87
-27.567
-6.7667
-7.7705
33.791
26.531
54.561
51.341
48.851
34.519
-8.5073
19.476
-10.262
-33.387
-82.236
-57.508
3.9737
27.043
-34.108
-26.938
1.3331
52.311
100.65
56.312
5.0449
23.233
-17.813
-21.821
-21.607
-6.5465
37.098
63.386
66.208
54.382
-58.431
-45.419
-43.226
-29.671
-31.357
-75.699
-68.449
-0.87289
0.61625
52.074
4.3804
-34.777
-66.043
-36.918
-32.576
-22.83
-8.02
16.638
56.632
29.327
10.848
57.923
63.285
11.279
24.602
40.23
23.838
67.728
33.482
48.111
-46.431
-78.074
-4.778
58.109
23.432
-20.915
-91.361
-70.145
-49.848
-31.754
19.058
34.056
5.2309
-17.004
-35.481
22.512
-12.535
9.9562
33.965
34.124
19.134
-42.394
-58.136
-22.398
-2.9423
-50.506
-19.393
-80.677
-66.007
-24.87
61.507
96.319
111.93
115
79.481
10.933
-3.8586
13.288
48.757
9.3009
7.6738
-48.409
2.6027
-6.747
-42.54
-36.064
-36.85
-25.66
20.482
13.383
-7.6408
-77.376
-115.2
-51.638
2.5769
6.3133
5.4237
23.953
36.021
7.2491
-40.656
-25.994
36.362
41.084
40.975
19.111
38.144
41.744
54.666
72.217
31.678
NaN
NaN
NaN
NaN
NaN
NaN
NaN
