-48.06
22.923
59.56
124.22
83.934
58.996
70.626
32.016
50.319
72.076
23.756
-43.693
-26.149
-36.695
-123.2
-78.987
-19.065
24.487
-79.549
-55.237
-31.561
-4.4048
71.686
23.55
-4.3891
-52.008
-20.203
-17.673
55.467
55.299
29.252
52.198
28.035
13.848
-14.551
-12.157
-18.312
-29.197
44.384
-16.35
-1.1939
-6.7198
12.63
-22.245
-43.154
-7.5597
3.9248
-32.005
-6.3404
4.2526
-0.066427
-34.153
9.0292
37.556
-33.228
-34.957
14.707
23.378
81.891
19.465
-2.7515
-27.465
-32.814
-18.072
23.133
-26.793
-35.167
25.517
18.297
55.313
55.447
24.752
24.998
37.782
17.857
6.5519
36.339
54.334
-16.566
-87.796
-86.141
19.584
-34.63
-42.092
-49.954
-30.919
-43.51
-14.267
-12.263
31.151
-4.3147
-22.491
-46.595
0.99894
-21.484
-21.527
3.4852
-60.005
-5.2277
NaN
NaN
NaN
NaN
28.228
10.109
36.027
105.18
90.415
44.9
46.786
99.342
38.275
8.9597
-39.409
-58.419
-83.963
-110.67
-137.48
-110.12
-65.709
-10.12
8.6304
49.501
23.929
28.431
-3.1003
-14.496
1.4559
-19.419
-2.2321
-5.8294
-1.8015
62.187
-13.989
44.373
13.82
13.588
5.2761
28.481
-4.7497
-5.5529
-50.583
14.878
-23.614
-18.749
-21.549
-44.774
-20.941
20.521
34.531
81.57
41.38
44.517
31.173
19.894
34.437
-33.46
10.988
10.89
-37.101
-49.233
-26.971
11.316
-5.7523
-1.3737
48.403
-2.8224
-49.201
-40.108
-10.778
-5.4901
-11.88
28.855
-13.216
-37.316
-54.22
-19.379
-3.5001
27.116
-23.431
-1.3452
-5.9126
44.102
24.834
23.265
-16.245
-36.806
-5.8282
5.1483
10.358
41.02
46.643
35.814
-1.5396
-42.541
20.919
11.02
36.82
5.8098
31.924
57.148
-13.201
-19.293
-18.024
-26.462
-25.089
-63.536
-7.9056
1.2513
28.836
17.102
-11.569
50.951
44.778
-17.769
-27.505
-58.341
-47.42
-13.114
-38.154
-14.647
-0.63377
22.338
-11.18
-20.515
-41.745
-35.102
33.48
31.102
47.213
-12.07
13.83
-6.3618
-10.763
32.243
72.63
16.459
28.921
50.072
8.1908
-24.583
1.4528
-28.695
-70.582
-3.3329
45.237
-17.251
-16.344
48.529
6.5815
-51.092
15.624
-5.1659
15.374
17.006
-10.769
-19.029
-19.979
31.151
29.513
23.798
-36.031
-21.171
-22.566
0.92536
33.863
-1.9356
32.661
-14.804
-46.99
-37.307
-13.232
-29.23
-85.693
-65.174
-63.545
-5.234
-1.3958
0.97244
22.889
55.062
90.427
54.375
29.471
31.208
42.453
16.902
42.574
38.698
66.937
64.439
-9.44
11.04
42.634
13.643
-53.374
-99.716
-67.752
-45.214
-2.5475
-81.539
11.351
2.4649
-26.424
5.8023
-21.937
-41.804
-16.351
-6.4958
-29.073
17.347
-27.591
0.57908
2.5727
-4.9628
-10.221
-14.135
-38.424
