-48.268
10.789
2.3995
34.5
30.008
25.074
62.624
-4.4122
9.1771
5.9915
-1.6298
38.404
9.9943
-26.663
-90.874
-68.878
-42.201
13.442
2.2381
22.947
37.45
62.479
75.422
-33.546
15.875
-0.59751
-10.541
41.438
24.938
8.7365
-41.996
-46.62
-23.956
-56.227
5.1773
-19.63
-18.802
-43.697
16.371
24.468
21.324
-1.1021
5.6944
42.671
-44.778
22.813
-20.71
-4.7975
-17.136
-30.72
-13.004
21.948
72.916
32.802
0.60835
24.595
-7.6453
-4.7126
-30.945
-24.554
7.2465
18.762
1.3855
56.54
40.581
15.425
-11.753
-5.0937
-14.897
1.0239
-4.7945
-37.432
-24.471
6.1803
-1.2494
10.396
-38.376
-5.0537
-1.3736
2.3725
-28.345
-18.706
-11.402
-11.385
-7.0822
-37.194
7.672
8.4993
10.934
16.932
22.453
32.009
43.529
9.0758
-29.408
-33.371
-16.716
-32.155
-0.64417
NaN
NaN
NaN
NaN
-14.733
12.641
30.787
38.563
16.594
8.4545
-9.0535
54.242
51.808
-8.1631
2.2323
-9.6064
-84.276
-104.95
-81.333
-48.607
-0.62934
26.644
70.755
44.994
21.126
-32.078
-26.137
-55.188
2.9989
-18.864
-27.112
-3.4267
-12.203
16.478
10.176
-18.035
-44.336
-4.7139
15.909
33.429
14.32
69.541
34.725
8.4238
13.475
36.417
61.616
64.172
8.3404
-3.2845
-3.4399
6.8611
-24.735
-53.227
10.171
-18.238
-27.67
-3.7774
-30.902
8.5681
-10.899
-39.009
-26.588
9.8276
-5.6633
-8.4226
-16.772
-34.118
-20.126
-3.8695
-7.6962
-34.976
-32.224
6.7639
20.259
51.166
31.565
34.788
49.978
-10.127
-56.185
16.498
-0.78891
5.3722
5.4992
14.986
20.834
-18.785
8.2477
20.868
39.094
12.11
64.218
29.365
-26.725
-10.295
25.949
-1.491
-35.795
-14.96
-43.653
-0.55605
-23.238
-7.8337
-17.548
29.525
-0.9884
-38.688
-25.505
-21.909
-37.144
-13.939
6.8385
-8.7633
-51.159
-32.884
-22.874
20.725
41.539
-4.5728
28.443
40.454
20.627
41.49
42.145
31.089
10.117
-29.276
31.392
28.655
50.007
-8.1509
-19.516
-22.606
-13.072
-4.4286
6.6414
-27.281
9.2846
8.7497
4.8194
1.2568
-6.2143
-13.624
-47.425
-45.649
2.2436
3.7818
-20.469
-10.781
-31.128
-35.317
-17.065
6.989
23.14
11.847
-15.958
-1.2843
32.8
20.38
27.787
34.796
40.544
44.94
9.758
-21.972
25.232
53.1
22.826
-63.082
-31.545
-30.503
-25.172
-5.7164
-67.131
-49.595
1.9857
-7.9625
-12.458
10.396
62.588
66.262
3.7026
-21.177
-26.516
7.3854
17.373
-11.335
50.549
1.3714
1.4
12.065
-52.626
15.402
28.319
-1.2894
-0.60113
-25.072
0.86056
-18.894
2.2725
-16.228
-16.15
-1.1329
-7.7525
-9.6908
5.1703
2.1363
14.899
-0.88593
38.454
25.924
-2.6015
18.52
0.74898
-35.235
-19.829
-31.168
-38.832
