-79.048
-5.7713
34.95
41.195
21.446
8.9403
0.94409
-12.638
-20.258
-23.105
27.096
12.066
28.818
0.3666
4.7518
15.927
46.116
-5.7135
-39.292
-27.577
-44.734
-3.5172
10.687
11.439
21.577
16.454
4.0173
10.84
11.19
6.4728
17.979
-38.435
-45.471
-44.12
-28.539
6.7464
2.1764
-5.5371
5.0834
15.333
16.66
17.62
-12.499
4.8518
34.717
4.5077
-7.5448
-11.891
-10.075
-16.954
30.067
39.836
17.342
27.434
4.074
-7.7967
-2.7052
23.969
24.907
21.66
-46.611
-45.906
-46.273
-25.874
-57.744
-28.453
-14.845
35.89
-4.9032
29.939
2.9971
19.451
2.1434
13.394
15.143
-21.758
-36.017
-19.692
22.64
54.431
17.07
39.627
29.915
-13.028
42.341
42.397
11.812
-28.95
-59.287
-12.169
5.9889
-17.43
-35.469
-40.622
-31.445
-23.692
-25.482
-17.337
-4.5394
15.64
21.732
34.763
1.2852
21.827
-4.0967
23.643
21.089
19.618
5.1666
7.4227
-9.5969
12.524
35.914
20.214
-13.908
-14.843
-10.797
-5.7534
0.10671
-0.031042
-7.2573
-28.018
-17.258
-12.447
-23.485
NaN
NaN
NaN
NaN
-25.049
3.6448
8.7012
-30.891
-55.138
-51.248
-26.708
-3.5019
-20.336
-6.0374
7.3316
-19.787
8.369
26.737
58.386
42.183
9.3511
27.74
60.691
87.369
83.034
56.496
4.8908
-28.97
-44.293
-55.377
-61.614
-57.325
-53.225
-9.0054
12.237
-0.19351
-36.061
-56.306
-22.505
-0.003802
22.718
-1.9183
4.5656
-4.2436
2.6334
2.7984
-13.468
-16.358
-14.08
-14.601
6.5501
28.012
32.581
61.516
43.383
12.524
-0.46636
10.811
34.807
40.055
1.9741
-4.4982
23.339
0.33892
-19.784
-10.579
-7.6455
15.937
-20.823
-22.799
-20.473
-26.889
-14.209
-18.466
-16.304
-5.2295
-7.2082
-17.834
-43.706
-43.795
-38.35
-38.883
33.448
25.46
12.112
-13.736
-0.95604
44.722
42.494
62.056
12.661
40.815
36.264
51.13
20.429
57.049
33.292
-22.679
-49.03
-61.202
-45.888
-47.811
-49.93
7.3253
7.7484
-47.976
-28.435
-16.997
33.22
32.675
-4.5418
-9.2578
28.87
-0.39372
-6.6194
-12.123
1.9512
22.896
22.887
27.006
13.395
-4.4445
-9.2342
-5.8033
2.9793
-1.3531
-4.0684
-13.759
-7.2038
-4.5603
24.112
20.281
2.0398
15.975
21.225
-15.3
-54.337
-42.741
-2.6122
-16.19
-27.648
-9.3966
5.4397
28.507
8.508
3.0697
-2.5392
-1.7314
18.059
-0.6874
4.0494
0.02359
16.941
48.243
67.401
67.392
26.751
5.5256
-32.918
-66.121
-38.053
-20.142
-26.085
-46.429
-52.936
-21.865
5.8258
14.932
22.828
-14.449
-34.239
-1.9831
4.7062
6.6332
23.106
11.758
36.923
18.942
8.3518
10.19
-3.531
41.994
37.191
40.516
11.884
-11.949
6.9111
-73.292
-46.105
-18.73
-32.809
-11.369
7.4671
13.46
2.7666
17.503
-10.049
-7.8553
-16.147
-15.33
-8.0642
25.513
-4.2229
-3.7981
5.8297
22.465
43.912
34.393
51.072
7.4618
-19.712
-37.075
-58.684
-30.532
-24.532
-15.271
-0.1075
-11.274
15.907
39.056
35.638
5.9229
10.208
-7.2058
-7.084
-7.229
-23.532
6.6717
30.386
13.061
-2.0676
-30.806
-11.63
-4.277
-13.619
7.9595
11.323
28.305
9.804
-4.7778
11.231
6.7332
-15.081
-5.665
7.7257
-7.1494
-30.27
-7.1147
