-78.982
-20.565
6.7149
36.402
31.249
10.853
-18.123
-19.661
-5.6012
37.694
25.624
12.514
3.8826
4.7767
26.884
22.67
-3.4098
-25.632
14.098
5.1876
-9.2341
-7.3406
-15.359
-10.741
-18.608
-9.4898
-26.506
-14.513
8.8561
-20.139
-35.898
-63.996
-34.748
-1.5986
-3.8068
2.0998
4.5629
2.5064
31.357
41.656
49.01
22.167
21.318
23.271
32.004
38.18
25.144
29.591
6.1417
26.104
1.572
-23.904
-13
3.0401
-2.9534
-10.918
-15.85
2.7011
-9.2358
-36.688
-31.216
-55.386
-51.4
-50.423
-1.3502
34.409
-2.6676
-22.412
-24.012
-2.2676
12.256
-13.229
-50.991
-16.094
16.73
45.757
51.569
38.981
47.896
62.449
62.973
11.302
-27.417
-10.085
10.213
28.033
20.413
11.532
-36.131
-44.567
-30.787
14.719
-36.379
-48.768
-65.596
-31.938
-17.746
-11.924
-4.9307
27.562
42.5
45.672
33.185
15.286
7.5835
29.732
26.911
44.726
47.096
24.474
-7.2395
8.0132
NaN
NaN
NaN
NaN
-73.87
-15.948
-1.5293
-8.4897
-5.1884
12.352
26.727
50.15
37.495
20.197
41.756
16.385
28.612
37.744
14.711
21.426
-5.309
-0.44352
18.253
54.615
25.281
9.062
-59.619
-68.559
-56.567
-40.654
-45.173
-24.23
-4.0566
-3.01
-3.2533
-60.241
-36.428
13.641
50.381
42.917
16.422
8.298
34.802
41.359
43.276
11.227
-7.1781
4.0683
17.13
31.824
-1.3455
-17.236
15.682
10.746
-8.5059
-2.8665
7.8703
-10.649
11.642
33.503
-10.955
-66.434
-111.3
-125.92
-66.759
-39.591
20.652
24.557
22.942
7.9435
42.199
49.117
29.602
17.776
3.6397
0.88149
10.056
-0.84982
10.739
30.182
31.557
-10.941
-3.5666
3.0614
50.096
97.419
111.6
50.119
-42.464
-52.7
-56.01
-38.47
-29.545
-1.3338
-26.423
-40.056
-32.623
-4.8451
-42.132
-45.625
-57.045
-15.023
-7.8811
-16.577
-11.525
14.831
-9.9633
-18.989
15.621
64.917
75.349
46.053
14.544
-8.1783
-3.7219
4.1559
-12.896
12.737
13.27
9.2279
-4.307
20.887
-2.3245
30.842
11.344
9.9248
-23.771
-11.247
7.3898
34.026
33.204
-29.332
-40.125
-3.5137
8.9543
4.9087
-33.559
-32.308
-3.7537
4.1314
-19.904
-18.693
2.8343
-10.212
-22.812
-5.3478
5.9239
-2.6084
-24.514
0.91545
-31.996
-15.776
-10.49
6.0984
40.069
66.135
73.843
49.092
-7.0041
6.1431
18.626
-2.1837
-39.564
-48.636
-8.9262
9.5921
-2.7968
-28.467
-21.229
-8.1147
-34.796
-26.898
13.973
35.14
19.234
35.939
11.506
-4.3304
40.123
37.779
20.058
40.828
27.646
-26.248
-36.655
-38.858
-35.671
-15.275
-48.353
-32.846
-15.215
-5.9885
-9.4228
-14.207
24.729
49.222
20.499
-9.7777
-19.589
-11.495
17.038
9.3826
-3.681
16.3
4.1978
9.9267
9.4642
2.6779
4.0799
9.5619
-19.172
-18.827
-4.95
-10.352
14.495
7.2944
4.4891
16.797
27.521
2.3923
-17.192
-4.2163
21.839
-28.338
-2.8542
