-60.056
-10.836
36.954
46.826
-30.192
-22.953
25.189
56.013
12.974
-76.205
-127.28
-72.467
33.284
55.062
13.715
32.032
41.242
23.18
30.632
20.902
-20.946
-44.101
-24.864
-1.8788
-7.503
5.9341
37.749
44.184
29.382
14.782
-35.402
-27.144
-26.022
-6.0943
-15.484
-1.875
-16.452
-4.5635
-6.3478
-7.4283
42.34
30.542
-15.621
-10.893
44.451
0.64073
-13.524
-0.28332
-32.578
-1.2752
2.4583
-43.429
1.2653
20.9
6.637
19.242
34.14
-19.978
-59.805
NaN
NaN
NaN
NaN
NaN
NaN
NaN
22.081
16.905
42.433
75.221
-1.4679
-8.9043
0.36982
-1.5934
-51.522
-43.408
3.978
26.296
-14.329
-43.471
5.4655
-2.9206
17.954
10.776
-10.035
-59.844
-7.1333
3.3398
1.3511
-7.3564
14.524
7.6343
6.3708
6.8045
46.025
65.681
59.244
-62.783
-64.806
-29.387
-23.857
-16.627
-17.358
35.245
44.16
41.079
50.391
33.321
-10.68
-22.414
-39.577
-31.368
-54.197
-28.745
-12.845
12.504
16.552
NaN
NaN
NaN
NaN
-8.8783
62.807
38.741
-24.768
-8.1733
13.597
-19.576
-65.107
-43.83
38.217
-41.695
-66.788
22.054
48.459
36.42
25.271
38.74
33.012
34.268
21.467
19.738
33.4
-5.8307
-81.217
-36.957
-25.884
NaN
NaN
NaN
NaN
-61.278
-16.968
-0.46789
-26.562
-23.287
-15.97
3.2723
17.841
14.435
38.879
43.349
-5.432
20.626
53.213
60.162
62.166
-44.951
-84.792
16.136
21.4
-24.123
15.256
-26.495
-26.193
-12.149
-62.149
-64.283
-24.938
5.6684
12.084
25.232
13.397
20.733
26.202
60.165
61.063
13.273
16.32
50.678
-35.485
-1.2441
-24.062
-50.691
-5.8623
5.1673
2.5257
-16.479
-77.596
-6.3849
-27.826
-33.112
1.7833
0.23234
-14.188
25.148
40.372
-2.8371
6.9123
8.2114
39.44
31.316
-17.73
2.9361
-20.278
-5.5549
-3.1403
7.223
47.48
25.339
-18.428
26.74
17.936
-0.27353
-3.146
-28.183
-4.7473
8.7196
-15.494
-42.771
-26.304
30.151
18.755
-53.078
-5.03
-16.85
-16.73
15.803
6.5898
45.169
3.0085
-16.873
-14.532
15.521
-7.9455
-15.482
19.792
-40.888
24.804
13.534
-53.557
-13.615
19.763
60.176
-18.505
-13.547
21.564
33.427
5.7194
38.265
31.324
18.886
-21.751
-6.3214
-1.9303
-46.95
12.266
15.136
-47.107
-4.9257
23.517
-35.859
-26.493
-2.0791
9.2838
-12.295
-8.988
-43.527
19.15
36.854
29.841
-16.503
-31.076
-17.829
-30.007
-4.3794
16.04
NaN
NaN
NaN
NaN
NaN
NaN
NaN
NaN
NaN
NaN
NaN
-42.717
-37.705
-4.7959
20.423
-2.1808
-8.2201
-100.97
8.5435
57.306
33.623
-47.626
17.159
29.857
6.3842
-2.2805
-23.557
1.6285
11.987
2.4671
-12.782
2.7206
-22.878
15.414
64.868
36.362
8.2196
2.8821
-23.031
-51.761
-11.443
38.73
