-41.67
-51.495
-79.435
-3.5449
-13.151
38.408
71.797
NaN
NaN
NaN
NaN
NaN
-59.957
-29.116
80.047
66.463
74.252
60.829
66.823
25.455
59.304
8.7026
-36.503
42.967
7.7226
-9.2922
-9.3535
44.876
6.4914
-75.348
-7.5626
-49.127
-61.265
-44.187
-47.52
-35.528
-35.94
-16.055
-16.533
16.198
13.905
9.0171
49.636
30.841
16.532
-3.2278
64.917
24.654
1.17
20.937
45.599
30.643
-2.0959
2.7464
23.16
-42.562
-24.795
-20.926
-36.037
-36.083
-12.328
6.9507
-15.23
-33.157
6.7892
28.114
27.901
17.461
-23.515
-5.7255
16.535
19.623
12.689
-17.827
-1.8176
9.108
-13.494
-18.336
-40.657
-34.014
-18.813
-16.596
-13.962
-28.894
-2.3
56.665
52.773
-1.2247
-0.70585
41.298
57.246
112.5
60.164
-6.2922
18.377
-25.878
-62.348
-55.691
-6.8842
-26.544
-24.25
-56.519
-22.368
-21.999
-11.588
-4.394
7.5361
12.027
43.258
1.2221
-24.649
19.737
18.383
23.415
-22.478
-34.443
-20.807
-25.624
19.112
44.608
44.014
-4.43
18.626
7.4995
-7.8049
8.3849
11.533
-82.68
-29.818
-29.517
-19.595
19.561
-48.932
36.55
77.897
73.713
44.324
45.698
59.67
17.672
28.243
NaN
NaN
NaN
NaN
NaN
27.49
-18.999
0.21091
-26.199
-22.44
-29.749
-40.241
-12.903
-35.861
17.027
-55.45
-21.963
-47.776
-25.031
41.224
3.743
8.5666
39.7
66.244
24.637
18.298
43.287
36.245
67.758
33.192
20.276
46.331
27.389
36.482
9.6483
-17.001
-23.251
-66.342
-10.831
-54.723
-52.524
-78.761
-53.743
-5.0842
6.4223
5.449
32.596
-23.389
19.325
-11.843
-47.686
-0.35816
12.827
-43.578
-12.608
-11.904
15.052
-6.2041
20.046
36.597
0.19183
-8.7731
32.91
48.542
59.364
58.498
47.651
19.368
9.4431
-3.2906
-11.977
-44.124
31.967
27.279
-34.928
NaN
NaN
NaN
NaN
NaN
NaN
-10.108
-1.1477
44.896
10.8
33.148
7.6533
79.882
48.843
-12.558
-26.921
-47.856
-34.352
-15.017
-35.569
27.143
11.532
-64.668
-55.768
-13.39
-0.29593
9.2772
26.499
51.195
-27.62
4.0105
NaN
NaN
NaN
NaN
NaN
NaN
101.75
38.703
-30.435
-3.0739
-9.5205
-10.543
7.1815
6.419
-17.937
22.685
-6.804
-58.239
-58.673
-51.849
-22.156
-56.626
-57.108
-72.647
-8.9185
73.817
37.586
15.959
16.006
41.589
NaN
NaN
NaN
NaN
NaN
3.2294
12.963
6.0841
30.451
8.5001
-25.601
9.7815
55.806
52.835
1.6534
27.222
40.523
33.572
-67.456
62.052
-13.004
-55.582
-33.639
-57.324
-7.2309
-27.21
-19.131
-50.764
-11.242
23.217
-51.697
-6.2106
-28.4
2.9075
14.977
12.772
22.405
3.6874
48.665
26.559
14.953
13.359
34.158
33.615
23.63
23.333
-70.61
-24.645
-15.747
-3.2143
-3.9372
NaN
NaN
NaN
NaN
-29.355
47.846
10.887
-28.784
-4.637
-97.109
-33.659
-50.529
-42.792
NaN
NaN
NaN
NaN
NaN
NaN
-33.667
1.7503
7.0683
0.91418
-15.723
22.108
-17.877
NaN
NaN
NaN
