2.4829
72.565
1.7666
-27.402
-25.987
-13.435
-118.06
0.51614
43.7
66.681
29.129
26.632
-8.8207
0.74627
44.197
56.582
-11.619
-34.505
-45.297
-80.02
2.1901
19.342
36.013
54.567
-11.02
-27.541
35.62
27.077
-22.222
-41.746
-52.373
-10.729
0.96572
29.692
36.271
30.533
-20.905
13.138
34.173
28.228
44.813
13.598
-55.344
-72.033
-27.531
-32.557
-43.786
-33.683
1.0847
-16.912
-4.1771
10.366
19.449
-24.303
-47.322
18.87
16.778
53.217
57.396
NaN
NaN
NaN
NaN
NaN
NaN
NaN
-23.706
-64.501
-92.678
-98.379
20.654
66.504
102.49
77.243
-2.0953
-60.657
-53.298
-82.055
37.699
24.264
-37.452
-17.237
82.056
44.487
-80.725
-34.568
-38.425
3.3978
5.5795
39.841
51.238
48.278
54.436
-1.7944
-3.9546
-45.932
-26.631
-70.668
-15.716
44.733
-0.82989
-43.765
-4.9487
46.584
30.37
-2.9331
-34.834
-11.403
5.26
3.2254
-0.98968
-22.666
-22.245
-9.7645
-39.818
-28.004
-53.252
NaN
NaN
NaN
NaN
2.4582
-7.1724
-12.176
32.277
-4.7867
-66.978
-8.2655
31.956
0.17399
5.8745
45.693
31.853
-15.517
-75.007
-8.1214
-0.96584
18.844
-91.985
-80.485
-38.961
-14.997
3.6578
16.875
-0.10983
12.059
48.294
NaN
NaN
NaN
NaN
-42.753
5.3878
26.28
-19.72
-77.193
-45.595
46.145
5.8972
-16.355
-20.584
-35.677
24.11
10.995
18.548
10.024
6.3896
-26.537
-53.632
-54.61
33.568
60.564
69.867
-6.8525
-10.703
46.989
61.251
41.247
25.052
11.481
-22.253
-32.057
-32.129
-63.573
-72.717
-33.784
-2.6645
-3.4493
15.498
4.5
-32.086
-59.598
-35.512
27.406
53.288
43.697
-28.751
-20.38
18.678
32.794
9.467
35.381
13.287
-9.5171
63.48
49.463
-50.26
-80.291
-2.3951
36.217
26.863
-24.718
-47.085
1.7656
46.804
46.888
-5.626
-74.367
19.064
30.452
-8.3656
-49.824
-8.754
46.155
61.122
-34.521
-48.341
-18.768
-20.342
-31.462
-11.93
11.447
-19.375
33.465
52.057
29.43
87.669
124.37
8.0498
-64.898
-86.236
2.5881
-31.51
-71.254
-71.765
-41.194
-18.506
-23.664
10.56
13.405
-37.346
-17.142
7.9569
-4.5442
10.258
34.324
40.686
66.352
71.734
84.436
11.428
-1.6007
10.656
8.8439
-4.9161
-7.1895
38.516
20.396
-43.582
-62.82
-39.314
-15.674
2.3392
-6.7161
24.636
35.816
-13.731
-1.6084
-6.2505
-40.375
-32.319
-59.392
-58.027
-43.696
-27.977
1.5311
16.168
NaN
NaN
NaN
NaN
NaN
NaN
NaN
NaN
NaN
NaN
NaN
7.4685
12.308
27.522
1.1227
-54.402
-9.4237
44.16
42.207
51.267
2.4764
52.098
12.988
-31.76
8.9127
-3.9951
-61.706
-17.263
-17.713
-55.33
-44.824
-39.354
-20.932
-1.3172
43.686
28.831
1.9802
-7.3631
12.956
-2.2738
-15.084
6.6116
