NaN
NaN
NaN
NaN
NaN
NaN
-39.899
34.082
19.538
11.77
52.19
45.741
50.589
14.281
27.227
-15.542
7.9993
-3.7522
-17.033
-4.7364
5.5759
-7.2715
-1.592
32.857
-10.446
-16.784
5.8316
22.45
30.162
51.314
NaN
NaN
NaN
NaN
NaN
NaN
-61.213
-73.6
-36.052
15.92
14.552
-25.101
1.6465
1.9942
9.8518
12.184
10.85
16.791
51.132
-8.7057
-36.771
3.2617
-9.7176
-11.075
-29.516
-46.846
-48.25
-26.251
-17.888
3.9181
24.657
24.105
71.307
57.648
42.088
52.481
38.949
65.139
92.085
NaN
NaN
NaN
NaN
NaN
-18.899
-12.083
-14.952
-106.85
-18.218
-6.7455
10.552
-12.455
-4.2423
14.378
-31.404
-33.449
-70.429
-20.133
7.3171
10.334
-32.428
-10.836
-25.621
4.3795
NaN
NaN
NaN
NaN
NaN
NaN
-20.386
58.885
-11.791
15.356
102.54
84.265
30.667
28.465
29.49
22.051
16.109
-1.1037
-1.3111
14.063
33.392
-29.704
0.8383
42.764
-70.274
-11.92
20.527
0.014283
42.612
NaN
NaN
NaN
NaN
-31.264
-7.5943
-18.702
-86.789
-43.63
8.4125
45.773
3.994
2.2095
32.453
37.589
58.229
54.848
58.78
39.272
11.792
-21.046
-27.383
-12.921
29.09
-6.3481
NaN
NaN
NaN
NaN
-5.1747
-3.2538
-18.397
4.7775
34.293
45.346
26.845
9.6525
20.554
24.507
47.152
-26.304
-18.78
14.217
-3.9448
28.554
-11.562
-32.664
-6.8235
18.098
10.359
-30.357
17.213
0.76144
-3.3689
8.8038
-25.162
-60.885
8.806
-17.562
-23.652
-25.568
-21.088
-5.3788
11.286
-2.8291
-60.639
-26.717
-23.391
7.5009
-27.829
-13.427
2.9318
9.4766
67.465
93.54
59.235
26.477
31.361
0.3637
11.834
13.468
3.5575
15.609
-6.3636
-4.6152
10.161
1.7346
-1.8734
22.531
30.774
30.891
13.987
-49.778
-30.537
-60.827
-4.2494
3.8
-30.542
9.3219
-8.9337
-31.005
NaN
NaN
NaN
NaN
NaN
-17.656
5.3291
32.847
-8.9456
32.69
47.093
-16.479
-33.841
-0.52488
40.42
15.202
-26.807
22.793
18.668
27.588
26.276
-10.362
17.757
46.955
25.082
-44.255
-1.7765
10.623
7.4179
9.7928
-10.975
3.3316
10.813
16.811
-16.575
-31.585
-21.914
28.285
-36.947
2.5924
59.072
76.802
20.829
-8.4942
-27.651
-48.069
5.4819
-38.478
-39.711
-54.117
-54.718
-29.266
NaN
NaN
NaN
NaN
16.294
-60.121
-2.5486
10.432
31.222
45.58
30.202
-5.4895
61.761
-9.0619
14.167
48.748
56.595
-12.639
66.816
33.61
5.9072
29.511
2.9506
-16.811
-2.2475
21.495
13.261
-52.669
-38.216
-26.754
34.935
-0.5901
11.528
-27.328
-46.184
0.76556
-19.051
-64.749
-12.769
-21.346
3.1575
17.185
-34.43
-12.436
13.197
-28.802
