NaN
NaN
NaN
NaN
NaN
NaN
-24.937
40.454
52.58
46.734
73.333
99.421
75.31
27.138
25.677
-38.777
8.3318
-8.642
-78.074
-15.831
23.411
0.45449
-26.115
1.0027
-6.2572
-65.637
-70.849
-23.283
13.213
-16.671
NaN
NaN
NaN
NaN
NaN
NaN
13.512
-12.494
-28.153
14.173
71.529
49.286
10.362
20.337
82.957
26.69
-57.95
-29.23
48.95
-16.647
-87.559
-50.012
-18.683
-35.61
3.5077
-20.941
-51.839
-42.249
27.8
63.339
51.55
-12.329
28.302
79.418
24.082
18.699
31.106
51.234
86.754
NaN
NaN
NaN
NaN
NaN
-43.158
11.678
-5.4945
-128.58
-64.493
-21.061
-27.892
-38.481
11.227
19.58
9.3056
-50.415
-60.593
-36.327
-34.227
5.7346
-9.5061
48.357
56.994
55.001
NaN
NaN
NaN
NaN
NaN
NaN
67.636
85.721
2.3434
-3.4599
-18.733
-27.225
60.885
12.364
-5.6553
15.889
7.8332
-71.928
-72.743
-27.484
7.1372
56.454
55.071
4.5616
-26.453
-60.685
-42.589
-28.85
14.168
NaN
NaN
NaN
NaN
-19.19
5.3451
23.827
-38.271
-35.306
46.435
115.07
69.799
1.8251
-92.16
-37.291
30.607
103.26
133.02
102.38
74.02
-23.301
-91.971
-40.379
-38.877
3.93
NaN
NaN
NaN
NaN
-20.686
31.684
45.546
25.318
-1.345
-2.9717
2.8412
-25.148
2.0698
-12.018
31.895
0.60488
-6.5304
49.076
6.8233
33.56
37.807
-15.08
-33.952
9.0975
-31.86
-93.515
18.324
7.4563
-29.217
25.355
-15.653
-8.1179
24.113
22.879
3.7569
63.117
74.825
24.029
-5.7353
31.729
-78.777
-41.746
-28.936
-21.362
-73.864
-66.671
-41.268
-42.933
13.057
43.9
30.61
5.1977
-20.263
39.761
71.212
50.11
34.073
70.318
73.464
31.46
-19.887
-52.293
-46.851
11.205
44.156
14.235
-38.528
-55.394
-57.352
-46.001
15.554
21.919
1.4331
6.802
-23.834
-55.872
NaN
NaN
NaN
NaN
NaN
33.329
102.09
130.67
112.69
47.95
-15.505
-68.111
-23.696
16.045
-24.399
-77.457
-67.65
-5.5561
-9.4377
-22.663
4.772
37.094
5.5197
-53.208
-12.612
19.67
28.213
53.069
32.753
-6.7667
1.8913
53.568
61.429
27.404
0.42375
48.811
41.112
24.001
8.8948
-47.199
-50.828
-41.198
-50.308
-53.38
-18.077
-39.312
-40.305
-49.233
21.006
-3.3071
-43.829
3.2075
NaN
NaN
NaN
NaN
26.257
-17.846
18.99
2.9008
50.367
38.463
3.9683
33.009
62.073
14.985
2.7355
21.499
34.292
-5.7568
-3.9127
40.697
-21.725
-72.211
-10.795
-18.723
7.9012
-4.5746
1.3678
-17.445
-14.875
24.224
83.527
86.084
49.077
-3.3481
-84.606
-67.53
-10.215
-27.135
-55.109
-49.273
-28.112
-36.05
-51.265
-28.097
-20.767
-6.9413
