NaN
NaN
NaN
NaN
NaN
NaN
-9.7913
0.78027
12.433
2.7671
66.014
31.062
26.445
-6.0195
65.322
95.15
11.224
-23.349
-38.501
-50.347
62.208
43.893
23.215
59.86
9.2296
-106.49
-111.47
-33.831
14.994
-6.3484
NaN
NaN
NaN
NaN
NaN
NaN
-6.1811
-38.949
-54.023
20.628
37.77
16.683
47.618
37.619
-25.577
-30.533
-8.0407
14.525
83.985
16.447
-58.382
11.73
-17.794
-0.51245
12.805
-42.934
-52.295
-20.567
21.038
79.884
34.567
-1.1006
79.601
115.53
31.783
-36.845
23.23
14.215
-19.35
NaN
NaN
NaN
NaN
NaN
-6.0491
22.736
10.14
-125.29
-13.618
26.358
9.9659
-19.492
49.138
18.033
-48.58
-59.623
-92.344
-54.838
22.846
16.341
-2.9162
36.537
13.327
35.359
NaN
NaN
NaN
NaN
NaN
NaN
-28.306
45.484
32.738
21.762
68.413
13.642
35.234
4.5832
-10.345
13.178
16.912
-12.596
-34.273
-0.20431
41.141
-10.922
-24.188
-3.7662
-40.238
8.3494
3.6582
-8.668
-53.588
NaN
NaN
NaN
NaN
3.3729
-22.216
4.009
-26.315
3.0323
56.368
82.947
44.015
17.169
-15.359
-19.598
-6.1881
6.4663
17.746
-5.1573
-13.672
20.291
2.2261
10.168
17.078
71.95
NaN
NaN
NaN
NaN
-14.863
3.3784
-22.453
8.2069
6.7264
14.497
16.191
18.312
-8.0418
25.524
23.7
-57.01
5.7616
76.622
12.223
11.356
8.5334
-69.195
-18.967
5.0449
38.317
-41.455
-20.981
-35.364
-45.75
-39.803
-27.576
-45.107
34.105
28.876
-1.1771
14.018
33.336
-2.6107
30.56
-0.91257
-30.652
-41.029
-16.666
49.014
-11.259
-9.8871
0.43325
-17.614
33.397
55.939
50.6
-2.5741
0.45966
42.065
34.114
6.6032
9.9945
-20.573
-12.185
4.8649
-63.241
-38.196
-13.24
17.531
56.609
81.893
28.449
0.24979
0.41391
-47.505
23.736
49.423
-57.896
-79.653
-66.707
-30.462
NaN
NaN
NaN
NaN
NaN
-5.4752
-29.824
-2.7962
-39.141
-16.44
32.209
24.303
-1.2794
34.748
97.925
83.155
50.232
29.426
-9.5905
-5.0686
28.213
10.02
-19.505
-49.65
34.956
2.7775
-40.878
-19.483
10.821
21.032
-2.6508
20.049
42.441
50.398
35.133
20.839
8.3783
7.9497
-71.625
-54.169
7.3141
-2.6152
-52.973
-19.978
-61.694
-105.67
-11.89
-74.327
-81.722
-19.816
-13.783
-2.3882
NaN
NaN
NaN
NaN
19.57
-74.675
37.103
14.398
81.806
94
50.324
62.556
73.119
32.135
19.814
23.972
26.176
-49.319
-10.661
30.07
-34.487
-90.01
-55.924
16.332
16.189
-20.483
-19.419
-63.526
-41.294
-13.795
14.86
57.197
25.401
-89.572
-62.221
17.834
11.751
2.1727
-13.591
4.7954
19.555
39.353
-65.126
-68.441
11.151
26.301
