31.985
-6.6364
-9.0933
-4.9262
-65.824
-61.098
-0.9703
-23.781
-7.7927
38.512
20.33
-70.217
-41.146
-14.785
49.234
23.891
40.326
19.548
-0.17901
27.554
39.229
0.75358
-29.304
28.009
-9.3436
-35.038
7.0378
-11.736
-5.2591
5.7942
0.53645
34.675
29.211
-8.4398
37.751
-17.981
-16.661
-0.017695
-0.74715
-29.566
-28.875
-16.421
-17.397
10.799
81.75
-30.043
-73.289
0.35925
-0.13447
19.459
-11.25
34.371
-2.8212
-40.731
11.933
-31.6
-29.59
39.421
16.698
-1.2867
42.364
-13.993
-41.19
30.947
-15.871
51.697
18.923
-11.542
29.229
2.2874
2.5732
-38.836
-44.413
45.904
9.6917
-28.405
37.823
29.017
12.193
38.7
19.468
-54.593
-7.5829
10.312
-31.712
-21.291
-32.007
-16.44
-17.792
-63.691
-0.98243
-5.8732
-12.411
-56.877
2.9965
59.31
27.242
-23.679
40.436
35.85
13.516
58.37
9.1415
-37.834
10.559
18.067
16.403
46.157
-33.198
25.666
49.756
-7.7632
-50.371
-9.2955
30.79
-66.839
3.1414
-33.258
-39.506
-14.253
14.757
44.624
14.88
-63.671
-58.976
21.359
-23.357
13.976
-9.0132
-20.139
31.092
-0.92971
13.43
20.515
-6.8646
-9.1693
44.185
50.868
-16.09
88.026
40.254
-26.336
-17.505
-19.516
-32.021
-4.847
-26.858
12.709
-4.2905
-15.5
26.417
-49.485
NaN
NaN
NaN
NaN
-8.1289
-3.0909
31.823
22.728
-2.4798
23.368
18.124
18.915
-34.628
-34.763
-24.388
-11.486
-58.889
47.865
65.509
-8.1001
-27.137
-8.8892
37.356
3.472
-10.912
45.971
25.406
-24.116
20.425
-3.1021
-76.501
42.748
46.905
-22.477
-24.567
35.368
6.0788
-26.5
6.5589
-29.679
-29.93
-46.39
-15.025
-11.885
21.068
9.593
5.4036
-32.04
-24.493
25.512
24.506
-29.326
-55.497
16.262
41.918
81.065
98.466
43.844
8.4045
-16.744
4.6551
25.443
24.287
-31.941
-42.141
-5.0791
-33.828
-48.44
-45.073
-28.188
16.426
21.642
-13.277
-81.193
-6.5468
12.903
20.558
-47.774
-31.748
15.786
47.644
53.187
37.865
13.6
1.2849
-24.339
-24.295
-25.947
1.9128
47.02
77.604
26.748
45.07
11.316
-2.9223
-15.133
-31.972
-57.991
-43.317
-37.391
-2.493
42.067
67.514
