-65.102
-73.042
-1.1311
12.056
-19.753
-3.2008
-46.961
22.452
11.289
-8.9243
-74.379
-6.8469
43.396
67.22
74.819
21.1
-7.6172
-1.6931
10.242
2.1725
37.674
-33.427
-53.029
7.9166
28.085
18.559
57.981
75.828
69.619
5.2408
-71.927
0.1208
-30.866
-11.86
21.296
-12.047
-32.409
-37.479
-40.752
-19.015
44.757
55.055
-66.417
-40.895
28.179
26.03
-61.451
-32.709
-35.42
-33.997
14.553
-35.203
-5.4574
17.375
11.64
10.98
-35.846
13.689
22.235
NaN
NaN
NaN
NaN
NaN
NaN
NaN
-30.972
-21.292
24.948
34.666
29.029
66.939
41.843
-17.678
-72.408
-25.968
-14.569
-33.836
-1.5218
-52.435
-49.103
-61.115
14.253
40.509
2.2946
11.985
-27.301
-30.809
-16.841
14.169
20.514
21.158
52.311
-17.707
9.1706
0.89139
34.204
-50.072
-17.776
6.4934
6.8449
-40.48
-25.503
51.851
42.429
75.559
21.721
-40.128
-30.155
34.627
-4.1593
-100.05
-70.112
-7.5837
10.17
1.5698
-11.576
NaN
NaN
NaN
NaN
14.494
49.492
-10.144
7.8168
41.144
83.866
73.244
-0.32309
-79.524
-60.223
-77.172
-70.34
8.2481
29.766
27.457
44.291
7.2763
16.524
-8.1798
12.254
-6.7251
16.515
-26.743
-45.302
-43.005
-32.859
NaN
NaN
NaN
NaN
-41.29
3.1161
31.431
-23.183
-36.373
-57.921
4.6967
-20.286
2.7567
34.996
12.444
-32.959
11.157
90.89
107.46
118.01
12.716
-32.518
-32.958
7.4597
75.496
80.315
61.038
38.61
-11.95
-86.403
-98.611
-56.771
-51.218
-32.937
-38.656
-50.476
-39.894
8.2215
19.42
-21.202
-37.512
-19.455
3.6171
-21.323
7.6886
12.067
31.993
-0.59625
24.928
21.682
5.3169
-18.806
26.618
-14.038
8.5989
50.03
19.247
19.987
65.237
34.356
-45.592
-57.611
-1.6144
8.1296
0.68045
34.504
28.944
6.3187
-50.723
-12.741
15.598
22.327
9.128
10.208
26.956
2.731
-42.951
-30.245
-13.602
-29.887
-19.172
10.388
-30.672
-25.895
-2.2434
-25.598
15.296
53.621
23.59
3.7829
-2.2667
-34.972
-25.891
15.223
22.327
-15.5
-15.982
-0.7695
17.851
-8.3163
-7.4947
15.007
-0.17956
-88.662
-0.82877
40.927
31.817
-36.554
-58.953
50.529
74.368
76.158
100.35
26.607
-42.163
-51.701
35.374
12.002
-51.098
22.477
52.561
-38.782
-16.757
-48.011
-27.936
-7.999
9.8426
-10.099
-33.149
-27.904
-24.955
13.634
33.358
33.141
-16.976
-46.484
-32.735
34.627
-0.045675
-29.363
NaN
NaN
NaN
NaN
NaN
NaN
NaN
NaN
NaN
NaN
NaN
15.64
-32.259
29.762
64.561
35.995
-72.994
-54.915
-30.235
17.699
32.178
15.085
17.619
28.821
25.229
11.887
-25.584
40.442
32.237
-55.13
-23.212
4.7947
-21.442
-2.1736
42
57.48
-9.8774
-2.1912
-20.708
-23.37
-15.623
-10.086
