-31.159
-34.072
-69.084
-28.051
11.867
18.17
55.715
NaN
NaN
NaN
NaN
NaN
24.864
13.854
51.703
35.541
31.856
52.086
-20.307
-88.767
-55.212
-48.79
-46.186
5.8831
8.1429
9.8723
-24.519
-22.253
14.052
8.1241
-10.239
6.1669
-29.033
-5.7432
-16.681
8.0515
41.688
-3.0438
-1.6386
37.746
23.196
23.444
3.7431
0.46872
13.572
22.699
42.604
11.447
-41.542
-41.773
5.0462
6.6086
17.118
3.2527
-26.8
-33.649
-33.466
2.204
-11.694
-43.578
-25.755
-2.2881
33.56
36.303
15.692
24.284
19.126
-12.813
-14.486
5.2312
-3.4091
65.873
72.344
-13.631
-60.468
-38.948
-29.809
-32.933
-79.758
8.8102
37.554
21.523
3.7248
-4.9474
-0.70305
13.461
-9.961
7.5113
25.512
19.949
23.278
53.323
14.031
-22.496
-26.554
-38.407
-27.432
-29.32
17.859
49.626
65.413
22.81
-28.74
2.4758
26.13
-1.727
-30.94
-23.824
-9.5617
-46.284
-62.387
4.113
11.651
-25.26
-35.097
4.5545
42.266
-6.3303
-22.691
9.4199
14.331
13.086
45.345
-14.633
10.093
7.0725
7.107
11.666
36.176
10.423
-23.436
-18.614
-21.741
7.1989
17.818
24.754
54.412
42.347
13.689
-1.1345
-30.973
NaN
NaN
NaN
NaN
NaN
9.1415
19.381
17.285
14.51
-0.25716
9.7474
-29.867
-40.902
-44.185
6.9305
22.951
-26.412
-46.485
23.23
57.772
57.351
-4.8683
-8.5502
10.021
18.894
39.029
14.637
-2.8213
7.6597
39.083
-8.463
-40.304
-17.213
21.146
19.654
21.268
-35.665
-53.876
-32.304
5.4651
24.694
16.901
-9.6662
29.874
17.308
-32.413
-4.4784
-38.669
-24.505
-24.019
14.922
13.935
-1.4766
-4.5849
-33.438
-1.2517
14.681
30.67
32.821
-6.7336
-51.919
-16.876
-7.3961
28.052
51.627
38.943
16.759
11.173
-27.289
-28.268
4.508
6.8482
-8.6069
18.662
3.5486
NaN
NaN
NaN
NaN
NaN
NaN
7.2227
-42.889
-8.1686
-34.639
-16.737
-30.069
-13.998
12.765
8.532
-1.2797
-7.1891
-0.17471
5.3122
-13.15
-34.224
22.74
32.325
-6.3833
-19.463
-26.289
-24.073
2.2054
50.355
56.258
-7.1933
NaN
NaN
NaN
NaN
NaN
NaN
16.631
27.587
35.169
34.404
-7.0708
-10.163
-19.965
-12.92
-13.355
-27.306
-46.43
-76.43
-41.572
2.0911
-6.3972
-22.248
-8.4493
27.678
44.355
48.329
2.9358
-43.231
-27.159
-34.57
NaN
NaN
NaN
NaN
NaN
56.604
19.282
3.3617
18.142
41.274
12.73
8.1231
34.761
43.916
-9.8695
-24.715
6.7078
7.985
-16.981
-28.758
-31.695
-26.777
-31.269
-59.109
13.123
-15.601
-65.533
-59.693
1.8369
-52.096
75.896
-0.7126
-32.139
-13.681
29.109
55.45
51.058
19.786
26.243
47.16
51.732
26.487
14.069
22.925
50.384
28.382
-10.448
-56.733
-61.109
-45.841
-31.703
NaN
NaN
NaN
NaN
-9.6628
7.7067
7.9539
48.465
8.7764
7.3075
22.335
-34.238
-34.273
NaN
NaN
NaN
NaN
NaN
NaN
-30.069
-30.942
-16.925
52.034
43.807
1.8236
-20.987
NaN
NaN
NaN
