4.2184
-5.7621
2.5059
2.6754
29.912
78.792
46.349
NaN
NaN
NaN
NaN
NaN
43.701
-18.031
28.942
15.963
65.321
23.433
-43.246
-37.181
-36.972
-67.114
-40.073
2.7292
4.2837
1.7067
-60.765
-8.5263
13.795
9.8237
18.29
-29.276
-31.29
3.7982
-3.9951
17.867
52.798
17.967
1.3223
22.017
18.843
14.664
67.042
26.896
-17.555
-20.005
19.684
2.0824
-46.455
-21.456
51.46
11.847
11.367
0.42771
-17.431
-22.563
-27.818
-23.027
-5.9433
-10.871
-28.416
-31.169
-27.77
-21.263
6.812
10.68
-10.864
-2.5956
22.399
48.218
11.395
57.006
42.538
-37.943
-18.497
10.594
-7.1549
-44.732
-84.118
-12.414
80.755
48.94
27.622
-13.139
-31.062
-21.506
-27.716
23.757
56.746
59.607
46.783
38.747
-31.623
-66.503
-66.144
-58.3
-16.018
-21.902
12.18
33.907
42.546
18.925
10.268
36.192
48.99
6.7157
-49.318
-2.313
15.386
-62.75
-28.4
35.292
23.017
-47.355
-66.378
-8.476
-25.011
-22.937
17.572
36.561
-6.8118
-33.677
-17.718
-31.036
15.219
41.255
21.46
-11.653
52.321
53.761
26.915
-14.635
-39.96
2.9634
54.777
48.401
83.83
68.936
19.84
-24.267
-41.862
NaN
NaN
NaN
NaN
NaN
-49.017
-35.669
-30.323
-46.79
-23.375
-32.442
-22.327
-20.479
0.25568
5.7423
-6.0049
-2.0859
-12.087
25.839
74.749
50.92
30.659
15.236
27.173
23.319
33.332
32.979
16.753
-20.751
-31.869
-43.746
-14.541
6.2122
23.356
22.947
13.514
-51.989
-88.027
-24.511
38.038
50.591
13.078
-1.5111
0.87459
-45.678
11.312
52.509
21.451
18.99
-50.402
-80.93
-20.387
29.778
39.923
35.326
-61.668
-33.774
-3.2536
34.888
6.0587
-66.138
-74.121
20.791
35.194
45.537
22.917
35.611
17.481
-44.374
-24.773
25.139
28.724
-3.1129
1.4912
12.285
NaN
NaN
NaN
NaN
NaN
NaN
18.777
0.27407
-40.774
-25.612
-25.435
-30.53
14.319
-5.2426
22.62
74.039
-14.382
-13.34
22.662
-62.248
-42.298
24.971
41.719
3.9566
-33.156
-60.816
-11.624
16.479
13.443
-8.9038
-37.291
NaN
NaN
NaN
NaN
NaN
NaN
13.187
29.225
36.331
72.359
67.849
56.377
31.684
-58.891
-48.083
-10.579
-82.941
-94.608
-43.972
20.422
33.602
-6.8551
15.098
33.114
72.124
39.893
20.204
-13.429
-29.368
-60.783
NaN
NaN
NaN
NaN
NaN
20.107
-27.292
-14.577
34.938
35.622
25.031
15.791
112.77
79.914
35.402
-41.609
5.5746
-15.687
11.333
0.96269
-27.559
-61.972
-62.812
-13.532
-7.9823
-35.978
-35.864
-56.321
17.985
6.3155
-13.563
-69.095
-66.971
24.24
95.356
80.16
75.946
32.007
42.234
33.099
41.341
56.871
31.43
18.319
10.373
29.333
-41.311
-81.158
-55.313
-72.963
-92.67
NaN
NaN
NaN
NaN
-5.4621
33.69
17.405
109.16
77.835
13.629
31.297
2.1772
-4.6941
NaN
NaN
NaN
NaN
NaN
NaN
-27.199
-2.0939
-29.366
33.911
13.518
3.3885
2.5588
NaN
NaN
NaN
