NaN
NaN
NaN
NaN
NaN
NaN
-47.736
14.149
11.557
15.516
53.774
41.408
18.191
0.94038
7.3311
1.3117
26.618
30.889
-41.185
-20.81
24.738
11.685
8.3153
4.4432
10.792
-8.7404
0.22463
3.2169
17.258
22.065
NaN
NaN
NaN
NaN
NaN
NaN
4.1725
-21.956
-16.245
4.249
47.275
-3.801
-3.4672
-33.592
33.384
-8.1603
19.097
13.243
45.887
14.319
-17.307
11.983
24.01
-0.99694
-6.4911
-23.848
-30.047
-29.124
13.007
-23.172
52.644
13.197
50.005
26.762
14.22
17.912
8.5628
54.687
48.045
NaN
NaN
NaN
NaN
NaN
2.9949
19.153
-46.449
-5.5717
3.5588
21.774
16.904
20.872
15.303
40.111
-14.183
-28.409
-29.133
16.286
11.351
25.045
39.154
46.033
16.471
38.629
NaN
NaN
NaN
NaN
NaN
NaN
-19.075
23.975
-21.544
24.695
1.2598
-6.8185
46.004
27.04
11.78
20.285
30.709
2.21
-8.2574
16.071
26.412
-1.5669
17.735
-28.967
-22.565
14.783
39.756
-29.51
5.4408
NaN
NaN
NaN
NaN
-48.572
13.617
28.122
-111.66
-34.39
48.705
51.016
29.626
33.555
-11.854
31.507
20.878
37.216
64.561
58.108
34.636
-41.654
-49.426
19.398
10.454
53.323
NaN
NaN
NaN
NaN
-5.8528
-16.779
-2.278
2.8406
-12.481
-2.1048
2.0847
-77.672
11.547
-18.086
10.393
-3.8282
-0.90242
55.467
28.369
30.581
12.375
-29.064
-50.609
38.44
-1.4842
-50.398
29.407
3.8582
18.966
57.714
-0.69346
35.422
-2.3135
-35.462
-5.3463
22.458
22.744
-29.285
-66.059
26.379
-63.316
-4.5839
-32.701
-3.2072
-23.452
-1.144
-24.186
-1.1127
42.145
82.749
40.379
12.245
-31.989
18.654
4.0149
-10.768
26.23
19.282
4.1646
-13.929
-4.0884
-37.186
-39.298
16.667
39.223
23.262
-17.186
-16.564
-39.55
-26.181
16.371
1.4593
-39.579
14.927
-23.812
-17.764
NaN
NaN
NaN
NaN
NaN
19.911
31.462
15.234
10.548
27.177
56.445
0.28673
-24.099
-8.1752
16.66
-5.8394
-34.039
-26.446
-18.48
6.8117
-35.926
-19.408
4.9332
20.771
-8.2357
-55.53
7.8806
28.574
31.382
-5.7843
-19.942
-0.58091
40.146
10.258
-7.856
19.876
52.729
21.926
-20.333
-16.719
11.899
-5.815
-22.662
-5.4033
4.7273
-4.8293
32.681
19.953
7.3573
-16.513
-49.613
-39.972
NaN
NaN
NaN
NaN
15.67
-23.723
-33.166
-13.252
33.218
40.102
-2.2607
-45.181
53.941
24.329
6.5072
-0.61256
13.586
7.1191
20.034
46.925
24.726
-23.516
-2.7748
-27.032
-25.983
20.59
-11.914
-19.899
-24.121
8.0241
2.8655
0.73228
15.301
16.501
-3.4062
-42.632
31.358
-4.1144
-23.163
0.10435
22.384
22.5
3.4612
-19.994
2.6887
-36.402
