-60.673
-5.1359
22.213
26.396
61.528
28.354
31.071
NaN
NaN
NaN
NaN
NaN
-34.674
-28.425
53.387
64.86
97.279
22.687
-32.567
-15.303
-2.5609
-31.806
-87.023
-3.4058
-28.504
13.406
-48.261
-1.0701
45.602
32.681
63.89
-63.61
-29.514
-18.063
-38.879
-25.924
28.602
1.7025
-29.529
-17.18
-7.3696
19.068
59.662
3.8311
-37.752
10.936
55.474
35.243
-18.586
17.03
78.234
8.3783
-4.5586
-2.593
33.764
-25.251
-69.07
-26.022
-40.523
-4.0199
9.1227
-20.431
-59.629
-2.7807
34.46
34.055
-0.53957
-12.155
-9.5657
30.84
32.135
49.163
2.15
-58.253
3.3367
67.946
32.283
-13.616
-99.71
-98.881
34.976
24.173
22.951
-1.6935
-34.545
-31.987
13.066
7.1959
-11.088
-8.7893
107.3
82.818
-27.802
-77.721
-26.133
7.9285
20.019
-23.638
-12.841
35.471
51.597
-29.706
5.2429
24.181
46.913
19.795
-35.573
3.2673
41.269
-57.865
-50.375
34.062
12.211
-54.941
-74.49
-22.561
-55.791
11.69
33.168
66.6
16.068
-7.5339
-5.0195
15.276
6.7644
-6.413
-81.35
-100.61
16.096
-9.8773
40.037
63.228
83.273
13.977
70.165
75.823
80.009
36.673
-4.3757
-43.028
-49.178
NaN
NaN
NaN
NaN
NaN
-41.375
-81.984
-25.222
-31.687
-4.0551
-16.215
-32.92
16.379
40.792
8.5013
-31.474
-1.3716
9.9073
18.632
30.705
13.445
16.13
42.273
29.266
8.7256
-4.383
27.247
37.323
8.8732
8.3782
-29.137
-17.947
-22.175
22.436
52.36
11.653
-68.649
-129.22
-37.423
47.563
71.963
30.847
-2.9147
-3.6439
-21.027
13.652
40.44
13.24
30.097
-56.177
-129.81
-51.475
-43.812
-24.541
-24.415
-16.054
0.37383
17.237
55.215
35.402
-7.3458
-18.967
71.897
80.715
105.05
99.162
64.541
28.594
-78.147
-61.111
-59.413
-5.6597
2.0724
1.627
5.2538
NaN
NaN
NaN
NaN
NaN
NaN
-9.2394
-14.807
-8.0091
-21.412
-41.347
-1.3853
30.325
-15.527
-22.546
57.227
-15.434
5.7974
61.809
-18.519
26.785
12.352
-15.345
12.659
6.95
2.2496
-2.738
36.373
40.76
-1.6082
-6.4197
NaN
NaN
NaN
NaN
NaN
NaN
89.477
-7.041
-65.76
13.428
9.7111
-9.8301
-15.474
-45.04
-41.08
47.476
0.68184
-50.138
-60.679
-36.161
-3.005
-42.987
-63.745
-34.574
33.049
69.607
54.433
-21.801
3.195
-10.688
NaN
NaN
NaN
NaN
NaN
19.437
3.4564
-43.972
-3.1889
53.661
48.959
-6.8378
41.188
16.484
27.804
2.8015
-18.975
-30.222
21.415
-33.104
-27.431
-124.15
-91.495
-22.934
-19.09
-52.158
-33.668
-54.057
-10.328
63.647
-36.349
-22.972
-9.117
53.397
111.86
62.018
64.267
29.437
52.214
66.823
58.99
42.023
-4.0441
9.2436
34.737
2.8119
-87.652
-90.28
-34.08
-82.155
-93.517
NaN
NaN
NaN
NaN
-0.15114
85.059
55.658
67.921
22.2
-26.55
34.679
1.9441
-16.22
NaN
NaN
NaN
NaN
NaN
NaN
-18.47
14.469
-52.088
-16.376
22.995
39.369
-20.925
NaN
NaN
NaN
