NaN
NaN
NaN
NaN
NaN
NaN
0.93755
0.097055
-5.4172
-36.373
-30.36
35.728
10.817
-12.442
34.149
-73.86
-20.858
-5.0458
-55.052
28.866
101.2
7.9815
35.894
1.2887
-8.1127
-5.1274
-45.103
-18.019
3.532
-17.194
NaN
NaN
NaN
NaN
NaN
NaN
-7.5166
-8.5126
52.533
46.913
74.02
71.56
-0.8029
23.453
-24.455
-42.032
-30.71
-52.664
35.98
12.956
-34.417
5.1398
5.8741
-0.46351
0.22422
11.14
0.33122
20.004
-4.3116
-49.741
-26.79
-39.899
11.317
-24.54
-3.3353
-6.5219
-23.902
-51.953
-29.486
NaN
NaN
NaN
NaN
NaN
14.284
-7.9695
24.712
-8.5921
58.344
64.774
67.904
36.278
5.9849
13.029
15.198
-2.3997
-31.359
-19.91
11.268
-22.027
-4.7818
20.345
2.4996
57.658
NaN
NaN
NaN
NaN
NaN
NaN
-33.743
-13.277
-41.476
15.609
79.191
-9.7359
13.561
33.897
-7.3762
-40.855
-10.609
-34.626
-19.111
28.596
33.318
-40.469
60.6
45.302
-23.732
7.5236
-35.154
-48.438
4.6189
NaN
NaN
NaN
NaN
52.623
-1.4555
-38.024
-44.122
-7.002
21.022
37.325
8.4395
-8.3645
-5.3654
25.742
10.451
-26.378
-27.243
-95.416
49.462
37.63
-45.688
-28.15
15.861
-87.38
NaN
NaN
NaN
NaN
-12.444
6.071
14.232
71.359
16.162
-27.056
-35.848
-8.0356
31.547
7.3963
5.373
-28.4
8.139
21.297
31.394
-32.041
-19.801
56.298
41.261
43.189
14.239
-38.993
16.777
35.447
-23.113
-23.056
-9.4726
-21.809
29.463
11.955
12.791
-14.655
-26.576
-14.723
0.50629
26.342
-19.241
23.824
-5.9019
7.4117
6.5489
-44.684
-45.072
-21.547
-11.716
-19.72
-45.175
-3.8071
10.24
32.183
-5.577
8.3469
-36.373
31.183
7.7143
1.5719
17.58
20.125
-4.0967
-6.5515
-25.849
31.744
-16.37
22.662
31.915
15.694
47.285
-10.168
25.587
25.384
37.524
28.763
NaN
NaN
NaN
NaN
NaN
-60.896
-20.542
4.6917
-34.755
-45.086
-25.594
20.265
60.249
17.167
21.726
-26.154
0.55559
7.0052
-53.073
-51.616
-2.1662
-31.129
1.3542
-48.971
-7.136
21.256
3.7042
25.397
34.953
12.835
-1.0587
4.715
37.069
62.14
5.7391
12.501
27.234
27.41
4.3607
-36.879
12.38
33.63
-44.537
-21.056
40.899
4.6863
-7.0568
-51.281
-36.255
4.9738
29.702
-3.2841
NaN
NaN
NaN
NaN
-42.106
-37.11
-13.373
-52.431
3.5797
-4.916
-3.7119
21.371
20.925
32.799
30.606
-13.684
7.239
32.497
13.186
9.5482
-5.9002
-8.3284
-13.356
3.7144
-29.469
-57.175
29.596
33.034
5.2985
20.042
-4.8353
-14.634
-8.9414
2.3397
-15.451
0.24733
-5.939
33.792
26.152
-18.454
6.6428
42.908
12.717
-20.741
-8.1354
21.224
