-95.378
12.601
0.16028
103.15
37.65
-75.179
-83.445
16.077
39.426
-13.109
27.878
36.405
33.913
9.9984
9.9664
23.866
85.494
47.14
-17.843
-53.924
-1.4323
-48.243
20.576
15.897
-6.8733
-21.648
-68.961
39.258
-40.354
-57.701
-7.9828
-40.557
-5.4466
47.577
60.006
42.983
-48.128
-16.227
69.517
51.741
-9.7632
-90.642
-3.123
42.508
85.187
77.395
-58.064
-71.604
-65.288
-19.104
2.2722
-13.751
-11.374
28.822
-16.698
-24.258
-53.696
-14.741
70.114
58.777
66.732
25.395
-41.173
-31.031
26.565
55.1
-32.766
-80.304
6.5515
-17.235
-53.621
39.765
78.584
40.121
67.538
42.42
-23.819
-11.959
-104.42
-121.62
-18.663
30.057
14.572
-41.202
21.536
44.223
10.491
1.7449
13.828
-24.695
-59.194
7.0704
-36.168
13.811
4.4882
32.577
18.762
19.651
50.63
53.019
103.81
67.415
14.311
-111.04
-23.066
-25.701
-61.305
-37.482
-29.951
-60.457
13.617
60.807
20.868
-22.424
-10.645
-6.4807
-60.283
-82.89
-11.463
35.093
68.47
62.999
58.742
67.341
0.36852
-51.196
-57.692
-30.604
-42.784
-19.608
32.177
78.346
101.81
-26.159
7.5495
-41.043
-55.812
-50.504
-29.757
19.82
76.092
50.815
73.436
56.483
68.729
-3.8832
-117.55
-139.51
-72.588
-58.339
-24.458
-15.886
NaN
NaN
NaN
NaN
13.866
37.332
62.666
6.547
-27.323
10.45
-2.0636
107.84
95.09
5.0075
-31.594
-2.673
-8.6796
-75.318
-39.337
-32.719
-6.4529
-36.554
16.92
4.8278
-2.7163
39.335
36.089
29.245
40.675
0.57333
-34.306
-48.325
-29.261
-20.873
-8.9404
-1.0934
-23.632
-14.3
-24.781
55.899
62.452
-8.7163
-62.103
31.203
22.809
-22.217
61.787
-30.864
-63.222
-5.3027
-37.849
11.036
-10.053
-31.395
-13.014
29.011
-24.879
26.903
95.153
154.84
116.93
117.17
43.315
-8.4523
-51.156
-73.781
-94.411
-35.098
-109.2
-120.5
-121.5
-36.814
-23.846
-20.889
-22.365
4.7867
15.502
14.398
26.35
61.184
67.507
56.195
0.41872
76.089
45.958
47.435
46.563
102.04
24.656
9.5473
-85.828
-110.71
-31.815
-36.451
7.9196
-26.482
-26.268
38.011
39.542
3.6563
-28.548
-67.884
-27.605
