-56.991
76.067
51.783
24.233
-2.4386
35.95
-28.423
-31.132
-33.875
-42.055
50.027
42.304
41.375
31.544
-2.6328
-33.913
-6.6352
32.948
-11.082
-13.891
0.06488
-40.452
16.568
2.7859
-41.475
-62.772
-55.8
-6.8362
-35.84
-5.044
33.34
10.015
8.8957
28.967
-3.0266
21.442
34.639
8.4595
37.622
33.076
23.713
8.1121
-8.3497
-27.834
-14.471
8.0997
19.022
10.287
-2.4642
48.622
37.065
-17.685
-4.138
-3.8979
-54.851
-81.204
-60.966
-6.0146
9.9648
-74.428
-23.796
22.501
9.3771
NaN
NaN
NaN
NaN
NaN
40.069
28.527
55.063
58.996
23.137
-35.175
-48.492
-26.106
-79.51
-56.839
-31.1
-26.713
3.5736
27.372
38.662
20.506
10.579
26.461
21.766
11.88
4.1317
-7.8749
-13.002
-7.6017
16.593
8.1793
-3.2991
10.219
1.0889
15.007
-8.4589
0.58427
-31.744
23.072
12.379
-4.3514
-7.8319
52.346
-9.7871
-44.366
-51.308
-37.872
-24.363
-20.075
-36.698
-1.0513
-1.4898
14.492
42.517
11.157
-4.9752
-20.336
-3.5936
64.447
101.33
59.523
-16.27
-1.9106
8.0701
45.053
-10.162
-21.486
-15.299
-10.565
-29.898
-78.392
-79.721
-1.4721
16.75
11.25
41.021
11.721
-5.5881
8.9513
-8.2858
-19.381
-27.389
-21.773
-8.9604
3.4451
-12.386
-4.2859
-3.1514
-16.167
24.245
39.354
40.232
40.195
4.5081
26.147
58.653
32.649
17.208
28.26
-26.822
-57.159
-28.11
-18.759
-29.448
-33.361
18.677
-0.90951
-9.7494
-14.759
-1.5027
6.7004
-7.0741
-10.058
-16.33
-49.955
-11.789
-3.6947
20.554
25.223
-24.613
-0.023359
-15.76
-20.972
7.1806
27.241
7.1796
22.289
0.70473
3.8794
22.653
40.088
32.655
16.125
18.636
11.722
9.7908
7.9266
29.912
2.8945
9.8874
-19.078
11.012
29.228
-0.79833
-39.101
-27.085
-19.51
-55.471
-20.444
-16.627
-20.656
-40.746
-67.149
-30.824
-8.4922
-30.136
-23.39
-8.8593
-102.24
11.283
40.482
32.028
88.633
94.94
NaN
NaN
NaN
NaN
NaN
18.167
-10.32
37.852
35.279
50.194
-38.995
-69.719
-50.816
-38.466
-32.142
-2.2621
-27.978
-2.4682
-8.4928
-34.305
-14.271
20.964
15.561
-21.976
-40.402
-30.08
-4.2824
-10.885
-16.033
-0.27061
11.438
-14.989
-16.444
18.468
-7.9079
19.99
40.464
11.641
37.369
16.24
27.925
43.179
77.837
7.548
-48.42
-30.099
10.376
5.9139
23.278
16.946
-23.856
-15.374
-13.518
-13.18
-28.815
15.358
-7.2873
-14.455
-42.661
-41.906
-34.07
-3.8656
32.456
37.675
17.167
-44.183
-20.552
20.995
-2.7489
2.8532
21.655
26.82
-4.2047
9.6294
31.125
24.555
-7.0904
-2.9397
-18.533
-10.729
-27.866
3.3837
4.3287
20.793
1.0667
-4.9294
-21.74
-16.982
-9.8139
5.0072
17.7
-1.2703
-42.715
