-3.5011
85.375
44.098
36.466
25.712
26.155
-40.747
-21.509
20.95
7.0575
32.781
7.3544
-40.563
-122.45
-34.708
-62.812
-14.536
11.424
-17.809
-12.869
-35.194
-32.675
22.881
-18.919
-16.5
12.145
-33.847
46.523
43.199
51.515
65.609
38.097
8.1069
0.6067
13.294
31.907
5.5991
-1.0022
-6.8157
-33.883
-13.96
-14.072
-15.732
-9.7244
-3.1736
-29.062
1.5678
9.2446
-3.743
27.832
28.257
7.4675
4.2095
-2.3701
-7.9123
-0.26452
-36.482
-50.005
12.586
-2.4992
31.792
-14.735
-76.899
NaN
NaN
NaN
NaN
NaN
49.081
0.2512
-25.692
20.592
63.623
71.026
39.273
-0.38941
-29.017
-35.638
-58.127
13.231
0.40287
7.4069
30.481
5.8952
-2.6462
-11.891
-13.858
-4.153
-16.75
2.9811
-1.7916
-1.0294
5.3151
2.5245
-20.44
-13.503
2.925
11.418
12.667
-2.993
4.5457
14.702
-5.7331
-8.9569
24.464
23.845
-2.2687
-32.284
-50.746
-38.351
-71.481
-63.085
-6.697
73.542
52.38
56.439
70.715
13.413
-11.401
35.617
8.6672
39.437
95.852
11.581
-66.346
-40.518
-45.029
-34.381
-38.25
8.1092
30.705
-8.7689
-34.252
-49.187
-48.968
-3.641
37.375
6.7282
-6.2584
-6.1779
6.0885
9.2722
-8.2027
-11.431
-9.8789
-3.5778
-10.85
19.83
8.6871
6.4457
-4.1901
-2.4559
14.795
17.225
26.815
18.406
7.6249
22.864
47.891
46.145
28.566
12.171
46.83
44.758
-23.265
16.856
12.713
-63.63
-73.023
-80.64
-83.086
-81.844
-72.538
-19.378
3.6492
4.9077
0.56594
-27.889
-6.0819
41.702
59.856
37.205
-14.474
16.865
2.772
21.751
8.5491
7.0251
-7.7148
64.787
24.899
17.091
26.301
28.211
27.411
11.901
-24.144
-5.1858
-1.1022
-1.9072
14.376
-11.63
-3.7743
-0.62112
-32.403
-19.388
1.5974
-5.5135
-18.882
7.2297
-11.814
-17.521
2.6575
-1.2182
-13.552
-51.782
-65.896
-18.486
-58.807
-81.44
-41.547
-67.45
110.94
85.805
57.956
61.828
80.185
NaN
NaN
NaN
NaN
NaN
-41.914
-31.842
69.996
98.967
49.005
6.1134
-32.02
-33.607
-14.236
11.589
17.11
-29.934
7.7402
10.092
-22.928
-7.8075
2.0659
-19.255
-20.735
-27.719
-47.14
-38.508
-27.242
-14.411
-13.573
0.90797
2.3357
-6.5523
5.865
-11.902
-2.3556
12.569
21.297
10.552
2.7338
14.985
36.472
45.636
23.441
45.13
0.2577
2.0543
-1.3847
81.195
47.578
-15.196
-39.637
-66.673
-25.341
11.292
53.426
-35.591
-81.384
-68.364
-74.241
-38.037
38.91
76.901
58.827
54.151
-20.275
26.799
31.376
5.4749
-15.007
-8.9799
-20.119
-34.559
6.949
-9.0923
-24.489
-38.803
-20.282
-1.6693
-29.132
-13.7
-3.1804
17.97
18.241
4.0276
-3.252
-0.4442
10.643
-8.8714
1.6655
18.361
12.945
29.037
