-38.491
-2.7836
-79.64
-39.893
-28.944
-25.164
-39.367
-22.007
16.341
41.954
-24.977
45.573
25.125
-1.0916
32.623
8.9217
9.2871
4.562
-21.182
-4.977
52.676
58.256
-0.15542
-5.6749
-9.6959
-4.2007
-13.901
-26.321
-45.28
26.901
28.646
43.05
17.944
-30.627
-7.8786
-28.6
-4.9841
-26.022
-13.092
-29.716
-1.2874
8.9142
3.0855
-18.159
-14.521
-4.1452
-3.9983
1.3555
-4.9726
-39.271
-21.15
-7.1006
46.873
45.309
33.837
66.973
41.127
20.314
24.937
-31.01
-16.428
-8.5852
-25.636
-20.83
-9.9735
10.057
-26.235
5.5691
29.689
-26.023
-23.837
-26.468
-14.625
-31.553
-24.594
19.446
15.906
0.7922
22.571
-3.681
36.379
38.152
9.8968
20.211
11.893
9.4505
23.965
11.478
-51.338
-45.666
-9.0029
-3.8344
-4.6451
3.7828
-36.116
-2.0395
-20.151
-1.7623
3.7137
-9.6661
-39.538
-6.0316
31.635
47.231
-18.172
-47.396
18.473
50.154
43.832
54.156
21.124
37.253
22.954
-29.02
-3.4867
-35.95
-32.198
-28.451
-41.138
-18.332
17.697
35.354
-47.811
-15.126
23.822
-3.0774
-12.638
16.253
23.027
1.4373
-15.637
-40.494
-6.1158
17.856
-16.689
-4.706
35.184
38.825
6.4062
29.416
12.76
-21.458
9.1903
-25.442
-10.533
-8.0156
0.60793
-0.49718
24.762
-0.20516
-42.398
-15.253
-35.24
-18.618
-3.391
-14.381
19.845
27.808
36.585
2.2907
11.275
16.916
39.273
23.436
30.566
40.739
15.157
-38.275
-26.098
-10.849
-16.833
NaN
NaN
NaN
NaN
NaN
NaN
-3.0418
-47.7
0.31064
3.1807
-3.7113
-0.6533
50.348
53.51
18.802
40.535
5.7269
26.044
21.6
27.199
-5.3019
-58.323
4.6801
34.095
2.7557
-15.817
5.1392
31.31
11.427
-20.366
-5.2129
-6.1471
-36.433
-20.789
-30.451
-15.264
-7.3105
19.285
-12.331
-24.695
-22.939
12.773
33.947
28.298
2.8731
11.752
40.414
52.06
9.6742
NaN
NaN
NaN
NaN
-21.093
-22.597
13.393
-21.353
-20.824
8.5999
2.7266
12.603
31.859
53.015
26.664
-27.195
-16.315
30.416
11.04
-5.4254
21.537
19.281
26.977
4.5607
9.8621
-82.672
-26.915
-7.8834
6.2218
11.406
12.854
-5.4892
0.21333
42.605
62.742
