-46.166
12.308
3.0382
47.418
60.565
-3.814
-22.799
-48.65
-14.362
6.121
49.377
66.181
22.388
16.946
4.0199
11.47
-74.752
-90.478
-7.1548
-18.862
10.537
-19.247
-22.256
-32.76
-19.09
-10.91
-12.109
15.14
-2.2699
-10.818
0.10549
19.19
19.939
43.431
68.044
58.617
-2.1819
18.901
13.411
-6.4381
-7.9693
-27.267
-34.013
7.7441
-17.665
1.3151
12.289
-8.0411
-11.152
-12.83
-15.522
-40.622
13.45
26.674
38.444
61.333
-15.678
-23.459
2.326
-10.702
-1.4375
-7.2784
-11.194
-8.3627
-58.349
-39.699
12.265
25.056
23.756
20.792
-8.6171
21.547
15.791
-38.645
3.6782
-57.771
-21.794
-21.891
34.751
31.667
-5.9339
16.484
26.135
12.423
44.141
-60.583
-36.744
21.372
44.667
18.129
24.679
-9.8293
0.51995
29.799
24.225
0.16349
15.536
-2.4926
-14.636
-31.72
14.527
-15.364
-43.506
-48.605
10.631
45.508
4.7801
-17.725
-47.697
NaN
NaN
NaN
NaN
NaN
NaN
NaN
NaN
NaN
30.558
72.38
81.279
105.03
81.781
53.251
33.253
14.44
-2.868
-57.726
-67.558
-16.555
1.7916
-69.845
-63.328
-50.013
-51.174
-24.391
3.847
31.321
42.163
70.031
38.01
38.365
4.3975
-13.618
-15.121
8.9393
0.14703
-25.677
-31.6
-3.65
32.029
-24.468
-16.979
0.53226
14.214
-0.14244
27.636
20.748
-3.9966
-12.787
11.694
-52.229
-14.708
-25.904
-43.014
-59.498
-5.5312
70.969
-3.893
-6.1792
30.55
43.896
23.531
0.10903
34.23
-3.7405
59.204
42.363
26.014
-1.3552
-27.316
-36.547
-37.516
-14.443
-42.785
-8.6418
6.5669
1.8182
-0.095482
-21.572
0.37055
-4.6203
0.89898
-10.522
-5.7267
41.902
12.276
-11.136
12.434
17.487
0.26308
-13.264
-16.181
-29.904
-9.4084
-3.5618
-0.45018
18.958
5.0229
16.299
20.281
-6.4686
-38.832
1.6742
44.2
-6.8518
-0.5643
-46.845
-37.117
-42.43
-36.507
15.812
37.605
72.796
59.387
64.795
71.406
11.803
1.5927
-52.288
-28.008
0.64631
21.744
14.379
-5.8848
14.579
-86.555
-90.636
-32.539
-69.857
-9.4442
5.1196
6.828
1.2817
23.502
18.973
17.325
-9.0656
-1.4985
28.891
35.203
33.848
-7.7156
8.2814
18.355
2.0985
20.44
21.009
-10.635
-18.792
5.624
-41.631
-39.149
2.8047
-41.349
-3.4979
36.504
55.398
17.065
5.8723
-34.329
-20.54
7.4252
-9.1295
-4.8208
-3.6226
20.878
42.815
26.811
10.98
-7.8694
-13.459
-19.332
-46.026
0.97248
-7.707
-16.821
-5.2697
-0.83444
1.5668
10.553
-4.1911
-9.3149
-9.2205
37.84
8.6018
-12.643
-28.604
-10.764
-11.281
-4.5952
36.836
-4.3145
-7.266
39.208
11.718
0.64025
6.3265
-18.278
4.989
-0.84145
-7.2902
