-126.54
63.125
45.022
65.082
36.892
45.528
1.6351
1.0073
9.0771
23.635
70.252
-18.734
-16.325
-18.804
-51.886
-51.285
-26.958
10.855
12.194
-3.9124
1.1438
-17.284
-8.1023
4.3076
-3.4214
-16.85
-26.156
26.095
-7.9421
12.744
10.176
-7.8583
-7.9739
36.659
-1.9406
7.4867
7.1327
5.7799
45.553
31.322
10.259
-15.081
-15.454
-39.291
-5.4045
32.175
-6.5667
-38.226
-14.274
24.266
10.645
-11.967
-9.8949
9.7006
-33.462
-47.932
-21.169
32.329
12.869
-21.531
-21.115
18.256
40.439
NaN
NaN
NaN
NaN
NaN
-14.901
12.017
29.357
13.953
-36.869
-67.352
-49.144
14.358
-17.008
-36.359
-41.706
-6.5363
35.653
37.928
36.25
25.402
15.468
23.6
19.684
9.335
-8.9839
-24.986
-1.8979
9.2232
-11.919
-11.079
-17.258
-42.472
-8.6599
2.2023
-3.1771
-0.94824
-26.811
13.785
13.172
-29.131
-24.907
60.605
2.03
14.69
38.304
7.4873
30.481
81.355
26.329
-3.9187
-39.257
-64.202
-29.962
-24.297
-49.136
-39.994
-0.95303
3.5831
10.017
-5.1545
0.87766
44.857
39.841
34.603
-8.7419
-11.651
-3.6297
-5.3378
-15.553
-30.656
-25.173
-3.218
36.807
36.987
17.579
11.976
17.943
11.789
-19.083
-6.2185
-30.991
-11.294
2.9035
-7.4728
-0.96612
-17.247
-18.881
-22.108
24.721
36.035
14.427
-8.4273
3.5281
-5.6877
7.2765
4.2478
-1.0564
15.642
-19.276
-55.52
-20.817
-21.385
-28.218
5.6097
57.79
41.235
24.251
36.164
56.024
30.407
22.291
-22.641
-35.404
-18.222
-36.01
-59.439
-20.695
16.207
-0.30786
-41.915
-5.6303
-30.875
-1.531
10.952
-10.257
-1.6861
15.197
2.1613
30.815
30.56
13.315
22.874
26.768
2.4097
22.37
7.0297
41.017
-4.1482
-18.675
2.0236
-6.0757
4.3463
-0.070454
-41.421
-47.558
-18.696
-58.492
-8.9743
-3.2766
-52.112
-34.721
12.693
65.048
61.792
40.443
64.613
14.481
-62.819
0.97093
-18.21
-6.9705
4.0496
-4.406
NaN
NaN
NaN
NaN
NaN
10.24
-69.922
26.054
28.22
1.8031
-39.74
-11.617
10.385
10.589
25.929
3.6509
10.822
8.6205
-1.7805
-23.684
-7.0484
8.7327
4.3834
-6.3329
-8.227
27.475
46.221
-13.938
-14.424
-17.46
-23.482
-40.521
-31.638
-5.4065
-24.727
13.815
47.398
5.6804
8.8602
23.662
34.434
43.783
50.314
-33.093
-50.038
-24.399
2.6766
3.7933
-21.578
-32.153
-31.702
8.3991
26.399
-17.205
-54.97
42.606
30.582
45.393
31.642
35.407
26.276
-6.3274
-21.495
-40.583
-23.79
-70.78
-51.627
2.5156
-10.522
5.5063
56.416
46.416
13.054
3.5382
8.1723
20.041
5.5419
31.657
-7.3394
-18.33
-26.488
5.5119
-2.5118
4.0289
-23.584
-21.685
-18.807
4.7546
4.6544
-1.6893
-15.51
-39.801
-3.9152
