-81.306
34.101
45.655
4.7504
-34.395
-21.754
-14.745
0.66556
6.9058
11.666
-49.373
-40.432
8.4751
11.811
17.981
-3.1227
4.5437
18.192
-3.4745
8.0958
4.1833
-22.155
-30.556
11.282
32.026
33.786
-2.4879
11.53
5.3649
-23.681
-14.723
-3.6864
16.541
9.5766
38.964
16.058
0.15061
-9.1407
8.062
-9.0903
-16.299
-46.356
-26.262
16.068
13.848
8.4397
1.6758
2.6538
12.421
10.082
26.976
-26.77
-29.818
1.1806
-2.531
-18.415
-29.438
-41.656
6.4094
-6.0779
8.8212
5.8524
6.0954
13.075
0.32012
6.7475
26.11
-6.3107
18.47
-2.7238
37.375
43.805
36.633
0.43143
-30.754
-1.7489
35.935
-18.043
-3.4067
-1.535
-13.896
-24.778
-32.79
-11.702
-9.9493
-16.916
-66.719
-25.674
-8.5263
-4.5264
26.818
9.6759
30.548
28.993
-4.0879
9.5655
1.2908
37.973
24.498
25.253
1.5102
10.489
-16.664
-13.665
-11.302
-11.103
25.228
-15.426
-29.442
-11.724
-8.225
10.392
19.886
-32.441
-9.5781
-31.489
6.7984
13.137
35.298
48.982
3.5967
25.13
-11.112
-26.669
-42.123
-4.9446
6.9309
-22.745
-33.8
9.5796
63.773
10.791
-19.876
18.348
9.0374
-13.595
-31.372
-42.921
-39.595
15.674
5.3133
20.122
62.56
39.536
30.735
-5.8209
11.06
-2.595
-23.851
3.0874
-32.037
-6.5791
-16.281
-0.15577
23.428
24.171
2.9554
-25.579
-15.237
-19.018
-11.913
-44.354
-17.12
-5.406
-49.904
-43.852
16.042
35.33
63.668
70.957
21.979
NaN
NaN
NaN
NaN
NaN
NaN
-7.0664
-18.986
33.424
16.76
-1.0551
-38.463
-34.395
-22.595
-46.994
-29.888
-20.717
-28.437
9.0968
3.1599
35.347
16.73
13.723
-28.859
0.74854
8.518
33.784
19.541
-6.7921
8.0209
11.477
25.963
-14.886
4.5399
-15.119
9.9964
-21.691
-18.87
-17.768
-2.495
-5.8113
12.43
20.928
23.594
11.615
6.9258
-36.871
-0.61341
32.925
NaN
NaN
NaN
NaN
11.729
-13.427
-22.491
-11.166
-10.356
8.1403
6.472
-18.049
-60.666
-18.566
-21.294
-35.92
-14.157
7.5893
-53.612
-4.1593
2.8344
36.195
85.355
80.346
79.045
17.573
25.83
-16.13
-38.42
-10.314
-13.464
3.3484
4.6518
-47.926
31.876
