NaN
NaN
NaN
NaN
NaN
NaN
NaN
NaN
NaN
15.609
-8.4119
12.873
38.228
89.258
70.077
55.385
33.21
43.575
7.0944
-38.477
-41
-39.772
-13.533
-31.955
-9.3647
-40.293
-24.984
-20.347
-31.442
1.1118
29.241
-8.6207
-6.6044
44.51
50.44
64
0.88518
-16.688
-27.777
-25.408
-35.456
-27.843
-52.76
-21.967
-20.957
-4.8868
-25.706
-19.549
-0.37362
-5.7477
32.059
23.832
45.599
17.972
49.152
80.554
29.338
40.221
59.227
9.2166
0.98598
NaN
NaN
NaN
NaN
-3.9904
7.8414
-72.202
-46.118
-20.912
60.28
40.817
-11.828
-41.565
-3.2106
-34.424
-23.68
-12.435
18.388
33.524
25.665
-2.7009
23.99
-16.28
42.1
39.835
8.2241
2.0559
-32.013
-2.4095
-14.289
-14.426
-25.863
15.381
-0.89276
-27.33
-5.3926
-12.331
5.3309
-1.1006
55.792
24.008
-22.005
-13.63
10.835
54.512
29.018
9.9419
-14.718
-53.004
-44.894
-59.242
-24.568
41.512
17.558
-22.34
2.0035
16.425
36.83
55.85
19.952
-32.201
-45.199
-66.878
-43.099
-1.6233
39.96
30.481
57.588
27.895
39.8
23.006
25.029
5.2137
3.5393
-34.93
-13.503
-31.152
-55.353
-25.874
14.498
1.578
-7.6322
-4.4514
-16.279
-43.578
-21.653
8.6196
-14.248
-29.838
9.0844
-2.9761
-16.619
20.703
51.817
49.24
49.897
91.751
72.614
-25.102
-99.939
-59.718
10.13
-31.74
6.7101
63.438
59.802
24.075
NaN
NaN
NaN
NaN
NaN
NaN
NaN
NaN
NaN
-55.588
-38.594
-16.158
-18.059
10.082
-26.856
6.1848
13.674
31.632
22.552
34.274
29.26
31.627
24.619
15.546
-5.6908
13.509
7.6888
-10.179
-7.9555
-7.2752
-25.212
-7.7518
2.4641
-1.1533
21.351
-4.8541
-16.214
5.5946
3.9535
NaN
NaN
NaN
NaN
NaN
NaN
-45.733
-27.517
-33.494
6.004
40.518
41.956
68.835
50.526
36.7
-2.2948
-8.2148
-37.863
-28.732
-21.646
-16.783
-53.495
-52.816
-39.338
-15.508
-3.6969
14.231
33.749
-3.2701
5
-6.1165
11.999
5.5996
-6.9298
51.146
0.54055
6.6536
38.773
39.514
25.864
-10.949
22.101
-9.7399
-4.5112
6.133
-16.837
1.6664
6.7022
-19.374
-16.568
0.7788
18.063
48.955
33.396
-19.976
26.425
-8.1312
-58.899
-91.763
-89.994
NaN
NaN
NaN
NaN
-10.727
29.923
27.33
33.01
21.632
4.4881
13.99
-2.0264
14.98
28.446
2.442
6.1254
27.317
43.313
41.492
22.106
31.534
38.574
21.448
-0.55546
-18.839
-34.448
-22.477
-14.788
-19.97
-26.127
1.8354
-24.079
16.336
11.609
-3.5801
-6.4197
-5.8751
-38.256
-53.204
