-56.93
24.14
34.196
-5.9993
7.4419
-23.309
-2.7442
3.6404
55.017
37.362
-22.472
-14.567
15.491
-21.453
-3.0351
-2.4359
-2.1558
-10.675
-54.018
1.2406
13.682
15.605
9.3631
2.9453
-12.555
-10.843
-22.272
-11.74
-44.175
11.492
39.151
9.2147
11.711
-34.299
-9.3166
-3.0798
28.551
12.014
16.561
-3.4411
-8.0619
-2.3528
18.268
17.426
-1.3439
-13.109
9.5044
-2.1493
6.4289
-0.58117
7.0602
17.012
23.342
32.58
-24.116
-27.791
-15.413
-15.103
16.445
0.70369
-12.543
-24.374
-4.3181
17.357
-16.604
-10.295
-0.96503
0.1563
-44.304
-23.519
-29.293
-23.172
22.042
11.776
20.07
14.857
44.638
25.861
19.177
21.823
0.81018
-5.5236
6.5352
3.3591
7.3527
15.774
13.014
24.708
5.3099
-14.152
-45.42
-32.491
-3.7033
-20.463
-49.161
-8.4292
6.8147
-14.059
-16.325
14.418
11
56.229
10.183
5.5847
9.0301
-0.19475
24.88
11.096
-2.3754
-11.835
-36.211
-46.502
-6.4932
-12.285
12.175
-19.97
3.4964
-1.2009
2.2836
19.197
3.4427
6.0423
3.2938
24.528
8.4285
20.548
14.13
5.2051
2.063
10.902
17.705
-3.2937
-25.367
-0.18136
-12.087
14.203
9.2678
0.48282
-0.66951
25.365
-9.7873
-52.019
-41.668
-41.158
-44.463
-22.384
18.143
23.528
16.163
-6.5434
0.17617
20.313
7.4108
6.1568
10.846
11.946
3.0095
24.546
25.649
-14.946
11.282
7.1085
17.934
21.091
5.5218
-2.1433
18.237
-15.968
-17.935
-7.3062
-19.093
NaN
NaN
NaN
NaN
NaN
NaN
18.908
12.102
35.925
-18.083
-3.2718
-8.8928
28.204
21.152
-46.506
-18.471
1.2702
-2.0832
2.3372
4.1215
39.299
21.294
21.698
10.714
-15.565
1.9505
16.039
-1.7291
-10.099
23.799
10.958
-4.1156
-20.136
-24.054
-17.699
-17.311
-2.3025
-3.9652
-23.642
-36.11
-1.0703
22.901
32.307
14.011
-6.1973
-4.5591
2.9984
-6.583
12.701
NaN
NaN
NaN
NaN
-14.191
-6.9002
1.7069
11.47
4.7824
12.581
5.1612
-31.384
-24.238
-1.9448
27.611
4.9211
16.657
19.492
15.849
20.384
19.299
-32.6
-14.786
-44.797
-21.451
-24.935
23.205
-33.323
-24.327
-25.587
-21.584
20.626
22.605
45.961
52.27
