-112.95
20.246
18.704
35.225
16.719
48.793
33.879
30.353
51.276
0.7057
22.97
-19.714
55.074
-39.386
-21.719
-24.528
-22.55
-6.5079
-10.35
3.518
-10.516
3.31
-1.5119
12.34
17.334
10.431
-19.634
3.4614
22.386
9.4647
-13.533
-26.09
-33.702
-1.8337
-29.261
-5.9708
-10.161
-28.598
-3.9745
30.823
5.6633
5.8744
10.668
-4.5506
2.583
19.895
11.425
-22.825
2.8989
12.259
-1.3832
-6.4952
31.6
42.704
12.068
-9.6499
-10.658
14.624
11.742
10.34
1.6147
15.556
11.76
NaN
NaN
NaN
NaN
NaN
-87.857
39.937
14.891
25.141
1.1648
-24.799
-42.155
13.397
-1.1438
-6.9408
-0.78621
51.404
30.854
29.882
9.1396
4.6568
-1.8717
-16.625
-11.175
-9.106
-0.73496
-36.207
-0.84863
-1.448
-1.703
-3.6925
2.0652
13.205
7.7276
-6.4991
8.9793
8.8749
-18.001
-2.6836
22.167
-12.324
10.971
11.016
7.5363
18.093
-29.407
1.6716
34.999
37.017
-7.3583
-0.60183
29.373
-19.883
-22.349
22.62
-10.033
-20.208
-35.832
-38.456
-41.306
-45.963
-20.318
0.43306
-31.746
22.941
-0.43568
35.715
25.029
-9.043
49.479
11.941
31.012
15.435
10.675
42.062
-2.965
0.090844
-7.0265
10.114
21.452
22.894
-37.086
13.825
-18.718
-24.752
1.0944
-33.144
-4.7933
4.8937
-33.359
-16.793
-28.955
-14.782
-19.728
-17.013
-1.0977
-1.015
41.573
32.247
9.9549
6.2478
14.314
39.657
-18.881
-21.268
23.597
3.3974
-1.9499
1.8045
0.83239
17.372
45.111
12.264
-10.096
23.568
-17.807
-63.827
-49.237
-24.596
-29.519
-19.273
29.099
6.1673
-12.323
29.666
35.612
25.971
21.373
-7.7397
18.364
-2.1259
-8.0124
-28.73
-7.4865
-17.346
-5.3116
-5.3461
15.199
-3.4157
-11.646
0.69421
10.251
9.8686
-7.4598
-30.493
3.7706
27.09
-15.589
-8.635
3.0513
6.7057
26.731
16.213
7.0177
2.3034
-9.3268
51.598
41.497
5.4181
23.555
-14.503
-10.337
-34.97
-33.034
NaN
NaN
NaN
NaN
NaN
-54.296
-94.519
9.9161
14.36
24.383
16.39
32.798
59.098
51.523
44.515
7.5799
27.375
-1.8243
5.7683
-8.8273
13.171
8.3056
-3.5931
-34.559
-11.594
20.164
26.763
-43.051
-45.666
1.2088
-2.6268
-11.611
-3.9044
9.7237
-7.2788
-0.31524
20.02
-0.38796
-12.635
-0.14065
1.5328
-10.751
-32.494
1.2565
53.717
20.974
17.093
-16.442
-2.3693
-35.128
-48.239
-9.2443
-8.6862
-70.562
-31.081
48.89
11.736
57.616
48.47
31.949
49.544
34.214
-13.615
-2.5944
16.386
-29.463
-10.342
8.9997
-15.755
-10.62
7.3485
-12.288
-20.746
-14.908
-1.9503
-11.657
-10.274
11.283
-13.687
9.9133
7.3427
11.178
-7.5822
4.0036
-5.4863
0.95788
1.3999
1.813
-0.56723
7.611
-42.204
-44.842
6.9022
