-50.268
76.465
54.2
25.63
5.5787
50.269
-25.545
-36.351
-9.7219
-34.448
63.745
33.763
14.439
-44.162
-4.4426
-59.357
-17.881
38.775
-4.251
-11.044
-22.428
-47.189
15.517
9.2542
-26.914
-30.782
-58.741
23.422
-0.18164
9.8752
43.265
16.27
2.6689
14.048
1.0976
25.981
15.534
-3.313
25.003
4.2095
11.274
-0.57135
-14.296
-16.029
-5.5941
-5.2778
23.504
14.51
-9.0396
48.682
39.454
-12.531
-2.5397
-4.6852
-42.492
-55.091
-56.416
-23.369
16.332
-55.98
8.2734
29.61
-19.507
NaN
NaN
NaN
NaN
NaN
28.859
23.458
22.533
32.346
25.614
-0.84535
-10.858
-11.988
-61.604
-49.658
-48.755
-12.814
3.7791
25.622
40.44
16.939
10.612
5.9064
-0.13948
1.2438
-1.461
1.671
-11.422
4.5436
18.718
5.2631
-3.1736
2.7737
-1.1382
18.488
1.6692
5.1212
-17.893
18.293
1.2173
-24.571
2.5691
54.025
13.002
-34.244
-54.514
-38.096
-56.152
-42.028
-30.598
29.959
16.675
18.007
48.009
6.9097
-23.905
-2.6907
3.5452
63.649
113.62
52.59
-28.965
-17.881
-4.4906
31.798
-25.094
-28.384
-10.218
-8.631
-26.918
-74.018
-71.464
4.6147
35.86
12.069
19.564
12.817
-2.9111
9.7698
-14.599
-22.529
-21.458
-13.902
0.42402
9.3602
-5.7783
-2.7536
-11.384
-19.641
20.043
38.848
42.238
27.979
3.4665
22.531
52.25
41.283
34.597
29.207
5.4097
-10.186
-22.875
-10.559
-25.145
-53.085
-20.655
-37.71
-48.761
-49.838
-38.483
-0.32576
8.5824
11.446
-6.3581
-50.864
-19.529
12.81
40.855
42.915
-24.648
2.3112
-11.541
-3.2381
23.099
29.84
12.179
49.01
9.6603
2.7977
17.83
31.287
31.103
9.5926
-7.0984
-0.57422
10.573
4.1687
29.058
-1.6867
-0.91256
-4.1124
-12.463
3.779
8.3829
-26.986
-35.188
-14.35
-40.953
-30.641
-18.142
-19.438
-18.882
-53.394
-38.255
-7.8812
-38.072
-54.497
-7.9215
-89.121
58.412
71.361
46.999
80.431
76.658
NaN
NaN
NaN
NaN
NaN
-2.6324
-22.951
58.241
65.716
42.997
-17.522
-48.104
-41.928
-27.901
-14.105
1.4176
-41.049
6.6089
-5.0298
-41.571
-13.132
10.689
1.4084
-16.479
-31.671
-37.834
-19.435
-15.609
-17.463
-7.4781
5.8656
-9.8164
-8.3251
17.059
-1.8451
11.889
27.353
16.802
26.545
7.4948
30.275
51.689
86.804
26.692
-19.794
-14.676
-0.1432
-14.716
37.823
10.274
-25.435
-19.539
-37.766
-26.85
-25.43
24.959
-19.166
-36.854
-49.129
-45.973
-30.101
6.5337
55.258
70.332
45.55
-35.461
4.854
25.262
-9.0507
-7.583
3.3901
8.2812
-2.4471
5.3818
2.9431
2.5734
-21.224
-19.325
-6.434
-7.7982
-30.463
-3.9091
17.873
21.066
-0.04152
-15.968
-7.7612
-5.6663
-8.9606
1.9014
26.77
-1.2386
-15.63
