NaN
NaN
NaN
NaN
NaN
NaN
NaN
NaN
NaN
60.58
33.807
30.945
39.98
20.844
27.542
30.298
-3.5504
-6.9324
-0.93625
-38.762
-50.901
-42.301
-9.2412
-40.653
-36.536
-42.394
-7.4393
21.933
-5.2348
12.132
38.2
17.973
13.983
29.71
30.453
20.408
-10.416
-2.5546
-24.198
-7.7813
-6.2117
-17.389
-12.258
-7.7922
-0.41371
-7.2812
8.5715
16.384
24.85
38.072
52.475
23.698
-8.018
-50.477
-24.039
-26.03
-28.845
-13.101
22.114
-7.5686
-23.564
NaN
NaN
NaN
NaN
22.2
14.103
-18.294
-14.698
-31.258
-3.4784
-26.947
-28.637
-56.579
-37.908
-49.404
-31.385
1.3558
40.952
56.952
76.41
39.474
33.067
-0.57909
20.855
14.16
2.6883
26.095
-1.9059
-9.8677
-24.52
22.063
-14.322
6.9159
22.703
22.105
0.36689
-8.5403
0.12776
-40.713
-36.33
-55.208
-37.274
-34.089
8.8559
40.931
24.278
-24.48
-28.866
-58.658
-31.281
-14.915
28.861
56.9
53.163
8.353
2.0314
29.911
36.044
-9.799
-47.668
-2.7235
10.152
19.629
19.135
16.109
13.297
-5.6465
-8.1262
-26.452
2.8803
1.7477
37.734
34.581
12.77
-4.9595
-4.3337
-7.6123
-32.889
-8.0179
13.816
-14.308
-22.068
-22.93
-9.1995
-20.147
-20.87
-14.159
-13.714
-13.911
-19.066
-12.281
-0.07485
6.5016
-3.8528
-19.316
-9.5161
23.745
29.68
42.918
12.039
-8.223
94.121
-25.116
60.336
45.863
40.025
-5.1402
NaN
NaN
NaN
NaN
NaN
NaN
NaN
NaN
NaN
-34.151
-10.542
27.904
-29.56
-35.742
-38.481
6.3307
15.27
38.237
24.432
17.649
19.38
15.97
12.654
-7.7015
4.4338
3.2466
-9.2322
-23.241
-24.414
-9.6932
7.1379
5.6177
0.12628
-22.472
6.995
37.415
21.21
50.05
25.077
NaN
NaN
NaN
NaN
NaN
NaN
-27.463
-35.66
-43.364
-44.189
7.0678
0.19284
2.9747
14.223
5.3251
-6.1907
6.5735
-39.844
-17.992
-2.666
4.677
9.3035
22.917
43.907
17.283
3.7144
14.199
40.065
17.106
-11.519
-13.154
7.5814
-4.5848
-21.592
-0.9371
-26.092
-20.811
0.25179
7.2197
-7.3363
2.9956
-16.757
-44.819
-31.029
-24.486
13.957
10.259
-0.55092
-2.8559
38.464
37.338
27.905
16.922
-8.7413
-20.725
23.814
36.349
21.301
3.7609
5.0009
NaN
NaN
NaN
NaN
-60.247
-36.805
-15.33
-3.1808
4.9943
-14.839
-27.53
-34.867
10.31
0.29187
-39.497
-30.768
3.0088
39.584
63.61
34.485
40.186
46.481
-7.5123
17.864
-32.246
-60.608
-32.622
5.2286
16.603
28.588
30.902
1.4214
15.707
18.923
7.594
24.479
17.572
-0.66707
-3.0546
