-91.585
36.707
49.24
19.003
-67.368
-46.525
-19.251
-54.23
-47.401
-57.04
-73.176
-74.073
0.21283
25.344
35.006
10.134
7.6445
47.074
35.667
30.612
0.99274
-25.151
-17.726
34.943
42.535
40.962
16.246
28.149
21.207
-2.9268
-17.975
-42.629
-48.761
-28.624
-25.84
-9.0802
13.194
17.01
18.333
28.162
37.344
1.4386
-23.019
17.736
35.639
23.957
-21.784
-26.95
-0.48576
31.412
30.39
-11.204
-50.978
-43.748
-46.478
-51.771
-45.185
-47.729
-48.248
-5.4649
26.918
17.001
50.235
47.665
39.752
10.217
35.464
15.41
4.6854
8.8989
35.312
28.62
62.734
34.674
24.502
-22.012
-21.307
-45.693
-42.475
-20.067
-36.273
-45.987
-27.115
-23.318
-8.7345
-8.3513
-38.727
0.58478
32.59
34.23
22.055
15.878
-20.043
-9.1946
11.906
0.3491
-3.4978
44.468
38.164
16.229
24.544
12.524
-40.639
-3.3207
24.423
-2.9688
-11.129
-12.103
-10.099
-31.424
-51.912
-36.852
-13.75
-7.8334
11.612
9.5763
23.785
17.277
26.638
27.002
6.9064
13.439
35.56
-10.171
-24.872
18.992
-12.771
-43.098
-48.659
21.034
64.911
35.031
-13.886
-8.9442
19.022
-0.48083
-37.157
-46.301
-56.581
-40.245
-14.813
20.915
50.788
54.277
58.265
-17.358
-10.525
6.3404
-2.0673
13.811
12.362
-31.039
-0.63484
14.44
7.1912
16.951
1.2701
-28.036
-43.252
-21.577
0.2043
-31.598
-32.111
-14.084
-29.783
-57.059
-0.50958
57.741
73.079
72.188
26.469
NaN
NaN
NaN
NaN
NaN
NaN
-9.5655
-11.973
-1.6323
-32.222
8.4331
-14.955
-63.336
-31.868
-5.5869
-7.7742
5.2931
8.052
2.0506
-14.828
-12.383
30.146
-17.247
-61.848
-31.629
-7.8599
27.462
-23.19
-7.0495
14.662
15.864
45.96
7.351
17.713
27.32
46.82
47.413
7.2837
12.288
7.7287
-6.6958
-14.159
-42.381
-16.369
-8.2003
32.768
-10.153
-24.432
-12.626
NaN
NaN
NaN
NaN
26.489
-8.1392
-43.093
-10.097
6.6632
-24.021
-17.402
-24.543
-21.955
-41.918
-37.772
5.9908
10.74
7.1335
-24.59
1.1352
5.3476
-27.537
23.033
42.326
47.032
66.289
60.873
-1.3502
-32.372
-4.9417
13.514
50.469
48.208
4.8457
47.983
