-9.3502
-0.53182
-32.471
-3.1432
-10.456
-8.1229
6.4162
-13.687
11.288
15.255
9.1271
8.4223
-7.958
14.263
14.787
32.114
14.271
43.388
53.465
-1.2129
9.8839
-20.062
-24.59
-24.31
-8.6633
2.5527
6.7712
13.068
-16.711
-45.503
-21.567
-10.096
-8.6024
-7.6524
23.63
30.781
-31.707
-32.838
-23.576
-17.962
24.811
16.912
-16.383
-11.225
-1.0329
-3.503
-33.565
-12.602
10.528
24.143
27.136
-8.641
7.4326
14.308
2.4291
19.617
17.812
2.3373
-3.2345
15.022
49.193
18.552
30.204
20.241
-22.068
11.122
4.4639
18.275
-40.292
-45.949
0.25742
3.3479
11.832
5.4779
-20.937
-20.87
-1.6527
-18.116
-1.2534
-18.331
-41.679
-46.679
-42.441
-16.454
11.608
-16.819
-1.4217
19.613
22.616
10.08
6.9007
12.621
22.825
37.085
23.296
20.558
3.466
-6.6046
11.828
-0.65971
11.378
2.8568
20.069
20.292
10.511
1.2501
4.5999
10.385
17.967
NaN
NaN
NaN
NaN
NaN
NaN
NaN
NaN
NaN
-33.356
29.697
36.934
1.1216
-3.7594
13.637
-2.7295
-15.858
12.459
27.564
14.448
6.727
14.101
2.5182
-7.0497
7.9925
-4.1027
-3.3958
-6.7719
-14.291
-9.9625
-4.0483
-30.01
-4.9298
-36.263
1.6553
-11.766
-4.2258
-10.503
14.776
24.066
28.303
26.577
11.699
21.162
7.0772
15.401
20.378
17.969
6.4451
8.8839
14.096
14.735
-4.413
18.632
18.672
-0.91929
-21.516
-25.236
-12.47
-44.666
-39.58
-32.26
-14.733
-15.776
-31.048
7.0461
3.4172
-7.6686
-36.728
-32.079
-25.335
-28.321
-9.265
0.76585
10.219
19.312
28.976
56.35
67.072
60.075
32.077
3.7572
3.2807
5.2038
0.30004
1.9709
35.097
21.859
-12.269
-13.582
11.607
-13.402
10.23
21.758
-9.1437
0.37335
-13.139
-26.708
-15.463
-11.923
16.169
6.7488
-8.8303
-51.707
-64.097
-51.306
-51.094
-26.451
-8.4342
-21.486
5.6071
20.719
-8.0715
-22.751
-7.2763
-3.2465
36.511
67.739
29.463
40.012
47.74
31.409
24.204
22.849
20.527
-10.491
20.991
13.037
7.5081
2.7627
12.854
27.719
-21.387
-31.636
-22.703
-17.117
-24.095
-5.9719
-35.204
-21.815
1.7657
-8.3287
-32.519
-31.905
-8.8171
-3.1883
2.1314
-8.3645
-7.8799
2.1694
17.435
21.606
-7.7491
-7.9282
13.126
2.9106
-6.0752
-23.857
25.746
32.468
11.989
22.191
18.837
10.831
-17.834
-20.309
-11.36
11.996
4.3591
-7.726
-4.0048
-5.9994
19.714
12.642
0.97223
7.6
28.316
49.223
6.5905
-25.874
-19.577
-8.0364
13.986
5.5335
-31.765
-7.8855
-15.135
-31.373
-39.505
-8.1186
19.985
-9.3923
-15.913
2.8585
0.74169
12.314
2.8583
18.607
16.795
4.292
16.921
-7.651
-16.623
