-14.771
26.702
12.805
38.931
44.167
21.376
28.647
-26.44
-66.077
-40.741
-17.631
22.388
-7.832
-42.099
-43.802
-37.081
-28.224
-6.2023
36.75
30.934
19.182
-3.7609
41.169
51.63
43.395
-13.618
-7.5645
7.6355
17.562
29.735
-21.327
-52.291
-23.48
-4.5756
5.7247
-9.9694
4.0052
-0.19971
-6.7512
8.2681
-19.357
-12.767
-6.9007
-6.1715
-15.3
-4.1293
1.7895
-29.433
-4.0371
-12.329
11.073
-2.8297
15.048
22.682
41.311
60.968
56.276
9.1659
-30.825
-25.286
-3.3832
12.394
6.515
-2.9139
-37.951
3.0205
35.997
32.893
-4.5837
-8.0075
-45.959
-34.077
-45.52
-10.291
13.309
17.588
11.296
-26.72
-39.325
-23.559
-0.58864
7.6103
19.179
32.222
-7.5565
-15.894
8.6359
9.6652
18.131
-14.875
-27.809
3.3755
27.006
44.842
8.8926
-15.834
17.58
21.299
23.59
24.236
0.89137
-21.155
-2.1678
-23.856
-37.881
5.9165
-9.9011
-34.818
5.012
39.298
11.869
-14.943
1.908
-4.2886
-8.2614
-5.8041
5.759
11.321
23.771
20.24
9.5509
-31.008
-47.96
-20.851
-3.0863
3.3989
0.093251
15.335
5.5546
13.632
10.48
-14.896
-47.093
-15.408
5.64
9.4874
-0.7247
10.944
22.943
32.708
-11.351
-11.119
-22.583
13.425
15.966
22.124
31.537
1.6201
-21.537
-20.042
2.8618
13.077
-8.7746
-12.083
-4.0949
-7.0074
-17.724
14.064
23.589
1.3148
15.625
26.776
-7.993
-0.37641
18.744
-21.74
-67.12
-16.906
34.111
17.143
19.964
-2.1528
-13.287
-19.228
-29.412
-9.2581
12.183
7.8483
-22.003
-36.726
3.2042
24.966
40.423
9.0073
-6.2916
-3.8686
4.8281
21.452
1.2716
-7.4355
13.476
-3.1698
-21.19
-19.562
-29.406
-25.742
-22.289
-10.748
-10.033
26.49
41.263
49.061
26.524
23.299
45.71
26.213
18.281
1.4415
-7.5458
-8.3756
-19.215
7.5295
-8.4796
-68.249
-60.006
-8.9088
-17.713
4.6312
19.886
20.36
18.922
20.449
-12.652
-30.405
-10.726
-23.633
-47.359
-21.866
15.481
14.245
2.9262
-8.387
2.6745
9.5603
17.875
-0.34734
-5.7788
26.973
34.395
9.7336
2.4372
5.9582
42.534
35.479
33.613
19.356
-15.841
-78.374
-14.866
-13.78
2.4855
26.381
12.47
-14.326
-2.1286
-8.8446
-24.526
-25.199
-2.7215
-11.599
-5.0163
-14.254
-15.581
-7.4442
6.8225
7.5406
-12.116
2.947
13.584
29.184
24.87
22.518
21.904
-17.63
-24.441
6.7547
30.696
17.135
-19.932
-21.341
-29.199
-19.85
-6.7456
9.6449
19.793
-4.7858
-10.73
-12.396
18.129
5.1937
-12.941
-5.2293
25.717
6.6035
-21.246
-9.1467
7.8113
8.7125
-5.6926
7.4331
