-30.735
0.2781
-5.8517
11.073
15.274
-4.5024
1.243
8.343
27.099
-13.957
-9.6062
0.34478
-4.5843
-6.5248
-26.014
0.45099
-16.52
10.22
16.333
19.524
14.604
14.475
-1.0644
-9.6871
-9.3212
-13.504
-10.988
-2.3112
-9.9021
-7.1996
17.49
13.624
20.342
-6.2138
-16.257
-3.6629
-2.7766
7.4275
4.007
21.686
-2.6465
23.068
1.2737
-4.7628
-29.498
-24.048
-22.907
6.4064
-13.327
15.028
-10.756
11.468
-6.4423
-2.8821
24.878
3.69
4.3125
-12.115
13.402
31.325
10.278
-1.6334
-10.134
-8.5515
7.0947
10.648
-22.061
-9.9148
2.4088
-6.4625
14.162
1.8761
0.94791
-20.801
-19.874
4.4166
18.277
-29.447
-12.805
-22.631
5.1081
27.1
21.186
7.9193
-2.8383
6.1953
-14.353
8.0442
19.761
7.6327
16.026
-5.4275
-7.693
10.849
-8.5573
-19.919
5.1304
12.897
1.8601
2.3682
-2.3164
-14.113
-21.784
-4.2619
-5.7514
-16.141
-2.3011
-5.2477
-9.0111
15.763
-4.4545
6.2898
29.156
15.563
-8.5437
4.8376
-4.7537
30.018
4.5509
2.3178
13.887
10.884
-37.812
-39.902
-8.0239
-11.169
15.654
3.271
11.701
-11.117
-0.80589
4.3954
15.165
-11.95
16.555
20.21
-4.8484
-3.5367
-26.468
-8.0542
6.5658
19.436
-16.705
-5.0996
-6.2521
-0.75897
14.375
-2.175
-6.6461
-12.961
-2.7891
15.068
0.33659
1.2078
-8.3926
24.477
9.4184
-5.5162
-11.159
-11.927
21.729
27.723
12.868
-1.1735
-14.44
11.037
-16.327
-11.921
4.8139
-35.096
8.016
-19.075
-10.271
-26.504
10.29
7.2064
5.3003
-5.9883
21.314
23.501
-11.567
3.8538
-2.0798
5.985
18.802
13.565
22.755
14.313
1.5215
-6.5703
-36.876
-29.905
-8.6358
-7.5796
-1.735
-7.9565
10.201
-10.084
-0.94769
13.306
18.316
8.49
1.9909
-4.5182
10.328
-0.63126
0.61669
-18.059
12.746
7.0285
-7.2421
-17.817
10.593
-3.4835
5.2305
-7.7334
3.6011
-1.8661
-5.5174
24.259
-11.414
-9.727
-12.894
8.1838
-15.194
-14.049
-11.402
17.216
21.934
20.453
-6.4402
-0.88751
-13.973
8.3517
27.262
5.4044
4.2106
-5.5538
-8.2907
6.091
12.914
2.4235
-8.4226
-10.322
-17.679
5.0801
-9.0871
-5.7942
-22.27
-14.377
8.5955
9.6974
-19.945
-19.767
15.317
14.415
-8.0084
3.9223
15.626
20.167
24.461
6.4329
25.801
-2.4046
-11.574
-14.665
-9.2604
3.6316
-15.614
1.3995
18.655
7.4562
-6.3216
-22.093
-22.188
-13.121
-11.949
-2.7439
26.125
11.056
-2.967
12.221
-8.5223
1.3444
13.844
13.262
-8.9424
-10.911
-5.5792
2.0274
-1.2472
-10.03
-0.47352
-9.5698
20.431
5.5933
11.392
8.0416
13.63
-7.057
-16.598
