-43.881
59.629
15.42
-18.892
-66.228
-46.13
-37.282
-23.56
27.116
16.223
-30.275
-35.026
-12.881
-12.116
-10.901
5.6957
-7.8036
-29.388
12.844
21.564
-24.136
-14.426
45.583
69.389
54.716
52.744
61.431
57.932
53.429
63.253
2.5899
-1.7425
-19.027
-34.704
-36.43
-52.607
-27.544
-45.816
-70.24
-74.298
-48.479
-36.229
-28.476
12.435
25.299
26.786
17.384
12.177
11.554
15.201
7.4778
-16.084
-9.1608
2.7656
27.55
NaN
NaN
NaN
NaN
-12.196
0.99764
24.607
-13.589
-17.526
-7.1934
-12.675
2.2879
2.4706
18.979
-22.061
-16.041
2.1807
-15.346
-23.343
18.203
-25.552
-10.72
8.9076
-1.589
-7.4293
35.927
84.916
75.198
21.852
-23.381
-20.555
-40.043
-29.188
-17.428
10.986
14.941
-23.582
11.135
0.62314
-10.891
-28.429
-33.496
-45.819
-36.936
-23.407
-5.0189
-22.339
8.2491
44.281
2.6558
-2.589
-8.992
17.633
27.569
50.478
20.528
72.855
61.879
-0.48095
-41.655
-28.679
15.256
-3.8684
-39.663
-28.542
15.555
0.43423
-6.0138
-18.282
16.522
30.303
12.936
21.557
18.539
-27.763
-26.879
1.9905
20.21
20.371
9.2462
-28.701
-62.695
-43.135
-45.641
-32.405
5.2833
24.266
-28.036
0.13813
20.912
47.92
17.82
-20.457
3.7272
7.4356
0.42991
-18.933
-14.215
-3.5705
9.8074
31.625
33.006
31.887
8.9429
13.012
30.894
30.298
25.506
12.837
-1.0605
-7.1452
-66.57
-51.268
-18.629
-9.4338
-31.69
-28.283
-20.645
7.2775
33.49
31.999
18.924
6.3657
-47.012
-10.728
28.411
26.004
23.174
5.7214
-1.2246
18.563
24.809
-13.2
-19.198
-25.72
-52.289
-36.714
10.979
-19.085
-17.244
-20.21
17.786
39.279
3.1561
-16.851
-8.2614
26.428
10.947
3.9041
-13.117
11.839
22.58
29.038
2.6893
17.954
13.753
-4.7481
18.572
32.217
15.529
16.589
-2.464
-20.528
-15.838
-21.979
-31.498
-28.405
-6.339
2.0118
-11.021
-6.9293
-5.7751
-32.236
-19.469
-11.614
28.857
11.847
0.79368
-4.4861
8.4734
23.964
23.981
14.012
-7.7312
2.1682
-22.364
0.22046
-26.155
-25.843
-19.108
-32.424
-12.635
24.886
17.58
31.161
38.351
21.742
8.0187
8.3745
20.5
30.51
30.652
-4.8257
-17.647
-39.673
-29.767
-2.9964
12.157
13.449
-8.5445
13.069
-13.273
-13.895
-13.545
14.559
48.211
9.4476
-26.083
-65.769
-36.703
-24.912
-22.346
-11.376
54.476
39.358
-18.028
-9.609
-14.177
-24.355
8.1139
20.76
26.54
53.85
21.808
-15.002
14.625
22.05
-25.714
-65.513
-46.975
1.6019
26.226
25.9
16.023
-1.6159
-16.439
-17.313
-0.28771
31.378
6.3151
1.962
14.944
6.7449
-15.84
-5.0988
5.5016
0.56953
-2.326
2.7291
19.495
14.399
1.0393
4.1593
3.3839
-12.941
11.801
27.035
