-41.701
17.721
55.153
-2.5913
-28.263
-5.004
0.058068
-17.905
-13.041
11.32
-0.71184
5.6639
-11.681
2.6272
25.694
9.0808
1.5327
-10.502
-20.139
-16.442
-10.169
5.0475
0.92913
-12.846
-9.6458
-7.2275
7.2764
-13.925
-12.157
18.071
3.6796
-9.2543
2.1496
22.19
-0.59721
8.2047
19.587
18.646
26.579
-1.38
20.982
11.974
7.9858
20.352
21.514
33.045
5.7902
-5.9626
-8.2811
4.8268
-6.0465
7.3513
-17.43
-58.788
-55.872
-48.366
-35.335
-3.6581
15.238
15.885
4.6874
-1.3052
1.143
11.67
-4.6245
-32.71
-16.757
-0.32869
23.129
-7.1882
-0.14313
27.236
40.956
43.036
6.3548
-6.0387
-12.716
14.684
-13.879
-6.6672
-20.618
-23.742
-6.2515
-33.423
9.8991
42.289
19.976
-4.8301
-33.007
-8.3397
13.201
12.396
6.969
-14.472
0.49487
24.707
28.058
17.153
16.145
15.831
-4.301
31.666
41.671
8.2538
-30.585
-59.832
-66.689
-9.3592
0.22087
0.90825
7.8424
16.338
4.7559
2.8528
-10.497
-12.3
0.64177
-12.086
-7.4345
-36.766
-32.183
-3.6961
20.087
30.697
-2.1136
-21.548
-30.359
-8.0649
22.622
-6.2425
1.5297
0.065566
22.847
19.558
-7.2626
-9.2973
10.275
33.407
15.076
9.6911
7.6591
32.353
41.374
13.987
-8.2182
4.6068
-3.7664
3.0899
-0.92128
3.383
2.2887
-1.0356
-26.757
-50.569
-39.111
17.278
19.507
1.6679
-30.681
-8.9724
3.7516
12.607
32.261
10.465
-13.272
-19.825
-14.053
-13.793
4.6681
-28.364
-24.238
-13.276
-10.583
-8.5647
-0.57166
-14.236
-34.62
-11.469
14.895
41.437
32.223
15.55
20.113
20.353
-12.231
-21.356
-2.5518
4.412
14.435
27.204
12.295
8.6327
8.7857
27.259
49.601
38.086
47.046
48.29
4.9917
-37.768
-66.529
-45.417
-25.039
-22.565
-27.286
2.6651
16.248
0.70398
-25.311
-18.275
8.969
0.74816
-9.8309
7.6478
-9.3222
-57.457
-22.988
-21.002
-35.966
-28.922
-20.476
-0.71377
0.49581
1.6115
24.258
32.612
28.281
41.437
38.773
39.58
25.159
43.085
26.005
34.457
-2.4552
-25.618
-34.686
-33.504
-24.634
0.11209
6.0758
20.049
2.9057
-9.4626
-23.563
7.5387
18.492
50.017
-20.686
-14.31
5.0059
-12.721
-8.8921
-19.5
-8.6568
-26.705
-2.9441
-7.7833
-11.902
-1.2509
16.129
31.314
23.717
5.4532
0.047077
-0.50818
2.272
-34.858
-52.772
-31.184
-10.146
-16.549
3.6011
-10.843
22.085
-0.63454
-33.823
8.7369
27.255
5.652
-0.98284
11.998
32.228
31.117
13.594
16.037
22.809
17.864
24.26
8.9102
9.1801
17.675
-9.0555
-3.2218
5.9004
-0.43071
-10.27
-45.258
-31.32
-22.887
