-12.596
23.84
24.661
-11.829
-16.08
2.6654
-16.245
5.681
12.902
7.4346
-8.4817
-15.433
-18.183
-9.5925
-6.5177
-11.628
-7.8461
-2.1893
-11.736
6.3277
6.3101
4.4526
-11.755
-10.264
0.63381
2.4229
5.0009
11.997
13.974
17.813
-14.922
-1.8562
-7.6903
-12.549
10.49
21.758
27.548
-2.6315
1.0082
-1.7323
-12.465
-22.875
13.08
17.72
4.2085
24.432
12.613
2.3606
-6.2974
-18.698
-18.512
-26.23
8.4253
29.341
-20.735
-38.433
-12.566
8.5864
-14.488
6.1964
22.317
24.566
24.455
-6.8055
-28.102
-33.363
-24.439
4.3154
9.3223
0.050823
-17.599
-6.3506
4.7772
19.79
19.591
25.385
25.794
11.71
-8.3421
0.78347
17.032
9.7592
12.622
-13.416
-12.038
4.6365
13.431
-26.018
-19.533
4.5577
6.2492
9.7123
-12.711
-22.215
-5.5891
-0.50761
-1.7648
-9.9928
13.43
-11.306
-21.736
-30.489
-18.908
-9.6695
-4.0515
8.3833
16.24
17.235
26.884
39.874
19.472
-27.148
10.27
37.672
30.887
16.827
2.5262
-22.173
-22.631
-10.572
-6.087
-13.819
-16.929
-15.253
-3.4226
-10.259
-11.43
-22.936
-17.827
-5.752
21.059
35.017
39.167
12.1
0.8455
-23.477
-15.859
-14.51
2.3827
-1.0401
32.828
23.433
-1.9252
-9.6992
-0.15979
-1.5977
-11.652
-1.7139
6.0493
16.688
4.3791
-11.101
-14.503
7.9483
9.9888
0.28201
-31.72
-36.439
-22.337
4.126
15.252
8.6338
-2.2453
6.1461
-1.0729
-14.842
11.207
13.15
11.449
8.8826
28.974
25.09
6.9406
-15.057
-2.7866
8.4941
1.1377
-20.754
-6.4253
6.9417
11.781
-8.6859
-21.762
-0.16368
0.48366
-14.814
5.5769
-15.198
-33.168
-14.279
6.8598
29.491
30.779
9.6777
8.8046
-7.4862
-6.0017
-16.203
-9.9585
-15.472
-14.343
-7.9556
-4.6744
5.8026
0.48095
1.7297
8.1271
12.276
34.033
42.406
27.332
0.87277
11.421
0.88509
-12.208
-14.778
-19.827
-22.24
-22.803
-22.078
-2.9307
5.4104
6.0511
17.731
-11.52
-1.1115
-3.4944
-7.2797
-1.7869
2.1922
21.8
0.12034
-12.451
16.415
30.521
10.085
-30.72
-9.5213
-13.512
-2.0235
-16.743
-8.521
15.2
6.5096
-12.44
-12.71
17.549
3.5488
12.04
0.75012
24.228
16.602
10.654
2.7984
-14.845
8.5142
2.7866
-10
-15.258
-33.525
-10.2
6.2939
1.9538
-10.145
-12.046
-9.8954
1.5578
17.403
39.435
22.007
-1.9966
10.726
-8.1478
6.5558
19.016
3.1862
-15.629
-35.774
-13.338
7.192
2.1651
-12.947
-4.4929
1.8058
-4.7989
-21.712
-17.197
-13.362
-4.4977
9.0481
22.364
18.519
12.77
6.4299
-17.364
-1.2987
8.0639
17.037
2.3372
14.086
11.178
