-0.56856
23.718
20.203
-19.338
-28.49
-21.175
3.6761
6.6171
-0.58086
5.8135
19.565
21.7
28.555
42.001
47.726
10.81
-27.055
-13.254
-15.221
-8.634
-11.464
-5.3524
-17.781
-32.632
-7.5502
-10.306
-5.3874
-15.636
-3.0784
10.254
-17.995
-2.7065
-15.809
-21.17
2.4449
23.756
33.255
7.9472
7.6212
-4.8404
5.3068
-14.918
-1.0044
7.2536
18.423
44.381
27.123
23.413
6.9011
-4.0489
-2.7639
-24.596
-0.80358
11.013
-25.131
-34.46
-7.1403
2.7916
-33.745
-24.632
8.8136
13.3
18.49
8.3815
5.9533
-23.905
-31.251
-7.8571
12.441
15.277
6.9833
3.0114
-9.0298
0.02783
5.789
7.2291
13.386
8.5597
-15.904
-12.165
2.6179
14.226
29.381
-4.4165
8.3747
6.4549
12.866
-7.7146
-15.49
-4.3883
0.91165
26.489
3.2608
-4.9862
-2.8199
-17.219
-14.718
-16.395
5.6817
-19.894
-11.414
-14.611
1.9896
7.5417
-3.7008
-16.44
-15.754
3.142
22.754
21.976
-10.709
-34.61
1.2091
30.75
45.568
31.37
34.8
32.197
19.475
13.935
-7.3044
-30.688
-35.2
-32.838
-9.1597
-17.391
-14.649
-13.003
-16.5
-20.776
-6.5133
7.3882
14.659
-4.8626
-25.298
-36.415
0.81927
6.0102
25.167
5.599
30.244
10.867
26.282
30.61
29.802
13.059
-13.741
-1.4299
7.7065
23.097
19.136
11.374
-12.349
-3.5044
-9.7695
-15.005
-12.926
-44.82
-33.059
-6.2602
-0.95417
-7.3777
-0.1198
-25.281
-32.272
-27.387
-20.821
-12.078
-7.6802
-0.49947
40.825
46.36
41.527
35.069
49.728
39.196
11.145
-27.343
-13.141
-12.683
-26.956
-9.0779
5.0763
11.459
16.531
0.91056
17.09
-12.605
-22.355
-21.558
-5.2016
14.212
17.113
9.8609
15.857
-18.248
-39.575
-19.479
-16.052
-26.914
-33.942
-26.26
-13.812
-2.2781
23.818
15.173
12.293
-2.0046
19.641
32.791
41.701
27.096
25.589
7.3812
18.768
18.29
3.6388
-28.162
-15.883
-16.149
-1.3505
-6.1832
-22.804
-8.5176
-29.511
-10.545
3.6461
27.063
5.8533
-15.996
-4.052
-16.694
-16.599
-12.468
5.0182
9.9799
0.65348
6.7497
3.6491
-1.1325
2.8348
-9.0676
-10.946
-4.0347
18.675
26.028
33.055
26.814
30.616
1.1752
8.3421
21.4
16.364
-14.518
-31.967
-24.634
-26.471
-19.647
-51.797
-74.395
-18.178
-3.4619
9.6109
-0.40005
-16.425
8.8241
32.98
38.592
63.324
45.108
4.5476
29.383
9.0016
20.134
27.037
-6.9758
-48.011
-33.004
-4.3567
-0.9793
-8.5986
-31.93
-23.485
-18.341
0.4912
-5.9788
0.093609
-11.717
5.8356
12.748
24.315
18.588
4.6024
-1.7272
-14.007
3.6055
10.6
2.2665
-15.812
-12.19
-15.273
