30.664
19.117
25.983
17.38
-3.8609
-5.7259
-24.174
-27.685
-27.411
-28.583
9.5592
-2.0339
-20.435
-24.502
-7.6545
17.491
21.647
9.4913
13.292
-6.0854
-4.4043
-13.498
-25.432
-34.199
-10.525
-9.6009
-15.006
-5.4754
15.506
45.467
30.979
-5.754
4.4705
10.599
10.309
16.815
33.847
17.042
1.8887
13.887
-19.258
6.148
-4.1116
-12.635
11.027
19.99
27.511
-1.5033
-11.35
7.2251
18.87
6.0211
0.041876
0.72778
-7.7015
2.7197
-12.591
-22.924
-44.527
-34.579
-45.661
-47.638
-31.085
0.018604
-9.2657
-19.459
-25.004
-24.106
-9.8896
-4.9556
19.061
15.999
30.27
43.742
50.741
42.606
10.06
0.32558
19.172
25.751
49.807
17.747
26.337
24.923
25.393
15.382
-5.7493
-12.52
-32.54
-17.67
-15.8
-8.8737
-36.211
-64.436
-44.85
-23.051
-8.5015
-5.2548
24.764
28.232
12.286
13.416
20.906
14.377
13.799
-12.446
-33.944
-33.401
-36.058
-45.967
-16.265
1.7697
33.218
36.998
10.852
6.5489
13.236
-15.649
-17.39
-37.058
-14.883
-25.243
17.499
44.075
30.504
28.765
22.411
7.7502
15.583
-3.4628
0.062747
28.13
37.534
43.978
38.362
-10.758
-23.415
-22.13
1.4945
17.555
9.7996
-10.391
-19.066
-36.521
-36.307
-15.227
-23.1
-36.08
-16.722
-11.452
-17.135
-6.402
3.5467
29.408
-7.7515
-29.016
-39.119
8.6663
-9.8241
-28.34
-42.55
-19.517
12.753
22.321
13.702
54.675
62.228
48.523
41.479
46.59
25.67
4.3517
-15.867
-3.6727
24.324
-15.263
-13.547
-2.2975
22.23
20.444
11.693
-17.413
-8.9394
-26.104
-19.77
-17.805
-12.251
-16.628
-26.179
-23.697
0.13995
-25.431
-12.445
10.862
13.087
10.154
1.4038
1.1954
NaN
NaN
NaN
NaN
NaN
NaN
NaN
NaN
NaN
NaN
NaN
NaN
NaN
NaN
NaN
NaN
NaN
NaN
-2.3359
18.23
22.008
24.953
11.883
-8.1138
-4.0531
14.186
-2.5289
7.7502
14.419
-15.421
-47.296
-37.357
-14.181
NaN
NaN
NaN
NaN
NaN
-7.1838
-18.484
-2.9155
12.113
0.37902
-17.851
-30.74
-39.624
-24.532
1.3062
-4.2421
28.917
0.51537
-12.842
-10.538
18.225
21.319
10.876
19.888
11.371
10.586
39.397
2.1964
-9.5759
12.02
37.226
14.389
-17.284
-16.244
2.3132
-4.0557
-15.912
-15.639
4.1144
8.7969
-7.2186
-3.7319
8.0654
-22.883
7.4426
