-67.946
-17.438
-7.2645
7.0868
14.865
20.13
22.929
11.448
18.344
12.197
26.05
14.299
-24.052
-46.189
-16.293
-19.604
-21.354
18.603
35.376
13.626
-1.4537
-17.99
0.24559
3.5664
2.572
1.1706
-0.86471
-8.9019
-24.012
-26.8
2.6087
16.866
-14.997
-14.05
-32.641
11.702
13.693
29.618
28.752
-6.903
3.3836
-21.841
1.0132
-13.729
17.231
13.627
22.569
30.534
21.12
32.504
23.543
3.5947
-40.862
-35.995
-8.874
-19.032
-2.8832
-6.7706
-4.9758
-16.674
-8.7512
-4.0178
3.5483
-3.348
18.946
15.79
9.3433
-11.89
-23.465
-18.893
-1.4269
11.453
15.607
-20.163
-37.415
-22.219
18.328
38.575
10.542
-26.848
-20.491
16.79
15.054
58.147
27.544
-5.6125
-3.1867
-10.634
-15.796
-27.398
14.383
40.132
4.8281
-10.23
-3.5201
31.499
21.248
15.265
-1.6144
-30.235
-15.514
-33.628
7.1236
0.75865
7.7988
-1.5316
-25.614
-32.589
-28.921
-30.192
-25.43
-12.253
8.0493
1.2877
16.311
-5.1467
8.817
18.285
33.111
22.23
26.867
-6.5425
13.849
29.81
27.214
-1.6736
0.4351
-25.686
-0.11412
9.9518
-7.7975
0.93163
17.004
8.0717
-7.0105
-6.331
-3.7258
-16.894
-11.739
-15.135
-14.212
-20.204
-29.922
-23.79
3.2612
-8.8871
19.652
-1.6834
15.935
8.2776
-5.8964
-6.1304
24.56
14.326
4.7061
22.743
19.741
12.25
4.1287
17.297
-2.2816
-26.706
16.652
25.195
1.0683
-47.017
-52.871
-39.193
-28.17
10.156
1.4964
-6.6432
-10.878
-6.8359
7.8374
8.4837
4.2839
20.927
32.966
28.272
52.827
21.075
20.99
24.718
27.264
17.195
-3.0725
-22.804
-22.48
-27.434
-33.824
-22.945
-11.945
-25.359
-30.226
-38.429
-47.786
-45.478
-6.4717
20.715
51.551
34.659
-4.527
-36.773
-29.886
-11.06
12.208
28.23
31.273
44.307
41.634
41.473
38.007
23.871
35.721
34.278
56.042
-10.348
-53.185
-68.917
-39.711
-45.993
-6.0201
-4.2903
-20.097
-27.005
-13.961
-21.979
-26.393
-15.777
-3.6879
7.8419
1.963
14.089
25.907
26.889
21.057
26.809
13.633
16.029
-4.1301
-4.1591
-1.1642
-22.382
4.5627
4.9133
-13.355
1.5156
-2.508
15.508
-15.862
12.273
-1.4238
0.94576
19.192
