-13.884
8.0493
-6.9398
-14.695
3.5229
18.547
8.2315
1.8062
0.7877
-9.15
-1.7135
-2.6838
4.5481
25.356
-1.7725
-31.532
-22.533
1.0986
-5.5069
11.601
22.878
5.2279
-22.583
-10.225
0.0019896
-4.2521
21.717
33.646
2.6831
-10.804
-2.1291
15.088
16.459
14.331
0.63066
-2.4698
9.5222
10.529
-2.2279
2.1045
12.224
-10.831
-37.424
-18.17
-44.591
-25.903
11.53
27.418
24.646
-0.99518
-10.063
-30.584
-37.32
-8.852
3.713
2.1846
-14.155
5.6362
21.745
0.88071
-0.72951
4.9009
21.292
40.519
29.467
32.383
14.486
-4.0872
-12.903
-16.112
-15.601
-27.404
-14.772
-1.2813
3.6049
20.96
7.2333
7.7175
-3.1432
-12.371
-6.9878
3.6682
24.881
15.503
-22.083
-32.978
-1.2812
-7.4116
7.2541
-1.7974
11.51
3.3156
4.8966
3.3998
-5.5173
-20.749
-8.1283
-2.3039
-17.635
-19.084
-8.5047
4.3177
15.293
-4.5032
0.79746
6.7454
8.5744
16.029
26.874
3.3791
0.51793
-4.7539
4.5524
12.266
12.951
22.587
10.777
-14.767
-23.829
-43.6
-20.697
14.543
18.064
-6.2593
-1.3009
-6.9683
-2.587
3.7529
4.6868
7.8112
-4.3456
9.4857
24.583
27.045
-7.8171
-23.096
3.1198
16.878
11.44
-12.663
-5.2448
-11.883
-29.779
-9.5963
-3.1067
-7.0195
-10.744
-0.42922
-12.83
19.073
12.317
-33.243
-44.24
-16.556
-20.404
2.1471
21.924
40.382
38.69
20.684
32.867
17.5
0.71578
-17.653
-4.2442
-2.8934
13.368
34.835
29.129
4.7587
-15.991
-23.159
-15.242
-3.8402
3.1803
-10.674
-18.874
-12.651
18.046
11.974
13.683
7.5761
-0.49472
-20.607
-12.398
-14.857
-23.008
-13.659
-26.419
-49.776
-57.546
-23.446
1.1247
22.968
25.528
39.431
29.823
26.273
30.947
27.028
8.8913
-6.6878
-26.071
19.036
19.001
21.847
28.137
24.311
14.847
9.4813
-11.382
-25.022
-37.373
-29.028
3.4033
4.963
-0.48106
-5.2638
-0.10401
-20.732
-6.4615
-12.896
-8.0668
-12.444
-8.5181
-10.528
-21.489
-25.308
0.018256
31.048
58.606
27.603
-14.838
-17.79
-16.868
-9.2264
4.2962
-5.0248
-6.925
12.192
-5.94
11.699
11.124
8.1349
3.5273
25.676
15.784
3.9471
2.8749
-10.864
-3.4592
-17.109
8.2457
11.681
7.5438
1.1945
-0.3678
-11.902
-5.2615
-16.43
-3.2501
4.5227
-0.86373
-10.976
-7.4073
-7.0099
5.4882
9.2338
16.455
-5.8238
-4.4798
-6.9699
