4.547
21
21.572
-2.6908
4.5172
15.995
23.165
28.424
35.355
14.916
-8.8873
-11.293
31.546
54.187
25.526
-16.473
-26.985
-33.365
-7.5817
5.0054
13.254
-15.233
-47.138
-39.658
-19.613
0.99006
22.167
12.317
-7.1204
-5.8228
-13.296
4.7519
6.2969
6.8384
6.2297
4.6518
0.85358
-21.48
-16.621
-9.0436
-13.308
-12.021
-15.214
2.785
1.6072
25.132
38.919
35.075
20.761
4.7463
-12.451
1.8418
-9.2273
15.797
-9.5256
-20.6
2.7531
12.471
7.7068
-13.129
9.3656
40.761
25.987
14.871
-7.9086
-19.696
-20.797
-23.972
-19.004
-21.338
-15.001
-17.063
-23.627
-13.387
0.16886
-5.4165
4.2627
10.245
14.222
9.5815
18.37
27.779
16.721
-3.1681
-14.89
-5.1517
-7.2961
-13.003
-8.5357
-9.7285
5.1223
10.697
22.846
31.407
34.02
26.263
7.2548
-20.758
-28.45
-17.765
-12.345
-10.988
3.8194
9.1251
-1.3364
-3.5066
-20.655
-10.165
11.479
8.7255
-1.7114
-15.961
1.3153
8.32
3.6004
-15.363
-38.293
-17.602
-10.093
-10.013
23.551
33.619
23.065
11.004
3.3181
15.418
1.3619
10.213
9.8001
8.9213
-5.718
8.9785
-5.3217
-12.505
-12.292
1.7704
30.062
11.405
-5.2037
-12.624
-5.5431
-14.968
-24.714
-13.102
-33.061
-11.013
1.3109
4.2606
0.65508
0.7145
7.5892
-3.4421
0.25996
14.524
5.8812
-36.31
-22.825
5.6718
24.864
8.3154
37.822
31.793
17.005
2.6794
15.165
15.015
6.8524
-2.3684
4.3206
-3.8853
-9.6678
-15.916
-7.43
4.543
-7.1048
-23.621
-25.912
-11.509
-0.72554
5.075
12.611
3.7906
-28.911
-21.33
9.0375
1.1218
7.6876
8.5499
-13.76
-27.99
-31.302
-13.92
8.8253
23.781
9.57
34.336
8.5964
13.672
32.26
10.341
-11.419
-2.1045
-13.959
-5.2481
8.7487
16.733
27.596
13.077
4.2069
18.892
5.7542
12.429
-12.528
-17.714
3.9752
-20.084
-39.8
-36.53
-18.987
-17.777
-4.8434
0.78877
15.952
11.678
2.8068
1.3094
0.86046
-14.637
-1.3007
4.9204
-1.1363
3.1897
-9.7917
-7.3442
-9.3498
-15.563
2.7381
-16.901
-2.5288
16.246
22.242
19.448
13.564
25.183
11.864
34.059
-1.6473
9.2017
17.036
17.609
24.834
18.149
5.4164
-3.841
-7.0825
-13.938
-18.202
-29.445
-31.742
-32.869
-22.084
-8.7796
-1.769
-16.997
-28.263
-26.556
-0.78412
-9.4573
-14.672
-11.349
10.43
12.837
