-23.763
-14.928
-9.1038
6.7165
9.6074
11.706
14.377
7.3821
6.2347
2.3489
12.996
18.212
-8.5328
-24.177
-0.36134
-21.252
-10.628
9.7038
21.941
11.995
15.803
2.2642
15.296
-0.23194
-8.5318
-3.9769
-3.4001
-8.5901
-17.067
-15.74
-0.44788
-6.7912
-17.962
2.8234
-14.39
-8.7512
-10.238
-2.2643
12.519
-10.843
4.0302
2.2264
5.5072
-5.2021
18.141
14.631
22.153
12.45
16.347
11.508
-6.1103
-18.286
-15.632
2.396
12.947
11.198
5.7804
-9.1402
-3.6352
-15.472
-9.2656
6.8993
5.9666
-1.3658
8.7225
3.171
-3.3362
4.3749
1.9871
7.1324
7.9872
-21.218
-13.348
-13.737
-21.877
-15.558
-5.2324
18.217
5.9503
-4.2039
-0.71745
-0.99144
-2.7769
22.102
5.7954
-2.6014
-0.085785
-11.077
-5.9432
3.9922
1.2863
5.0793
-5.2095
-4.759
-4.524
20.199
25.408
8.0999
11.01
0.033945
-0.30189
0.82797
6.599
14.311
17.704
13.213
-27.148
-30.047
-29.515
-27.547
-8.2712
9.0206
8.3619
4.2805
10.249
10.25
16.967
3.9194
0.10994
-3.8159
-0.26274
-22.031
-8.6534
-0.80411
-17.101
-36.371
-28.024
-10.119
5.2565
12.035
3.5225
3.7258
19.826
34.035
17.953
8.4147
27.441
12.591
-2.9198
-16.507
-0.12661
20.053
5.9462
-3.4021
0.2598
7.784
26.175
17.45
0.16286
-18.279
-32.756
-15.098
-1.5664
-4.1628
-24.848
-14.202
-4.4115
-13.848
-29.044
-32.198
-14.916
2.5527
21.954
19.386
4.977
-7.8619
0.19335
13.033
9.4202
12.135
17.299
2.0261
14.533
9.8468
26.5
16.186
1.5569
-9.1275
-3.4583
-12.788
11.828
0.020892
-6.2764
-8.2911
-6.3565
3.6576
-2.3321
-17.91
-5.9194
2.7876
2.1988
-0.072011
21.518
0.53003
-4.0118
-15.409
-16.588
-27.295
-5.7227
-1.4369
14.355
-3.1043
-1.0699
-0.37758
-12.461
-5.5663
6.4645
12.252
7.1928
13.903
2.0683
6.4444
6.5544
3.2271
6.7098
14.574
27.247
-2.3347
-8.4373
-9.5014
2.0793
-20.974
-18.266
-9.1643
-23.029
-20.047
-5.8205
8.7825
8.5835
11.547
23.613
25.876
16.636
5.6766
3.0835
8.2981
3.2367
0.7022
-6.5854
-2.8824
-10.053
-17.368
-20.379
-21.149
-3.4385
-3.0547
-9.2655
5.6355
-8.2045
2.7425
-1.3443
11.655
2.2575
13.206
14.462
