11.195
-2.1985
14.218
19.118
1.0064
4.1146
0.20987
2.8389
-9.3747
-22.428
7.3531
-3.721
-10.029
-19.617
-6.0844
25.532
10.609
-0.26175
-0.96932
2.6255
15.595
-18.258
-32.252
-34.03
-7.6498
-21.139
-18.076
-1.167
14.998
28.563
23.431
1.6442
11.197
10.985
-7.8589
19.061
21.259
-18.739
-5.2899
5.4241
-14.027
5.9376
-1.7722
4.1198
7.9986
4.2788
-4.2108
-14.004
-5.672
2.8736
15.618
11.913
19.104
18.285
6.3148
28.705
-2.5579
-13.623
-21.204
-12.336
-22.508
-26.268
-9.9555
13.034
-12.227
-39.728
-31.229
-23.034
-12.695
-5.8082
32.878
10.077
19.488
11.939
24.6
17.713
-3.7215
-8.7259
-7.1187
2.9952
30.048
15.794
15.444
-2.0007
21.727
10.384
1.3257
9.101
-22.842
-14.9
-11.643
2.9727
-20.756
-25.271
-6.9571
-3.3857
0.17486
-2.4758
16.629
10.958
6.4801
7.1984
20.349
6.4997
15.329
-5.8797
-16.517
-16.324
-17.44
-31.976
-16.481
4.0889
13.633
8.0384
3.156
-2.9242
4.0227
-2.4811
-1.2636
-19.308
-0.11803
-9.9968
5.1338
4.6586
-10.613
9.4816
1.059
0.61908
14.368
0.77372
-12.631
23.587
23.097
33.201
26.29
1.4704
-1.0204
-5.9028
-3.6742
18.241
26.599
15.285
-4.3328
-22.854
-24.681
-28.025
-24.507
-24.932
-9.2286
-4.6286
-22.307
-9.8256
3.0438
21.759
-12.462
-17.768
-24.375
22.114
2.0016
-15.15
-25.736
-11.364
15.774
31.897
13.782
25.524
31.915
24.21
19.447
18.579
18.075
-11.265
-11.552
-16.154
14.47
-11.762
-20.236
-18.339
7.8782
4.9265
8.3592
2.1707
11.034
-16.326
-13.813
-3.6228
-4.7967
-2.3002
-16.82
-7.9562
0.65456
-17.459
-4.0273
12.469
15.072
7.1283
19.485
-14.441
NaN
NaN
NaN
NaN
NaN
NaN
NaN
NaN
NaN
NaN
NaN
NaN
NaN
NaN
NaN
NaN
NaN
NaN
-12.819
-0.093768
-0.67275
4.162
-2.5242
-20.789
-6.6838
1.7717
-12.583
13.038
9.719
-24.167
-10.701
-2.0792
10.212
NaN
NaN
NaN
NaN
NaN
1.6383
-6.0697
8.684
12.248
6.3984
-4.8557
-22.087
-14.372
-2.5592
-1.2674
-7.4747
27.177
6.0973
-6.3956
-11.55
14.793
19.324
-7.5455
-7.7048
-12.745
3.368
16.762
-13.786
-6.8746
-6.1984
9.9206
-1.9507
-11.123
-10.976
3.3577
-1.6582
3.7422
-16.48
5.2877
5.6187
-6.1254
5.9556
20.074
-2.8361
7.9447
