-9.2591
8.2884
29.185
-3.5752
2.7826
17.903
6.4253
-7.371
-28.67
-26.8
-23.064
-3.2159
1.7647
-2.9793
10.6
18.814
-9.3569
-15.8
-10.287
-11.734
-25.146
-2.02
25.6
2.2368
-6.327
-16.953
-5.8154
0.59716
-0.27227
4.4972
4.5361
17.529
15.35
7.4302
25.648
24.788
6.778
-10.374
-1.5148
-9.0361
-6.0847
-19.905
4.8066
9.5854
-2.0047
-5.8189
6.9162
-1.9598
11.64
-9.2683
16.031
4.4875
-4.9332
12.475
-16.906
-14.212
-2.4112
1.0347
1.1294
-9.7408
-17.195
-1.4088
2.322
-6.839
-17.557
5.0078
18.899
18.098
-7.5957
-4.0963
3.672
13.04
-7.3711
-12.928
-22.601
-8.6626
8.6103
2.7516
-0.13629
-1.4685
10.267
4.7794
8.323
-16.347
0.15908
-4.5654
3.2797
8.5494
16.133
22.801
2.8338
3.1948
4.3756
11.961
12.8
16.375
9
-11.974
-14.461
7.4894
1.9044
7.1878
-36.791
-17.572
-9.2259
-11.985
-18.023
-26.154
-18.329
-2.2309
7.3068
-9.7635
12.147
23.512
1.1924
2.4257
5.7018
15.885
20.602
8.7106
1.0295
-16.947
-12.027
0.38714
-1.6278
-11.43
3.4128
-5.2163
5.9131
19.013
14.428
1.7722
0.75731
-14.795
-0.10724
7.4395
1.4173
-1.7678
8.3127
-9.3297
15.562
1.0827
16.093
-10.857
10.79
-2.1988
17.841
-6.4114
-7.1908
-35.988
-23.435
-19.679
-10.372
14.756
-7.682
-9.8855
-18.572
14.867
2.3963
18.666
20.42
20.369
7.3874
0.80494
7.2509
-5.4628
9.9456
-18.024
-4.2491
11.935
2.132
0.43083
-10.555
-5.3344
4.554
-10.78
-19.494
-25.172
-14.451
-3.5009
8.0403
18.189
4.3105
6.1734
9.0776
1.1932
21.808
20.14
25.868
-10.739
2.5122
-6.0872
-35.173
-24.377
20.998
10.528
11.012
9.8508
2.7364
-1.2695
18.107
29.673
14.344
1.8845
-5.2093
-41.504
-29.773
-25.221
-42.518
-53.078
-21.207
-0.55396
25.971
15.717
48.733
3.5627
-9.4706
-1.7123
5.4151
16.83
14.816
-3.24
6.0458
-4.4085
-7.3342
8.7864
-7.6634
10.949
-7.8284
8.6861
14.919
23.963
16.545
-10.444
1.0038
14.241
-6.9145
-26.519
-4.3599
-10.103
0.0010704
-7.5038
7.8015
9.1403
10.141
18.538
-7.3562
-3.438
-1.6029
-18.977
-39.983
-17.768
3.9394
7.0147
8.4372
-13.385
-11.851
-9.1312
-11.787
-3.8351
19.595
14.078
2.6557
-5.8788
1.7553
10.859
9.1447
-6.4917
-3.32
3.6909
11.626
21.835
11.486
-9.7518
2.323
5.7394
9.8275
0.31475
-4.4871
