-22.266
-2.7292
-9.9844
-22.089
-0.82583
6.5962
-4.1616
-1.7814
3.1853
2.7491
8.7666
4.616
-7.3127
6.7237
-9.2881
-14.154
0.80991
20.985
10.891
13.081
12.619
1.6586
-12.669
-0.83152
-0.25787
-9.3423
9.0486
21.005
2.1632
-9.1392
-6.6176
7.5528
7.6903
9.4486
5.5451
10.106
11.422
8.2513
-1.4744
-4.2051
4.0161
-4.7617
-41.114
-18.777
-46.273
-28.384
13.035
18.907
22.763
0.62096
-5.7465
-22.688
-26.473
-5.8405
4.2388
1.2259
-7.7199
3.769
13.17
5.46
2.3431
0.61442
11.247
31.89
24.668
38.514
22.934
5.7704
-11.273
-15.218
-13.166
-18.51
-5.066
-0.59324
3.3743
15.03
0.076982
1.4256
-0.51024
-7.7133
-9.5539
8.0793
14.287
7.7115
-27.654
-25.841
-4.0068
-6.2738
2.2459
-7.3246
6.9768
-2.3408
-0.75051
-4.0502
-5.9382
-13.072
-12.842
-1.3499
-10.54
-8.736
-0.19309
10.2
15.363
-3.4626
-3.776
6.0598
18.468
12.888
19.565
9.8257
14.319
4.0958
-2.6367
9.5824
12.15
15.69
8.4934
-6.7073
-14.472
-34.423
-17.622
13.998
10.522
-9.9021
-3.1731
-10.721
-4.0552
-4.8051
4.9855
-4.1896
-8.974
6.9347
17.251
14.371
-9.3494
-17.313
-2.8105
10.93
4.2134
-10.27
-8.4491
-6.8174
-22.341
2.353
10.242
-2.8697
-12.108
-0.402
-12.436
19.963
9.2377
-17.638
-24.976
-2.3205
-7.0575
7.2057
15.076
31.997
33.934
18.064
18.281
7.757
-5.0664
-13.461
-2.4134
0.8803
13.516
20.833
17.716
-0.026545
-13.749
-17.168
-14.725
-6.9548
-0.043846
-15.13
-20.625
-14.724
11.322
4.6329
4.0746
1.2643
-4.0688
-8.8986
-11.745
-9.6726
-16.396
-8.0959
-15.452
-29.404
-35.418
-17.503
8.105
17.543
27.316
31.195
32.876
30.553
21.624
17.516
5.9264
-1.5679
-20.482
17.491
7.6484
12.733
17.458
10.936
7.7326
8.4432
-11.663
-8.5101
-31.809
-21.449
1.3552
5.9241
-3.9069
-7.787
-3.9354
-25.281
-9.0146
-8.864
-4.2472
-8.71
-10.108
-13.748
-23.511
-16.508
-4.4568
16.419
48.96
26.13
-6.6607
-9.2876
-7.1641
5.1016
16.509
7.2137
-2.4114
6.0419
-5.2169
9.3577
6.1913
-1.2314
1.9969
17.456
11.895
-3.1417
-5.4186
-8.034
-6.5557
-8.5239
2.9492
7.3432
7.8826
3.8709
-0.68338
-7.3287
-3.4908
-11.657
-1.6351
2.2881
3.2125
-3.685
-3.6991
-5.7369
4.6298
7.7607
10.94
-3.438
-6.8137e-06
2.7137
