24.194
31.287
20.204
-16.857
-24.243
1.4919
-19.538
-37.352
-25.315
-20.675
-20.326
-6.8784
4.457
7.6621
-20.518
-21.522
-10.453
-5.3825
-17.416
-19.562
-6.3486
6.6536
10.631
2.7901
-11.339
-17.134
-18.38
8.8144
-13.882
-6.6744
25.264
24.756
4.6652
26.452
29.929
2.5158
22.44
32.44
11.865
13.298
-4.674
9.2915
38.929
41.731
0.35209
-19.513
-14.32
-25.256
-6.9291
-31.729
-12.171
7.2028
4.5083
0.094406
-1.4714
-15.662
-8.5304
-2.4904
-6.1346
0.17578
-3.4538
-2.5983
3.3553
-14.65
-25.083
-26.913
-22.526
-12.087
7.9543
-10.971
0.13804
-5.5831
2.9282
11.126
2.9575
9.0144
-11.496
7.0904
5.5802
0.41835
9.2663
2.1201
-7.442
19.783
34.034
18.69
22.052
28.411
26.005
-0.62274
6.3844
0.49359
15.816
25.62
13.979
-13.87
-11.624
-5.6096
-12.308
2.1164
-12.496
-27.717
-34.987
-11.42
1.9593
-0.75577
8.7346
-15.552
-37.766
-20.75
-0.62825
-8.3388
-11.936
-13.818
-7.6957
-17.803
-20.035
-5.7306
6.578
8.8909
-1.2594
-15.474
16.755
20.056
24.471
13.454
21.708
22.719
5.7144
5.109
9.6237
15.013
4.1107
5.8856
18.265
26.26
8.7352
10.053
15.852
40.647
32.782
10.624
-5.8853
-34.259
-23.17
-18.611
-16.818
-20.662
-14.493
-32.071
-23.952
0.70586
-12.295
-13.093
-18.832
-11.468
-27.242
-26.155
-20.901
-12.39
5.1229
-1.2756
4.1359
-5.5604
13.338
-2.8268
-3.0159
-1.1948
2.1728
24.637
21.329
16.282
7.2598
13.496
9.9845
43.704
51.835
18.74
14.501
8.2193
-1.8251
-1.2655
26.038
23.676
23.524
7.9303
-15.01
-26.095
-1.6261
12.061
-3.4858
6.8953
-11.334
-32.753
-64.21
-34.778
-18.343
-31.753
-38.802
-24.29
-22.567
-1.8242
-6.8625
-5.6992
-2.2186
-12.165
-2.4693
-9.1957
-15.044
2.318
13.44
35.195
10.081
18.478
32.195
16.374
18.818
8.8744
14.306
23.011
39.456
19.152
27.907
28.084
38.23
23.157
19.139
10.734
-7.1223
-23.398
-26.985
-37.254
-32.623
-19.325
-26.549
-18.917
-17.055
4.7913
-12.882
-23.261
-5.0998
-12.557
-8.7285
7.6272
-7.3602
-19.574
-12.188
4.9943
-1.2246
-15.801
-5.6255
-3.3848
1.7766
-20.732
-30.043
-28.947
16.584
15.457
27.312
33.829
34.073
40.424
35.246
12.429
13.455
22.934
20.166
7.4627
-8.9115
15.067
-2.5433
-14.042
