-52.857
-6.9162
-4.4887
10.954
15.294
12.521
6.4756
-9.4665
5.8092
2.6742
19.146
11.961
-17.029
-28.819
-18.301
-14.171
-12.701
13.809
20.833
6.7279
-6.8763
-12.535
-2.4045
4.1074
13.373
4.6788
2.145
-3.5044
-18.563
-13.744
-3.4958
12.877
-10.638
-6.5571
-16.386
7.6879
16.384
18.491
14.374
-4.3706
0.22297
-8.9281
2.6058
-6.9549
10.575
-3.5657
13.93
12.884
17.288
27.579
23.394
6.1892
-25.497
-25.31
-7.8882
-14.866
-3.4759
-2.1633
-4.4497
-18.874
-8.1054
-7.3418
-1.0508
-6.0842
0.63641
5.9384
4.2732
-4.1016
-14.143
-6.9731
3.5813
22.429
16.823
-11.504
-24.724
-17.062
10.108
23.788
10.718
-18.599
-13.611
7.6078
9.9071
36.205
18.461
-1.5823
5.0034
-3.0626
-11.759
-21.241
12.889
30.058
10.231
-3.7537
0.039381
19.177
7.3089
5.1798
-7.2862
-20.223
-6.7424
-25.765
3.9816
0.5852
0.93475
-6.9283
-20.554
-27.312
-28.12
-22.733
-22.631
-11.759
-0.71155
-4.0105
12.402
-6.6107
4.4088
16.864
35.244
26.383
28.608
13.335
20.285
26.207
28.998
6.4362
12.6
-13.125
-3.7478
8.5065
-13.363
-15.301
5.8912
3.5623
-12.45
0.7636
-6.4628
-24.431
-14.764
-19.062
-20.315
-28.744
-32.802
-18.22
7.2255
-7.7687
13.618
-5.2929
10.426
15.234
9.442
1.2959
19.063
14.672
7.6436
19.017
21.026
15.302
13.797
26.22
1.4581
-16.461
4.9122
8.4064
-9.4466
-28.388
-29.927
-19.523
-25.662
10.732
-7.7857
-9.4911
-16.31
-10.338
-3.0667
5.6801
-9.8333
9.7795
32.575
25.528
33.854
13.461
15.035
17.841
18.573
14.247
-1.1462
-13.793
-14.19
-17.392
-24.221
-17.451
-10.609
-14.315
-17.508
-29.587
-32.566
-29.316
-6.1451
11.589
39.987
30.488
-2.9248
-29.922
-18.635
-1.6267
20.261
20.153
18.335
27.66
28.021
25.349
20.67
19.054
17.992
25.116
35.847
-10.052
-34.831
-44.27
-28.19
-29.949
-3.9891
-6.2547
-11.027
-17.921
-10.896
-13.887
-18.495
-11.841
-8.1792
2.9406
2.2649
10.021
16.632
18.158
8.2715
16.745
10.251
9.2666
-3.8815
-0.23339
8.1275
-13.489
3.8186
-0.8013
-10.497
5.6081
-0.6851
15.295
-5.8245
9.5501
2.8013
5.0887
17.734
