-1.8913
23.003
56.349
13.381
-0.43521
3.6858
-10.211
-43.401
-44.987
-25.792
-23.116
-11.24
-22.036
-22.54
6.9048
0.56348
-13.219
-8.4904
-15.61
-27.955
-20.14
1.4637
33.018
14.412
-3.5532
9.0278
18.743
19.876
-2.6924
-20.73
-31.523
-10.287
8.0209
14.303
9.3497
35.413
21.9
5.2235
15.616
13.973
14.011
2.8956
7.2018
22.662
3.2834
-0.46168
-5.1654
-1.183
14.753
-0.33078
7.6177
37.492
19.928
-1.6784
-32.838
-42.389
-5.2765
-17.565
-9.0194
-20.832
-51.331
-21.705
-14.913
-31.862
-24.72
-4.553
9.7405
14.737
-0.5096
-7.5388
12.302
7.573
5.2474
10.832
-15.449
-22.184
-7.1634
10.399
12.116
15.329
30.525
22.427
28.309
7.433
6.5991
22.761
16.058
21.895
24.244
32.036
20.335
13.066
10.14
8.2542
7.3391
-5.0449
-3.3248
-28.039
-38.684
-25.48
-18.148
-38.666
-71.236
-44.576
-28.35
-11.86
-30.061
-35.423
-18.776
23.175
35.32
46.039
41.622
23.278
30.394
17.327
-23.773
-19.14
-20.212
6.5615
9.0548
3.6735
4.2141
5.5006
5.1045
-6.1012
-5.7651
-9.8199
5.965
30.945
34.103
19.313
24.078
9.2369
-4.928
6.1016
-1.3613
7.0317
9.6584
-8.0315
2.5603
-6.8479
22.201
3.1177
-20.034
-17.436
-12.743
-32.792
-27.743
-49.155
-39.251
-35.418
-4.236
13.102
-7.2226
2.5947
4.3741
21.519
13.183
26.228
20.837
15.804
21.136
10.559
6.0982
9.636
-5.2495
1.0727
-6.2567
-5.3875
-8.7867
-20.246
-18.452
-5.8971
0.3991
-5.7387
8.1693
0.32469
-11.009
4.2307
12.774
25.916
16.88
9.093
22.534
9.7085
24.033
31.968
12.164
-17.532
-12.998
8.5888
-36.435
-34.809
1.3548
-8.1127
-24.019
-21.573
-13.749
-5.6343
14.753
17.331
5.6593
2.1742
30.181
-2.8769
-14.368
-14.909
-23.04
-41.743
-39.685
-18.893
1.812
-16.708
33.095
22.979
-5.9644
0.79857
16.723
20.942
25.963
4.5697
26.989
13.688
-4.632
13.732
12.193
16.973
7.1993
4.8886
17.012
13.784
41.383
-16.333
-14.825
6.1199
-4.4363
-45.297
-27.524
-23.693
-19.819
-25.059
10.433
20.544
2.418
-5.28
-1.5922
-14.068
-4.7566
-13.504
-14.438
22.785
17.785
-4.6547
-1.043
-27.901
-26.901
-13.566
-1.1168
-8.5506
-1.4951
-1.8119
20.924
15.286
-11.096
1.1585
22.585
6.4912
4.3876
24.314
2.5913
16.338
21.073
4.8995
6.1364
9.9921
1.617
5.2131
10.121
