0.29608
-4.5085
6.8754
1.447
7.4044
10.181
8.1585
1.0372
-2.678
3.023
-2.7579
6.5999
9.9944
2.6182
19.292
-12.229
-4.216
-6.8611
3.4848
-5.6963
0.31101
-3.9153
31.088
-0.59493
1.9099
1.9989
8.5347
11.399
5.5107
-13.268
-20.731
-22.389
-6.9045
27.698
-11.744
-26.914
-31.985
-18.413
1.0925
-25.614
5.7597
11.976
14.677
-0.74394
12.806
11.654
22.686
8.7313
3.7569
13.478
-5.1581
-17.842
6.1299
5.0737
9.7009
2.6466
2.7103
-9.7638
-1.7017
3.8518
4.2464
22.97
7.1487
4.1616
-4.6936
-10.372
-23.415
8.4341
18.934
15.05
2.8055
-41.196
-15.255
-15.461
9.1599
-1.992
-10.731
7.9526
-16.272
-20.036
-4.5692
-8.0626
0.1418
9.6109
16.037
-6.2951
-1.0798
-16.368
5.6863
25.686
2.448
4.7031
-21.512
4.2994
10.668
23.035
28.922
1.6029
20.904
6.574
6.4713
2.8753
-8.3741
-4.1053
13.327
16.962
-29.989
-10.606
-6.7142
-23.623
-10.893
2.2935
3.4619
-21.805
-11.33
2.8152
20.59
0.81402
-17.926
-4.4412
9.2751
-22.353
-17.686
-21.896
2.2692
-9.8486
11.314
20.822
12.072
10.763
15.76
2.9987
2.2699
21.923
-6.2581
-15.851
24.649
6.3892
-0.038099
-10.431
0.49393
11.638
20.981
3.8561
1.7877
12.144
14.44
18.595
2.2985
-15.281
-31.65
-14.112
-8.2517
-13.835
-26.049
-19.999
-21.462
-29.242
-11.018
-26.761
1.3154
16.094
29.144
-2.3191
9.7703
13.712
25.783
35.354
28.54
-13.272
-0.32984
7.292
13.25
2.936
11.838
-3.9649
-5.7363
-25.788
-7.6567
-8.6294
4.205
5.9944
-12.894
-17.78
-9.2826
-2.326
0.16977
-11.242
-3.0526
9.5182
22.901
-7.8818
11.614
12.268
13.492
19.978
7.4986
-5.4609
-3.9869
-21.813
-6.6179
-13.424
3.3098
9.7422
-12.808
-27.183
-19.873
-5.7357
4.7328
15.64
6.1207
5.469
12.279
-0.76611
-19.921
3.2453
17.787
2.3217
-1.7434
-0.41333
21.772
3.5937
-9.5956
2.3595
0.11902
-18.509
-12.793
3.9852
-0.5334
3.8331
21.202
30.742
14.44
0.81734
-0.20168
-9.1292
-13.162
-9.005
-15.326
3.7444
-12.005
-10.643
2.0217
-2.0483
8.8307
-5.9899
-3.1509
15.598
0.43444
6.3498
-27.043
-7.2181
-3.5487
3.9367
-12.65
