-1.91
-8.4563
1.6483
-4.161
-3.6865
10.256
16.59
13.378
-12.15
-11.597
-7.1903
9.8705
7.6017
-11.693
-19.104
-7.9098
2.9472
-2.9725
-0.29722
8.2023
4.663
1.1682
-0.63822
-4.0863
6.209
3.4297
0.8089
7.3622
-5.4875
7.8718
24.614
19.735
-2.9995
-12.391
15.542
11.44
-0.6051
-8.2091
1.7428
-19.934
-13.727
-22.852
-11.401
-14.187
5.801
1.1069
1.0055
1.1319
0.89392
-10.616
-2.5297
-20.044
-2.6968
-9.6746
4.1004
10.925
17.895
2.1056
-2.3089
-7.2115
-0.0053708
15.143
31.693
30.996
12.273
17.88
16.382
4.0374
-6.6907
-6.0037
-19.405
9.1442
-10.307
-15.285
-19.656
-6.468
3.7422
1.05
-4.8907
-19.733
-16.151
-6.9526
2.8681
-10.484
0.87239
-2.9481
-6.5099
-7.1839
2.9722
3.8122
4.3393
-7.733
-1.0796
7.2371
-2.4093
14.407
19.133
9.8026
1.2386
14.999
7.3652
13.885
3.6291
9.0448
-8.4909
-2.0466
2.135
5.9555
12.031
-3.0365
-13.964
-27.291
3.9377
-2.764
-25.623
-18.022
2.5533
22.973
24.318
8.4067
7.8686
-20.937
-27.666
-9.0131
-15.523
-10.89
19.257
13.391
19.623
-3.3339
1.7421
-12.282
-5.8757
-23.492
-0.7731
2.1961
9.4747
-4.7986
2.2393
-4.7432
3.7553
5.8131
21.409
4.0845
26.608
7.4511
23.116
6.1776
14.512
-8.8909
-22.143
-15.003
-7.7592
3.3446
-15.344
-16.012
-31.368
5.5306
-10.433
5.414
0.5894
9.0019
0.164
6.0424
4.1376
-0.67942
21.246
-0.71043
12.172
8.9447
8.7651
3.0279
-0.090451
9.6261
6.8834
-0.53817
-36.722
-41.294
-20.017
-9.4551
-0.54752
2.6504
-6.9212
8.1958
3.6835
8.157
15.62
0.33702
13.782
27.266
15.295
-14.137
-34.522
-10.739
13.759
11.619
24.727
34.614
22.237
1.1145
-19.512
-12.383
-5.5286
-9.282
-23.226
-24.399
-21.999
2.6551
-4.4965
-13.094
-2.6968
10.593
23.841
22.357
17.706
-8.3746
-12.562
-9.8516
-1.4454
9.3116
13.074
-0.86885
-1.4615
-19.096
-9.6014
-6.7013
-15.402
8.3449
-3.2847
19.546
7.606
7.9633
3.5785
5.377
21.784
15.296
-7.2867
-15.852
-5.6755
-17.546
-2.3122
-1.755
-6.758
-9.8938
13.913
29.987
15.479
-0.65176
-2.6771
-11.562
-22.431
-33.158
-16.033
3.8157
9.2293
21.813
10.025
6.5166
-1.4442
-9.4544
6.6387
9.6856
-3.8299
-6.7382
4.6373
6.0072
-0.577
-8.0466
-13.442
5.3284
8.8229
0.97936
-3.1675
3.0878
10.838
0.51999
6.8153
0.17788
-18.246
