-26.904
-13.72
-9.4139
5.5264
0.032561
4.4779
16.692
20.055
14.163
-1.9149
-15.967
-28.841
0.51099
-5.2924
-5.7122
-4.2793
4.5944
5.906
4.7995
13.925
24.412
25.942
13.963
7.8162
5.7696
-6.0099
5.4332
8.5777
-4.3243
-27.009
-35.862
-4.5977
-1.9459
-5.0336
-4.3754
-7.4974
-18.51
-10.356
6.4579
-7.6836
-8.5363
1.3665
-3.7511
12.225
-10.324
-16.979
-9.0319
-1.7931
-2.1542
-12.264
7.9907
2.2728
9.5631
-4.8273
-16.797
4.0418
21.702
19.806
17.284
22.602
39.605
31.64
25.913
25.657
4.0032
-4.8689
1.9493
2.8088
-2.2968
-12.755
11.514
-19.768
-25.934
-17.936
-16.496
-10.923
-0.84025
-13.762
-16.774
-19.527
-29.122
-10.795
-14.478
-17.973
-14.504
-6.007
-2.7677
10.543
8.4683
-2.6415
2.7033
13.532
11.587
20.049
22.412
1.5358
4.3469
1.6573
-9.9916
-1.5304
2.9297
8.9252
18.031
31.211
13.519
20.858
29.384
31.605
17.095
12.242
-13.609
-10.156
-43.185
-41.12
-13.692
5.4916
-24.75
-6.0723
-3.0862
5.1814
7.4107
5.7896
2.7214
-22.608
-20.044
-4.291
-13.405
-17.342
2.415
6.1735
-9.3529
-10.667
-17.775
-11.107
1.5732
6.8891
9.143
10.943
-3.0386
0.093407
12.528
10.865
27.022
32.552
27.804
-4.0849
1.9516
-6.5263
-3.4388
3.2712
-0.048457
-3.9016
-6.8568
-1.3656
7.9661
15.333
4.7917
7.2788
7.8564
14.668
-3.0568
2.8952
-2.7726
-16.755
-8.755
-23.238
-19.903
-13.942
-10.543
-11.236
-8.5294
8.7089
9.2015
-6.7421
-13.216
3.1033
11.245
-10.378
-8.1797
1.2727
1.8786
12.836
2.9677
-23.09
-28.501
-15.631
-6.2693
1.0284
25.018
29.05
17.089
10.118
8.3105
15.99
16.937
-13.735
0.72913
-8.4995
NaN
NaN
NaN
NaN
NaN
NaN
NaN
NaN
NaN
NaN
NaN
NaN
NaN
NaN
NaN
NaN
NaN
NaN
-24.904
-22.006
-26.646
-2.4912
-1.0022
-7.1812
6.6584
2.0548
-2.558
7.3011
-5.0995
0.9984
21.329
10.965
5.3147
NaN
NaN
NaN
NaN
NaN
20.484
21.525
2.4628
-1.847
9.4734
10.177
12.787
11.765
6.5502
-8.8597
-8.5973
-2.1729
8.2334
1.4077
-20.327
-15.469
-0.46341
-6.1455
-14.542
-10.694
-11.725
-23.763
-12.521
5.2156
-10.165
-12.687
1.1935
0.070138
-1.4208
-7.6575
-4.8675
8.4502
7.3858
14.19
-0.90212
4.8566
13.33
9.6582
15.284
14.048
