-12.678
3.7816
-3.1304
-7.8395
-25.977
-9.2444
9.4392
35.218
15.515
12.336
19.96
11.951
12.6
-15.959
-30.253
-10.57
-3.9283
1.2427
16.742
26.651
16.009
-12.469
-11.193
-10.036
9.2387
7.7643
1.4641
9.1001
1.5644
-2.5852
22.211
5.06
-12.932
-6.6822
10.414
-7.4451
-14.818
-5.4603
-16.474
-14.823
-7.8725
2.3645
-5.5722
-9.1654
9.08
4.1949
-4.599
15.482
-11.991
-11.164
-14.779
-35.366
-15.601
-9.0099
3.7724
30.719
19.505
5.4151
9.3436
4.8392
33.692
26.72
10.113
6.2365
-2.4002
0.25902
-8.3624
2.5954
3.3272
13.005
-7.4055
2.0498
-3.0672
9.5202
15.689
0.62233
-2.1348
-2.8562
0.242
-15.415
-28.301
-13.613
-11.968
-12.56
2.2607
-7.306
-17.467
-12.413
0.60894
-4.3359
-4.4814
-13.035
-2.0994
-9.914
-1.4987
1.1048
7.362
5.3548
7.1738
8.4299
4.9876
18.645
22.425
16.067
18.469
24.29
13.859
25.65
9.5297
-3.9152
-17.119
-40.717
-4.2108
-2.6595
-15.985
-8.8754
8.5173
12.723
0.17722
-0.44409
3.3928
-4.6739
-22.087
5.5676
-2.9898
2.5828
7.1993
5.0974
0.046199
-16.867
-23.185
-7.7886
-3.9214
-10.625
-3.1462
6.6854
3.2212
-2.3712
-8.5613
-0.46303
0.48317
-6.4219
-0.7435
-11.369
5.8452
-5.3731
20.207
26.638
32.385
25.792
8.2202
24.648
-1.8088
-10.076
-5.0239
9.2377
-6.0987
-3.8528
-14.36
-17.016
-21.744
-19.209
-14.994
-7.6878
0.13705
10.641
11.846
-1.2135
6.9463
20.1
11.069
2.0463
15.667
-0.54132
4.3106
-4.8706
-22.758
-23.399
-0.81414
8.9826
-3.7768
-8.0704
-13.716
3.9688
5.8181
-8.2611
-8.9764
-11.842
5.7431
5.2494
7.9375
-6.7349
7.3238
16.371
10.838
6.1862
1.0017
11.601
6.8549
3.4828
-19.22
-33.781
-7.4409
-5.3958
-10.455
-3.2249
2.9068
13.47
27.555
33.45
22.797
18.318
9.7445
0.87125
4.0956
-8.3344
-12.396
-8.791
-14.44
-15.917
3.497
-0.18409
-14.094
-17.097
-2.1303
0.97301
-17.243
-0.081033
-11.678
-2.2144
-10.455
-22.124
-11.616
-8.2074
3.2934
-1.2713
-6.0937
13.5
31.229
19.068
22.848
28.913
8.2138
-7.7008
21.235
30.345
9.5731
-18.223
-9.4558
-4.839
-6.5309
-22.101
-32.383
-10.164
0.82944
5.9397
-8.0719
-1.6459
3.788
6.7731
23.973
10.822
4.1769
5.7916
1.6865
6.5679
-2.1442
-13.246
-12.608
-4.2513
-2.9627
-10.418
-5.5259
3.6968
11.268
-7.7451
-1.7763
-9.9275
-10.049
