-27.71
-84.047
37.04
10.695
83.38
43.699
46.524
3.4632
3.8063
27.067
1.5931
-13.725
45.546
29.19
-15.875
-15.582
14.486
23.669
-2.2296
24.183
5.6478
-15.923
-16.304
-9.2926
-19.496
20.824
1.4454
38.389
39.649
73.15
-20.26
-44.863
-75.646
-63.116
-21.727
-17.499
-26.72
29.308
33.004
4.1952
-19.692
-114.45
48.785
-26.793
-17.076
-13.444
30.726
61.5
74.376
24.977
29.123
-35.641
-29.717
-68.149
-19.08
-20.505
21.899
44.107
56.371
21.696
1.9129
-25.018
-30.431
-17.566
7.6715
-6.1849
-26.222
-2.0042
19.192
-18.997
5.2119
27.589
21.108
6.785
11.207
-7.4759
-28.704
-2.8578
16.002
16.862
10.271
11.432
15.651
33.057
20.108
40.617
14.417
-39.522
-26.127
-43.083
13.583
-6.8865
-5.2296
-27.619
-36.49
-22.521
-52.462
-4.98
-34.139
40.434
-7.3687
38.406
-10.112
39.889
-18.698
NaN
NaN
NaN
NaN
NaN
33.246
-17.841
-48.512
-37.297
-38.5
4.4039
25.203
9.4831
23.462
6.614
-31.122
24.95
18.474
47.769
12.85
33.257
69.279
29.288
18.837
41.862
43.89
41.496
-0.51789
-6.3847
-29.859
-24.707
-97.123
-89.954
-35.935
-39.452
NaN
NaN
NaN
NaN
-1.5514
18.093
-15.82
17.101
-10.243
13.05
43.82
54.527
-46.871
-10.875
-22.572
-7.853
-17.9
20.207
13.303
18.489
2.006
-23.382
-33.006
11.913
8.8988
8.7445
-20.487
-5.3284
38.116
40.73
53.492
20.776
32.366
62.572
39.985
22.921
26.399
12.817
28.523
13.1
2.9326
-38.924
-65.207
-11.667
-27.815
-21.419
21.018
-26.508
-4.924
-75.482
-26.598
-34.396
-50.886
NaN
NaN
NaN
NaN
NaN
NaN
98.632
53.793
-24.99
40.231
-41.388
-118.26
-72.419
42.369
16.227
78.062
30.937
103.44
52.89
69.534
41.047
56.789
10.896
17.785
20.718
54.058
63.722
-61.675
-6.2157
-37.618
5.1785
-0.40189
-53.357
-24.885
-12.902
-10.007
-19.962
-10.405
-36.757
-59.941
-14.343
-21.396
-38.636
-8.8184
-35.279
-12.064
-40.877
-22.378
-30.793
-33.113
-51.126
-0.81191
1.3567
77.859
53.277
37.115
34.462
-7.0003
25.989
18.125
21.496
43.093
41.022
14.348
-38.599
5.3676
38.554
29.311
12.284
13.467
7.4628
-10.561
-1.7452
65.45
37.396
74.987
-2.5193
-1.3931
-52.554
-71.636
-59.627
-66.666
-41.065
-4.1332
16.693
-13.99
-23.395
-12.305
-28.334
-51.13
0.083569
-24.173
-5.9421
15.628
-13.472
