-8.7829
-7.6297
17.314
23.254
11.724
3.8869
-11.407
6.1665
7.5174
-4.5273
-26.478
-18.838
-9.2107
-9.6355
-17.842
-13.66
-16.125
-12.464
-18.971
-20.652
-17.034
-15.745
-25.773
-18.649
-16.483
-6.3051
-0.97639
-8.1033
-3.3047
-12.078
-4.089
9.1089
14.908
20.739
27.176
25.98
17.672
13.798
22.602
20.507
22.431
17.266
21.729
2.0789
3.6866
8.6777
2.9212
-17.364
-25.992
-25.255
8.0852
15.481
30.842
25.584
40.602
38.871
13.47
-17.234
-25.775
-17.35
-26.322
-44.657
-37.175
-28.615
-22.477
-8.9546
-12.068
-17.718
-0.44429
-3.9225
-3.2872
-18.557
-12.989
-9.3795
-8.6145
9.4175
18.769
8.6552
-3.7927
-0.94352
12.641
-0.46612
-6.5027
12.442
3.4132
-7.2214
-0.88412
7.5474
18.088
35.634
32.955
31.167
21.042
16.305
4.3246
9.1981
2.8799
-5.5572
-9.7153
0.57153
-0.87076
-12.016
11.341
0.44837
3.7279
NaN
NaN
NaN
NaN
NaN
0.99864
15.187
11.694
-1.1666
-29.015
-36.001
-16.194
-7.1707
-17.871
-34.866
-20.906
-13.201
-12.785
0.23039
3.6396
-2.5628
-17.78
-9.7842
-10.787
-16
-9.8465
-24.978
3.7517
22.347
31.981
31.15
29.146
48.868
38.536
23.605
NaN
NaN
NaN
NaN
15.416
-8.3835
-1.9825
-2.3144
8.8357
21.201
20.096
22.028
16.758
-3.1982
-13.504
-28.248
-34.829
-41.41
-36.114
-12.838
-16.465
-8.2887
-0.34461
-2.9257
2.6694
10.325
0.64965
-12.897
-21.708
-24.547
-9.7006
-25.433
-19.866
-23.425
-21.428
-14.144
-11.317
-8.8618
-1.0822
8.6722
28.925
27.076
26.555
16.042
21.05
28.541
29.226
26.597
18.747
9.5099
19.696
14.279
11.207
NaN
NaN
NaN
NaN
NaN
NaN
-35.217
-29.437
-21.63
-13.239
9.032
-10.137
5.8103
-19.102
-5.64
-20.501
-21.573
-38.735
-31.249
-38.424
-29.966
-13.506
-13.795
-15.459
-3.8518
10.931
-4.4622
-13.461
-26.526
-32.276
-20.873
7.335
11.3
22.212
19.929
27.906
30.45
32.484
23.107
18.995
19.337
33.2
21.47
24.959
42.83
49.189
36.956
15.831
6.7561
-11.398
-28.559
-30.014
-4.7805
-4.4115
-10.582
-12.759
-8.1793
-7.4482
-20.191
-18.658
-11.371
-19.32
-17.539
-8.3566
-6.464
-18.89
-17.971
-17.166
-15.413
-29.399
-12.35
-16.694
-20.769
-19.726
-12.237
-23.556
-7.975
5.9517
27.08
22.375
25.874
25.838
27.122
43.263
31.931
24.679
6.9705
14.965
11.499
19.677
-5.3967
-5.6621
3.1002
17.524
5.6339
