16.416
38.607
8.4986
-2.2985
-7.3581
-18.255
-31.063
-33.967
-33.462
-31.305
-27.871
-21.518
-17.276
15.176
18.955
35.271
21.502
-4.1293
19.413
2.7941
-7.5423
10.385
-4.0194
-7.8562
-2.3399
9.732
3.2185
-7.3952
6.7553
14.073
21.091
17.837
17.251
25.969
13.017
-3.4651
-25.504
-30.07
-16.61
-5.6095
18.797
10.47
-12.108
1.2611
0.31185
-2.5902
-2.5303
24.339
-6.5009
-14.422
-14.43
-19.072
-23.72
-22.955
-20.066
-13.271
-5.689
-16.942
-10.456
9.9623
22.789
23.615
NaN
NaN
NaN
NaN
6.102
6.3684
15.085
14.177
14.393
17.674
24.387
11.26
11.293
6.5141
-1.6856
-4.9264
-20.328
-8.2119
1.5479
-7.453
-36.292
-32.496
-22.168
-12.522
-6.0063
28.851
-26.501
-5.86
-4.1199
0.95955
-6.7451
-1.252
18.451
13.879
2.601
-7.6212
-17.104
-6.0997
23.591
17.882
2.6218
-4.5218
-0.91589
8.4732
32.704
10.128
1.0982
-7.1899
-11.761
-13.318
4.218
10.818
13.012
32.147
7.5928
-2.3358
-14.284
-32.74
-6.4645
1.0168
13.98
6.8463
-9.5655
-14.362
2.5505
-11.304
-15.754
-7.2127
-12.731
-23.803
-9.0865
-6.4895
-4.9958
5.2852
11.928
39.778
18.023
-1.4377
-25.95
0.088407
24.197
15.625
0.040605
0.61174
17.02
9.3301
2.0261
-6.8035
-3.2366
3.3667
-4.775
-2.8144
0.027356
-8.8916
-0.79988
-1.7204
-5.7321
-18.112
-14.674
-9.6431
17.103
10.985
11.913
0.051372
1.0787
-10.593
-9.1609
-17.122
1.2567
5.9902
-0.076266
13.761
0.51874
-1.8199
-5.4594
2.3376
13.267
17.885
-2.2401
17.827
3.089
5.2201
2.7234
-2.596
-11.32
-19.895
-12.003
-0.24662
-6.8952
-16.722
-16.353
-6.7118
6.5891
13.286
18.803
10.698
-0.65102
-5.5304
3.535
-10.959
-5.4151
-18.855
-12.335
1.5192
5.8842
11.933
16.516
26.979
22.821
8.4423
12.754
12.109
8.1813
-21.234
-17.118
-5.5703
0.53347
6.6252
-10.868
-9.0273
-12.439
-0.42811
-4.1469
-16.132
-22.775
-9.3356
12.911
18.792
3.8171
-9.7717
-4.8822
-4.9326
-17.925
-25.381
-1.9777
8.9082
8.5929
-2.3672
1.732
12.528
9.9384
16.038
11.855
22.767
19.807
7.3182
-2.9585
10.825
10.954
11.362
10.818
-38.721
-12.202
