-19.942
0.29504
7.9305
-1.9128
10.441
25.73
38.301
43.356
29.468
10.858
-5.8175
-15.488
-24.097
-15.508
5.681
-6.4883
-15.312
-15.97
8.557
-32.979
-20.437
-11.358
-13.894
5.8733
19.951
13.843
25.921
14.956
16.947
-13.755
-0.24087
2.2918
2.4209
-8.5445
-14.876
-6.3654
7.2282
20.297
7.5868
-8.3985
-39.288
-27.474
-3.1987
-11.582
-8.6368
-1.0555
-5.4675
-7.4118
12.421
16.934
8.8338
34.567
26.117
24.902
26.279
20.693
17.343
14.351
27.936
-8.5951
-34.409
-20.8
NaN
NaN
NaN
NaN
-43.481
-36.575
-21.038
-7.7093
-20.151
-32.297
-6.944
-8.8603
8.3263
15.821
4.7438
23.74
26.08
35.675
22.029
17.878
17.999
5.5514
-7.6682
-25.541
-27.81
-9.0638
-11.459
5.9821
-2.462
5.0591
20.983
26.127
9.4813
5.574
20.323
33.325
21.896
0.03754
-21.848
-12.851
-6.5335
-2.3507
-19.019
-1.1561
-12.315
-23.91
-30.683
-16.371
4.1567
-5.71
-27.45
-26.239
-15.12
-4.4897
-13.831
15.449
8.7448
18.745
2.4631
4.7122
-10.768
6.8584
18.108
34.487
6.6932
36.639
15.787
19.395
14.951
30.4
30.834
1.4228
2.0058
13.023
-10.7
-27.136
-20.391
-18.104
-14.396
-20.043
-30.796
-37.319
-22.726
-12.386
-10.392
3.453
-23.067
-5.5986
4.8542
8.1833
-4.0106
-1.261
12.549
26.645
22.174
15.131
26.211
18.634
3.8781
17.581
12.256
-5.8361
3.5972
-5.6036
0.64661
4.4829
-2.3289
-27.626
-34.324
-12.56
-9.6425
-17.832
-10.52
-9.372
6.1576
7.7901
25.288
24.485
17.3
8.9728
15.52
28.645
14.69
11.991
-12.599
-17.422
-4.0681
-20.553
-29.969
-32.402
-17.765
-21.589
2.5098
1.5189
-0.74278
-12.857
-10.336
29.135
17.996
14.002
14.064
7.7157
18.748
2.4427
2.12
5.605
-3.1247
-24.481
-16.575
6.1552
3.8716
-25.603
-0.44089
17.823
36.383
-18.555
-24.824
-6.3426
14.79
28.676
7.1224
5.6266
-4.0281
14.932
14.049
19.464
1.6879
-14.87
-24.049
-33.657
-16.982
-20.946
3.3493
-4.9924
11.052
-10.038
-9.454
5.8572
7.498
-3.7813
-1.3021
5.8709
-4.5843
26.371
8.8474
23.255
5.3206
4.8604
-9.9823
2.5302
-17.537
-27.979
-29.765
