NaN
NaN
NaN
NaN
NaN
-26.942
5.6917
6.0323
5.0171
-9.9031
1.8979
-11.472
-8.2917
-1.9568
15.318
17.768
25.535
16.858
8.911
2.8055
0.080771
-0.54683
11.39
17.312
16.539
9.6408
-17.18
-52.398
-40.113
-22.125
-21.567
-19.552
-21.002
-1.6696
12.714
33.45
21.584
4.1659
7.3003
-17.097
-9.7479
-5.9575
5.1557
1.743
22.458
10.379
NaN
NaN
NaN
NaN
NaN
NaN
NaN
NaN
29.367
14.075
-13.061
-23.205
-3.0505
10.371
3.1883
-9.0288
-10.858
-30.007
-26.423
-26.94
-21.155
-15.778
2.3176
-5.0737
-0.84319
-5.2983
20.48
11.672
24.531
3.7091
8.15
2.3831
14.99
-2.2183
10.639
7.0572
12.388
10.374
11.58
15.334
13.724
15.565
-11.35
-35.456
-37.681
-14.738
-28.565
-23.707
-7.8885
6.1046
14.269
32.608
35.244
NaN
NaN
NaN
NaN
NaN
NaN
15.755
22.921
32.711
23.149
8.9051
-1.588
-29.526
-30.815
-16.716
-3.9977
8.1854
1.1819
-14.514
-6.5313
2.9048
-2.7833
-6.0948
3.8909
14.633
18.511
15.929
25.818
22.122
10.061
7.8785
NaN
NaN
NaN
NaN
NaN
-3.356
-18.392
-11.941
9.9769
2.8866
-9.8781
2.9419
11.299
-0.17319
-15.978
-13.853
1.6828
-4.5767
-12.951
13.825
13.123
13.898
11.776
28.087
11.094
8.1387
-4.1378
-2.9266
-11.086
-4.1051
-8.1941
-18.935
-19.124
-1.4189
12.917
-2.7514
-0.80552
15.588
21.166
17.336
-8.13
-14.875
NaN
NaN
NaN
NaN
NaN
NaN
NaN
NaN
NaN
4.5361
-19.976
-23.073
-26.125
-25.566
-2.881
21.893
29.04
26.453
22.986
19.433
18.741
17.679
-2.1108
-30.685
-20.626
-30.432
-17.693
-22.074
-15.266
-18.568
-27.19
-14.709
17.396
27.187
22.769
19.219
3.904
24.097
19.258
1.3697
-22.398
-6.2963
19.315
16.638
1.0087
-18.499
2.7909
2.6196
-0.14635
-20.561
-3.0861
-8.625
-0.77453
-0.077298
11.052
7.2951
-5.1773
-27.018
-9.5159
-2.4822
21.2
-4.2511
-28.382
-15.351
0.6627
5.2271
0.2183
8.7027
29.988
44.711
33.177
-4.3647
-10.684
-2.1596
2.7647
-11.774
-11.495
4.9654
NaN
NaN
NaN
NaN
NaN
-10.237
-11.076
24.572
27.285
-2.1931
-6.7241
5.8659
