-32.267
-5.9991
3.8791
-15.403
7.3783
18.599
24.86
15.643
-8.9653
-19.315
-4.4683
-6.5348
-18.53
-14.715
-12.938
-3.3693
6.2924
9.4946
11.673
-0.13777
4.366
10.797
9.0847
10.685
4.8287
17.074
-0.13587
-3.8725
0.87373
-0.16662
-7.4267
-9.3599
-10.192
-3.247
10.832
12.692
2.1272
3.7227
9.4646
2.867
9.619
23.603
0.87815
-19.937
-14.334
-20.42
-13.463
-0.69236
29.121
19.336
2.1585
-35.105
-32.335
-21.446
-11.905
-29.614
-26.904
-16.032
-0.37366
14.42
18.32
13.398
9.1732
15.404
8.1318
2.5457
7.5482
20.303
8.5576
3.923
16.702
29.173
34.884
33.479
24.686
15.552
-7.8774
-13.679
-17.4
-16.25
-9.8982
-22.973
-41.554
-25.206
-19.556
-8.8297
-10.685
-23.767
-6.4405
-8.4122
6.0887
0.41919
10.983
13.577
13.677
11.671
-14.129
-6.2293
-7.5728
18.423
7.4571
20.925
17.303
13.722
-17.312
NaN
NaN
NaN
NaN
NaN
23.184
16.872
-4.9246
1.2355
26.456
39.154
29.856
1.2846
-12.829
-11.948
-3.4278
-1.4766
1.1234
5.3593
-19.024
-27.201
-14.875
-14.866
-9.0125
-8.6212
0.99892
-3.5357
3.5729
-8.762
-19.012
9.1065
6.3156
11.166
10.641
0.8057
NaN
NaN
NaN
NaN
-4.9819
7.428
8.588
0.70084
0.48909
7.5679
2.0142
-2.1133
8.8154
6.586
-9.5879
2.5286
-12.196
1.0101
-6.2706
24.079
14.709
11.371
-1.2073
9.1049
13.627
9.2532
2.5566
-10.682
-20.731
-32.372
-10.756
-1.0646
15.625
6.1945
-4.8557
-16.121
-11.886
6.6692
-1.0411
-0.42304
8.9573
-2.5416
-3.0819
-2.966
-3.2161
-26.068
-13.03
-4.963
15.904
11.537
11.836
-9.8913
-0.24881
NaN
NaN
NaN
NaN
NaN
NaN
27.799
44.649
34.551
24.847
6.976
-6.2948
-18.909
-33.276
-11.749
-6.5312
-13.611
20.032
-5.3427
-13.929
-5.1082
9.1011
-2.9736
-21.689
-29.761
-5.8672
-0.06577
0.71351
14.232
-4.5005
-10.228
-12.607
-8.8917
3.7697
21.548
21.354
16.075
14.884
14.32
3.3516
-7.4652
-2.5647
-10.331
5.6198
-4.0245
-10.635
-5.8157
25.052
13.922
33.802
19.807
12.337
-4.7618
-18.018
-17.832
-28.161
-25.215
-33.332
-23.037
1.5872
8.9231
-1.6276
-14.753
-7.9209
-2.4725
1.2635
5.339
11.944
13.258
11.616
-3.0026
-0.6982
-0.86623
26.791
29.443
41.397
23.028
-2.3749
-37.209
-26.419
-13.174
-5.0159
11.358
-2.2778
-12.214
-2.3295
-1.7577
-3.5368
4.1729
15.25
10.564
7.7273
-0.71952
-3.6099
-13.825
