-12.215
-0.21939
17.624
19.891
35.606
23.062
26.159
24.801
9.3909
-9.0681
-0.084669
-12.747
-28.612
NaN
NaN
NaN
NaN
NaN
-21.646
-22.851
-28.956
-19.433
-28.248
-25.28
-19.516
-7.6136
-9.2401
9.982
2.5312
9.8134
4.6731
21.686
32.505
44.005
15.717
6.4107
8.6638
12.523
5.1791
2.1955
-4.9629
-8.1323
NaN
NaN
NaN
NaN
NaN
4.9571
22.935
23.787
24.639
9.3034
7.2705
15.355
15.878
7.3281
2.8287
-14.832
-33.295
-51.567
-46.042
-49.816
-49.945
-41.674
-21.23
-20.315
-8.9098
-7.4241
3.1232
12.308
30.777
34.271
33.382
16.811
5.355
11.121
22.868
12.718
18.107
10.72
23.204
15.024
4.3857
NaN
NaN
NaN
NaN
NaN
NaN
NaN
NaN
NaN
NaN
NaN
NaN
NaN
-4.6795
-20.951
-13.077
-3.1814
11.139
14.553
13.122
-14.259
-22.599
-35.048
-1.276
-2.0438
-5.6456
-13.221
-32.304
-25.658
-10.09
-7.8757
-15.98
1.5004
2.8491
12.56
23.819
19.634
16.823
6.0881
16.021
23.511
3.4747
-4.465
-7.4229
-4.0733
14.422
11.448
-1.5657
13.107
8.6413
31.343
16.906
-2.0724
0.95199
8.1312
7.4363
-11.928
-21.046
-47.412
-24.292
-6.0276
6.9176
17.305
3.3315
-8.1997
-9.6016
NaN
NaN
NaN
NaN
NaN
NaN
-10.163
-12.858
-9.8683
11.997
-8.7199
-24.265
-18.372
4.5198
26.258
14.699
-3.8228
9.7195
24.436
8.2008
15.901
15.438
0.92205
-3.3166
1.2865
-8.0372
-5.7637
6.4994
-9.2072
-21.685
-5.0213
-2.1556
14.625
32.279
49.209
27.722
-19.811
-23.286
-21.378
6.2656
-10.991
-4.502
2.9603
0.011488
6.4726
-1.6073
-23.806
-21.053
-9.5084
-18.582
-15.527
-15.833
-7.0783
-20.136
-2.1229
-1.3047
15.459
22.575
34.897
23.492
8.9659
-2.57
14.343
11.588
3.597
-2.8816
2.2905
3.8061
-0.97955
NaN
NaN
NaN
NaN
NaN
NaN
NaN
NaN
NaN
NaN
NaN
NaN
NaN
NaN
15.056
24.453
18.432
2.5394
-17.032
-7.8438
-2.5653
4.3606
4.2313
0.59347
NaN
NaN
NaN
NaN
NaN
NaN
NaN
NaN
NaN
NaN
NaN
NaN
NaN
-28.258
-7.6329
-6.408
6.5824
-0.63447
-0.096076
5.0678
27.801
28.24
14.979
-2.6661
7.1785
-0.6194
-19.403
-9.0293
3.4228
3.2149
-5.503
8.4401
14.552
