NaN
NaN
NaN
NaN
NaN
-17.924
-4.6747
-0.37729
22.445
20.015
3.0027
-19.657
5.1485
0.99313
11.717
-13.357
-15.872
-35.827
-24.381
-13.231
-3.0222
3.8928
5.8265
-24.9
-24.326
-6.9652
-5.6917
-1.7299
-19.834
2.5657
9.7779
4.6897
13.451
16.703
26.408
11.323
16.601
3.8496
6.5194
-9.2667
1.7356
5.2582
13.109
11.056
9.065
14.156
NaN
NaN
NaN
NaN
NaN
NaN
NaN
NaN
11.836
3.0069
-5.764
-34.697
-41.528
-36.113
-30.5
-45.465
-30.911
-21.618
-10.959
-6.3455
-12.31
-11.104
-10.894
-2.8747
21.43
-3.2667
3.2657
-21.051
3.7517
-3.056
12.322
14.302
34.226
29.292
36.864
27.883
38.13
19.482
18.843
15.189
8.5035
19.027
21.598
8.5398
-12.028
-19.861
-26.358
-8.4848
-11.697
-0.85616
-0.63193
-12.493
-8.2069
NaN
NaN
NaN
NaN
NaN
NaN
-0.75692
-0.2346
16.7
-6.1112
-25.185
-45.162
-42.598
-21.36
-21.128
10.51
19.49
11.581
2.9488
21.564
19.014
33.287
26.86
23.534
24.111
24.497
17.157
43.072
43.584
42.722
23.543
NaN
NaN
NaN
NaN
NaN
-22.46
-8.9653
-22.197
-22.866
-22.356
-21.379
-7.9838
7.2691
0.83485
-6.7819
-6.9909
-17.558
-16.28
-15.547
-3.5333
-42.183
-17.92
-28.239
6.7697
11.308
30.523
34.28
38.849
11.224
20.871
30.785
3.3305
-8.2343
-2.672
20.328
8.3225
13.126
-2.5835
8.7885
0.38819
-0.094234
-16.206
NaN
NaN
NaN
NaN
NaN
NaN
NaN
NaN
NaN
31.69
35.023
30.678
26.381
3.2925
6.6231
6.7848
-6.2532
-16.013
-8.5354
-22.707
-40.558
-28.023
-28.185
-43.867
-32.404
-27.058
-28.528
-21.922
-5.1779
0.46532
6.9487
20.128
32.436
42.573
48.784
26.905
7.875
19.72
14.975
8.4197
-4.6227
-2.667
7.5842
19.778
25.379
0.68146
2.3068
13.493
8.564
-6.4483
-19.575
-15.664
-4.2428
-11.004
-1.4476
-22.461
-12.525
-17.487
-3.9809
-17.628
1.6708
-0.38001
-1.8474
5.9399
-18.526
-16.771
-8.7521
-2.97
-0.39854
-3.5084
-1.0914
-15.673
-13.008
-15.828
0.60004
16.36
35.427
26.721
NaN
NaN
NaN
NaN
NaN
-0.77877
-11.934
32.217
25.294
14.262
6.6234
9.1161
