-9.1614
-2.0808
24.64
14.772
4.4493
15.562
7.3063
4.1548
-0.17533
-7.7373
2.1603
-7.2211
-12.644
-13.734
3.0802
8.8857
-4.6635
-10.175
1.6676
-8.2969
-4.9625
-3.3308
-5.5123
0.70207
0.36835
-2.4686
-0.59248
-4.2293
0.64283
-5.4632
4.9297
5.7312
3.0986
-1.0411
-3.9764
7.754
21.412
19.658
4.2489
-2.306
-16.684
-11.058
1.1083
3.9536
-2.0903
-1.0697
-5.3598
-6.5779
-5.0307
4.6238
-7.5557
-4.2936
6.8751
14.183
13.124
10.484
10.482
-3.8276
-1.789
-18.745
-12.479
5.6242
NaN
NaN
NaN
NaN
-8.4051
-21.656
-10.974
-8.5767
-12.811
-17.742
3.7729
12.741
24.734
8.1219
-4.3235
2.1083
3.5436
-1.4738
-22.607
-22.174
-14.115
1.361
23.839
4.1162
8.1793
-4.3214
3.7752
28.862
7.0003
8.694
5.4022
17.742
-0.61671
-4.9894
-2.2428
14.091
7.946
-8.6831
-19.486
-14.567
-2.3374
-11.493
-20.698
-19.593
5.1271
0.97596
-6.742
-4.1521
12.619
10.762
3.1598
4.1046
6.3453
3.4823
-15.774
4.2808
8.193
8.1356
0.72562
-14.245
-14.424
-9.1439
-5.2317
-2.6186
0.30484
21.49
-2.8667
-8.3086
-8.97
9.2165
29.193
30.319
34.413
12.755
-14.744
-10.812
-8.9908
-8.755
9.7137
3.5807
-15.927
-15.49
-6.9594
-4.6658
-12.264
-13.057
-23.317
-5.3759
-2.1701
1.0777
8.7697
19.583
23.26
12.121
1.4467
-6.7727
1.4327
-0.49733
-12.797
-11.896
-8.161
-8.4644
4.1013
-1.8883
-3.2415
11.437
14.656
-2.7999
-12.615
-0.07391
4.7404
2.2626
3.8232
10.388
16.759
18.283
11.08
8.8066
-9.3061
-19.363
7.4431
17.537
-1.4357
0.4036
-12.771
-7.1251
-6.6369
0.93435
-7.4223
-15.736
-19.427
-17.899
-5.9327
8.988
2.2828
-16.919
-27.416
-15.618
2.3624
15.184
23.02
29.392
28.88
9.5401
4.1841
-1.6691
1.7568
-5.428
8.7328
15.776
7.1851
-10.731
-3.8332
-7.1712
3.58
-7.7167
-8.6677
-22.781
-20.737
-5.8741
-0.17424
6.5701
2.5299
21.105
17.231
11.358
-2.2068
1.8829
8.5457
6.5828
2.3711
-12.467
-4.6777
-11.33
3.4702
-10.268
-18.071
-12.004
-14.615
-3.2403
7.0839
4.0804
-5.9259
6.4241
2.0661
0.27777
-4.3675
9.1915
25.026
29.904
-10.961
-27.849
-7.6879
