-39.287
5.3025
-8.7733
-3.6108
-3.3644
5.4173
-2.0598
3.1989
-4.3029
-5.0046
-6.0501
-21.655
-9.3986
NaN
NaN
NaN
NaN
NaN
7.1072
25.749
27.184
13.578
8.7849
-7.4574
-8.5803
-8.2275
-11.87
-0.55742
7.4833
12.863
12.165
4.606
-10.591
-2.9534
-10.946
-6.3316
-6.5169
-0.23887
2.3638
14.681
7.0555
12.807
NaN
NaN
NaN
NaN
NaN
-8.0642
7.7794
-8.3172
-10.686
-6.9608
-13.273
-14.769
-2.6695
-5.8231
-0.52998
-4.3753
-1.4846
6.7026
16.018
28.069
27.873
20.484
24.143
7.0241
-7.2679
-1.7648
12.709
12.006
1.6236
-5.1892
-14.648
-6.3432
-9.8673
-13.029
-5.6833
2.9074
14.038
11.253
-3.0246
-9.4067
-11.027
NaN
NaN
NaN
NaN
NaN
NaN
NaN
NaN
NaN
NaN
NaN
NaN
NaN
0.78445
-18.531
-0.97077
-2.2411
4.8441
10.047
11.721
16.225
23.514
23.155
13.27
0.20087
4.6232
11.762
10.319
-3.6873
-11.652
-15.113
-5.3413
-15.597
-7.4405
3.1928
-0.23135
-2.9815
-3.2441
-11.393
-10.843
3.8293
-9.8716
-3.4829
13.632
13.07
3.2938
-4.4119
-6.2067
-10.706
-20.82
-3.2297
-18.13
-14.688
-3.3004
16.295
28.329
32.635
30.871
29.538
8.7514
-24.919
-13.338
-6.4076
12.862
33.568
15.101
NaN
NaN
NaN
NaN
NaN
NaN
0.19575
1.9724
-15.195
-3.9532
17.963
6.0403
13.512
19.72
14.944
-0.16048
-8.2425
-4.4077
3.516
1.8637
4.6652
-0.9061
11.502
15.441
17.616
14.695
7.1591
-2.3077
-8.3687
2.2272
3.2092
-10.808
8.6482
-17.533
9.2304
-9.9782
-20.198
5.1321
-12.102
-23.115
-6.3276
-17.253
-16.839
-17.329
-4.4358
5.7624
-4.6957
-2.4602
3.693
8.5445
6.9252
7.8698
28.12
21.38
35.203
23.178
14.647
0.22938
-15.921
-16.275
1.879
2.9442
-11.966
-16.425
1.367
-2.4144
-5.5746
-2.4219
2.0824
NaN
NaN
NaN
NaN
NaN
NaN
NaN
NaN
NaN
NaN
NaN
NaN
NaN
NaN
8.3925
24.641
21.281
-7.1071
-13.97
-7.8138
-1.566
0.25988
10.669
7.7542
NaN
NaN
NaN
NaN
NaN
NaN
NaN
NaN
NaN
NaN
NaN
NaN
NaN
19.971
5.8615
-11.989
-2.8807
8.9226
6.1632
3.6637
1.4386
-6.4928
1.0668
-0.83618
-6.8966
2.2293
9.1565
7.1689
-7.0118
-4.5022
-0.47852
10.495
-8.79
