54.369
-47.718
-37.532
1.0869
-32.742
-14.195
-18.209
-63.89
77.132
48.345
-38.425
25.469
33.152
8.906
-19.71
48.096
76.943
128.61
104.53
-12.009
-51.082
-6.7801
-52.574
-75.667
34.984
44.058
-42.261
8.5795
-36.524
-76.767
-17.423
-59.205
-46.045
-9.7342
5.392
120.16
-38.989
-160.93
-49.447
13.399
98.443
67.318
9.789
7.9403
20.294
26.749
-69.903
5.6346
-53.91
26.859
124
-27.794
-36.278
-20.95
-25.056
75.09
103.72
-12.347
-68.996
-9.7478
64.752
-16.876
-50.212
-4.4287
-6.3273
59.656
-33.578
-61.988
-147.06
17.014
183.65
111.91
154.11
93.942
-42.091
-36.509
3.5904
-66.802
-51.05
-150.73
-102.12
-109.67
-135.73
-26.644
28.767
-29.205
-27.386
53.887
68.511
31.585
26.622
107.97
16.812
65.816
-18.023
23.715
-16.669
36.064
26.428
5.3768
55.011
23.429
57.874
31.199
28.805
-7.4512
-64.402
-23.115
-11.49
NaN
NaN
NaN
NaN
NaN
NaN
NaN
NaN
NaN
-35.506
54.464
82.998
-51.856
23.44
122.37
56.943
-6.0011
76.874
101.54
81.422
-29.14
-5.8948
7.4306
14.566
54.146
-43.832
-107.6
-116.34
-124.71
-38.011
-47.123
-55.564
-9.0469
-34.713
8.0634
-13.945
-9.9641
-42.761
70.716
80.804
41.229
25.951
28.533
119.35
22.827
54.718
107.41
34.038
-59.754
-3.7697
26.465
-21.05
-27.856
117.36
55.324
-21.205
-0.54975
-33.391
-81.001
-117.2
-69.724
-53.833
-43.446
-39.92
-54.572
28.125
44.973
-51.681
-79.574
-75.328
-23.547
11.497
-44.455
21.467
111.84
50.798
43.709
51.242
72.043
31.557
-21.494
-2.9073
64.289
60.114
-66.116
-30.656
48.873
65.781
-17.219
-1.131
71.087
-9.9636
51.313
41.997
6.5156
33.744
-3.3339
-59.748
-27.819
-15.892
-20.482
-16.356
-38.098
-165.68
-136.94
-54.181
-71.681
5.9961
-54.404
15.974
42.842
38.867
35.425
31.448
-15.666
-18.191
7.2282
61.141
34.546
24.036
48.914
18.733
-23.086
-61.612
11.169
51.7
165.93
42.162
74.852
61.204
63.619
32.962
-89.075
-59.581
-39.239
-52.917
23.684
15.505
-82.586
10.782
-43.104
-65.454
-48.97
-106.15
-28.346
21.573
27.862
18.581
-29.351
36.862
35.144
-44.764
-46.962
-2.8981
-21.403
-93.581
-10.476
-4.0483
89.197
83.399
82.277
50.155
0.2791
76.875
-0.64173
-41.021
-28.544
-47.524
1.9284
101.6
70.209
21.49
-10.497
32.057
-28.2
-94.121
51.441
61.177
-59.148
-86.83
-52.653
15.481
9.7221
-29.417
-75.336
-11.127
36.309
-6.7046
-29.262
-21.265
94.743
-17.341
-38.098
47.84
20.894
12.927
-4.1244
39.299
10.884
34.822
17.883
-40.979
-107.87
