-5.1128
4.0902
-59.855
23.918
-2.4387
-51.218
-51.714
23.826
44.019
12.814
-39.852
22.876
23.683
-10.799
27.511
20.693
36.37
10.791
-70.047
-28.7
18.294
53.327
7.545
-7.6014
-59.806
-22.653
13.31
-14.501
-64.041
19.05
42.326
49.337
68.951
52.226
98.854
-7.7421
-42.642
-70.889
-26.728
-67.135
-30.358
18.644
15.839
-2.514
-66.884
-47.43
-29.121
-40.544
-32.987
-99.146
-55.562
16.554
86.337
69.773
87.472
105.32
107.65
75.914
110.14
-20.643
-18.878
-11.693
-71.622
-107.77
-2.3598
27.238
-51.952
-64.505
36.681
-42.204
-1.3666
5.132
-62.868
-69.274
-48.129
20.047
63.441
11.442
70.565
30.922
57.236
49.727
31.081
35.113
3.5393
-50.848
-44.486
-15.9
-89.295
-52.613
25.111
1.9417
16.434
-6.25
-88.937
40.915
0.21222
5.6746
5.3123
40.588
-35.251
-1.5007
28.007
33.21
-23.329
-78.989
-1.5755
16.613
44.084
66.368
63.218
109.47
109.35
-37.377
-41.368
-32.281
-25.1
-38.26
3.3469
-26.495
-42.953
21.967
-51.614
-13.725
-19.729
-53.54
-40.163
20.157
2.1907
-28.974
-58.584
-56.126
17.201
39.002
-47.17
25.004
65.933
54.315
50.917
75.151
31.002
-5.3632
36.403
-77.513
-29.957
18.985
49.251
44.597
37.642
-12.64
-46.156
17.308
-41.125
-44.059
-33.07
-39.13
-1.4549
23.97
16.267
11.002
-27.497
-20.828
38.736
26.719
16.367
40.375
60.452
-43.592
-66.431
-34.243
-27.63
NaN
NaN
NaN
NaN
NaN
NaN
0.62334
-76.835
46.958
54.174
17.621
-1.8542
56.647
24.349
13.533
17.228
20.342
55.249
89.98
43.946
-16.576
-88.05
34.77
66.639
39.447
-23.016
-13.26
28.517
21.019
-77.725
-99.43
-62.91
-20.812
-33.238
-78.836
-5.7997
-35.072
26.406
-45.884
-16.853
-4.2681
9.6467
67.8
50.877
26.579
6.0661
14.2
44.035
59.256
NaN
NaN
NaN
NaN
-28.793
-22.794
40.73
11.272
-52.994
-12.309
-0.71572
35.655
6.0834
59.566
36.433
-44.054
-75.45
-0.16014
-0.28164
-5.7724
-29.013
25.993
58.09
34.065
-13.037
-127.06
-85.945
18.306
7.6567
26.098
29.201
19.1
-20.743
29.903
62.381
