NaN
NaN
NaN
NaN
NaN
NaN
NaN
NaN
NaN
-22.425
-38.551
-46.65
-26.397
1.2904
3.0194
18.343
49.589
58.293
-0.45054
-44.807
-8.218
30.469
19.997
42.966
18.659
-34.632
-14.53
-23.996
-19.637
-25.117
-5.7369
-5.0045
-8.3205
-17.635
13.683
29.495
-1.4832
-39.647
-2.3676
37.009
85.049
51.325
-0.17008
11.197
-9.0243
-3.5399
-8.757
-84.505
-10.815
-8.2825
21.901
-33.429
-99.559
-14.352
38.099
24.03
18.545
23.403
66.019
-62.797
-157.27
NaN
NaN
NaN
NaN
102.51
5.9686
-22.801
-54.131
-13.484
17.856
19.632
-34.697
17.1
42.599
88.712
4.3451
-102.13
-39.316
-22.94
-36.973
-36.321
-59.359
42.901
-1.6723
21.749
36.054
13.573
39.788
-2.1942
58.908
18.256
32.425
37.628
-52.641
-44.014
28.922
-22.681
-10.4
-10.806
-74.14
-75.671
8.9936
-21.9
63.157
52.386
26.671
-20.217
-27.986
-6.4988
17.096
5.3145
-43.207
-47.788
-30.386
-0.52123
-29.488
-11.791
61.926
116.69
120.82
65.849
1.9925
38.291
-82.014
-104.4
16.407
3.1893
13.668
41.109
-20.497
-28.921
-68.613
-11.55
-29.334
36.166
-35.242
1.3158
-8.2071
-24.272
-0.12472
23.678
-0.76329
-27.192
-24.999
11.015
25.782
65.993
37.83
-43.273
-42.859
-14.514
27.562
39.24
77.909
3.3121
-31.94
-55.668
7.0409
-55.877
-113.89
-72.087
189.15
-14.611
1.5091
67.717
67.353
131.52
NaN
NaN
NaN
NaN
NaN
NaN
NaN
NaN
NaN
-31.264
-10.758
-16.075
26.742
-10.491
10.433
-9.6283
39.67
-18.111
-56.737
-22.449
-30.969
-13.696
53.507
7.4901
1.6285
14.332
35.528
64.279
-12.519
-6.8153
-31.721
-8.9327
-2.8455
69.045
25.63
75.41
20.875
18.242
-37.59
NaN
NaN
NaN
NaN
NaN
NaN
27.322
-26.583
-1.6004
14.471
28.155
-19.073
-12.124
33.466
38.233
84.145
28.704
-7.6523
-0.70435
-2.5202
-18.529
-45.228
-39.186
-47.585
-28.282
-35.561
-76.689
-17.13
7.0828
-62.162
11.471
14.427
48.214
51.23
60.428
52.943
-24.782
6.5816
55.945
71.027
108.3
-26.654
-85.076
-48.626
19.461
31.078
35.324
33.126
-11.843
-7.6831
-52.627
-28.019
-43.572
-28.396
-34.987
-80.532
2.1999
66.523
-11.385
-89.239
NaN
NaN
NaN
NaN
45.861
50.926
9.0226
5.3916
9.2523
28.772
27.867
64.079
50.888
-36.273
67.105
31.97
-30.784
-22.382
-21.412
-14.84
-19.997
-57.587
-76.527
-30.137
3.1241
48.821
-26.553
27.802
18.774
10.65
26.668
15.077
-20.068
3.8655
23.277
55.357
-20.756
-62.141
-31.885
