2.8143
-49.221
-65.203
-8.5346
-27.466
28.542
21.668
-35.282
18.576
65.245
71.85
-4.2415
2.3813
43.737
32.711
68.939
40.282
33.061
68.078
31.473
20.076
-31.112
-44.694
-105.65
-73.809
7.4318
-3.2171
31.3
31.021
-37.404
-72.241
-41.009
-14.748
-35.425
19.819
70.488
-16.751
-68.147
-69.178
-38.196
38.795
45.724
-41.942
-66.582
-24.006
22.948
-66.649
-35.245
34.756
60.04
67.973
18.214
13.179
9.4236
33.916
61.642
38.655
24.133
-7.7034
51.906
77.448
19.806
58.01
89.272
-22.574
5.657
26.923
-18.209
-108.38
-142.18
-3.122
10.413
4.0373
30.148
5.5195
-93.796
-40.227
-36.28
-15.577
1.6961
-97.515
-129.9
-64.277
-9.5991
23.833
-0.69011
-26.776
17.84
64.739
42.187
17.748
36.382
77.922
89.806
80.526
1.1735
8.5472
10.147
12.851
-17.51
19.569
9.2043
-14.062
18.885
20.456
12.681
4.004
14.84
44.811
NaN
NaN
NaN
NaN
NaN
NaN
NaN
NaN
NaN
-19.698
16.926
34.094
23.442
-21.789
-3.8725
-32.475
-54.806
-2.5651
26.082
21.807
17.738
20.876
-31.202
-19.944
-18.515
10.036
10.392
-15.301
0.5587
-3.0075
15.29
8.2952
-2.7043
5.1475
-0.8808
-4.5613
11.447
-8.0035
-1.3706
40.499
39.226
67.227
11.764
25.526
22.122
-32.989
15.721
30.72
-1.3253
43.123
44.443
47.208
-3.839
16.997
27.332
-57.84
-70.205
-61.816
-41.35
-87.299
-93.032
-52.752
1.3224
-15.463
-57.392
9.378
19.186
66.163
-64.171
-56.057
-61.708
-57.228
-43.987
-24.551
35.637
57.964
59.443
115.67
121.63
116.86
81.171
-22.754
-6.5854
48.419
12.334
1.772
42.778
56.394
-20.571
-12.378
10.145
-40.341
38.38
52.335
-41.088
-24.396
-19.693
-61.608
-24.323
-27.452
22.919
41.802
-23.224
-127.88
-157.79
-127.4
-78.325
-46.578
-2.5562
-37.175
-15.383
27.948
31.497
2.6518
18.519
3.6624
34.515
94.045
43.686
60.501
85.901
72.31
42.598
51.713
20.094
10.262
91.807
52.029
0.20269
58.515
-10.038
-34.062
-56.662
-23.366
-19.906
6.5494
-40.611
-0.41974
-51.12
-47.369
-32.178
-41.076
-32.761
-72.989
-23.314
-9.006
-20.071
-24.954
-6.0322
8.8236
-3.9434
-7.1317
-17.989
-18.15
0.02921
-36.862
-36.403
-41.671
45.686
121.21
47.528
44.8
51.139
37.459
-2.7236
0.31055
79.626
55.718
23.67
-6.3939
-15.262
-68.372
-38.502
-9.7065
13.584
43.522
33.346
62.563
9.3668
-47.161
-45.438
9.0202
43.673
47.796
-12.252
-49.219
-41.509
-119.47
-87.374
-67.524
-10.657
-18.84
-8.1352
38.533
9.7025
31.623
32.202
22.284
28.748
6.6075
45.89
-9.8169
-46.539
