18.483
29.92
-25.894
-21.557
41.103
34.868
-22.429
27.515
13.371
-12.799
-31.347
-49.07
93.927
4.6062
32.897
55.212
15.687
-78.458
-65.766
34.545
49.541
-12.277
-33.167
1.146
32.874
-33.187
-46.807
61.677
28.313
-49.495
-79.127
-37.803
-19.368
0.12327
4.452
-23.968
-23.737
-38.789
-17.744
44.76
-25.442
91.793
70.635
23.523
61.96
5.7813
-18.558
25.979
15.46
-33.217
-37.976
60.711
-6.8625
20.905
55.972
-18.403
-31.838
-26.528
-24.597
-114.96
-49.051
84.07
17.263
NaN
NaN
NaN
NaN
NaN
-114.24
36.18
-8.4958
-29.559
31.865
95.511
110.19
27.908
-16.822
50.76
-14.876
-41.843
-31.42
-95.496
-47.477
50.907
52.674
-23.445
-87.448
28.887
74.601
42.054
-22.721
-43.724
37.059
97.514
34.194
-82.198
-12.155
-36.596
1.5715
21.281
30.113
35.519
-20.852
-39.037
-74.538
-42.305
-14.172
3.5791
29.053
-3.541
28.941
51.081
-12.076
-81.172
25.231
42.873
38.188
82.764
0.29328
-24.196
-58.444
-59.421
-13.208
-5.3383
50.301
70.446
-7.4314
38.906
-26.499
-89.537
-101.25
-47.865
1.7779
-34.006
69.506
33.096
16.997
59.279
71.82
7.2837
10.676
-2.3637
-59.189
13.363
9.394
105.64
3.856
32.883
43.221
-43.381
43.841
-48.458
-83.38
-26.448
-72.18
-17.754
-12.703
-102.13
-44.533
-22.212
-36.188
-14.076
71.865
105.48
-60.812
-15.827
14.211
60.088
0.050425
41.264
3.767
1.8322
21.422
-6.0811
42.564
73.626
28.627
107.3
108.09
27.091
-94.029
-133.49
-6.3297
-68.318
-40.106
42.112
10.775
-34.157
53.444
65.906
-67.072
-99.371
-36.773
-89.72
-2.4138
-39.939
61.978
31.822
-44.856
-120.09
-1.4481
69.552
-49.46
-32.597
26.126
42.107
-31.187
-2.288
83.798
92.67
92.032
55.427
135.68
97.571
0.75541
-17.585
-51.667
-16.41
-22.776
36.513
10.16
-54.17
49.105
-45.313
-95.038
-124.72
-46.122
NaN
NaN
NaN
NaN
NaN
72.077
-1.2797
-83.639
-113.3
-124.37
13.85
143.18
82.291
26.973
49.033
-7.5845
35.935
-23.415
37.273
70.794
93.614
98.544
86.908
22.141
21.112
-2.7005
-18.353
-89.832
-62.162
-32.926
-32.311
-13.349
-3.4942
-44.529
-57.801
-34.001
-4.5849
32.499
58.651
-38.046
-14.918
-20.374
-16.592
-58.093
40.688
-59.247
-84.193
5.7165
32.577
94.57
51.131
21.347
-10.318
25.737
17.813
62.279
-29.264
-24.566
-2.3949
3.6005
-8.3442
-49.142
44.334
5.4115
8.37
36.728
38.03
18.316
-27.114
-15.581
42.876
-8.27
2.7071
-66.775
4.6578
32.792
-50.138
-5.7305
11.013
49.272
4.053
-92.584
-44.329
-60.629
-14.808
15.078
-2.3068
-5.6459
40.195
5.3126
-58.422
17.123
60.443
