40.468
-39.714
-31.572
17.896
-31.677
-15.31
37.749
-6.999
30.409
52.709
-4.7666
30.588
-25.525
42.328
-19.229
40.482
-29.838
78.683
50.237
-1.3448
48.168
-41.342
-74.632
-60.516
61.037
54.599
-26.46
42.696
-6.6278
-48.864
-8.8422
16.05
-3.6238
-51.324
34.237
24.607
-102.23
-128.75
-79.906
-34.596
77.524
26.845
-63.191
-6.4375
23.292
-13.17
-42.396
15.076
51.449
28.068
88.097
40.993
-9.589
40.776
-31.806
22.688
5.2176
-10.145
30.023
25.989
45.878
47.641
32.42
38.261
-13.585
5.0774
17.214
-3.2556
-56.898
-114.19
35.956
27.032
63.755
39.102
-21.397
-74.219
-69.942
-40.682
-14.652
-62.659
-173.95
-108.98
-97.627
32.439
112.43
44.571
16.62
61.079
2.6524
22.847
25.977
85.867
64.015
29.054
-6.8806
-34.509
-58.837
3.5407
49.009
28.545
72.951
20.476
47.979
69.813
-24.751
7.1378
-31.53
-34.612
-12.86
NaN
NaN
NaN
NaN
NaN
NaN
NaN
NaN
NaN
-56.001
54.612
46.389
-80.651
-16.068
68.718
81.754
29.546
58.035
59.358
11.228
7.8271
19.401
7.6587
-42.143
-24.48
-81.063
-86.14
-66.704
24.114
8.0196
-2.2344
-34.132
50.397
-40.209
19.609
-13.289
-68.151
-25.927
30.19
52.882
49.797
12.912
-35.369
76.744
32.879
25.755
50.662
23.349
11.847
14.116
52.344
96.684
-4.2419
74.622
38.383
-8.8394
10.379
-72.558
-85.874
-115.37
-108.12
-38.052
6.7085
-59.844
-88.911
41.35
40.064
-27.388
-74.843
-120.11
-83.138
-124.45
-108.37
9.0767
61.786
97.057
115.86
192.81
164.19
85.595
49.088
12.071
40.451
52.503
-36.91
-19.037
13.356
59.472
-39.296
-40.165
53.845
-42.943
68.95
48.24
-3.0869
32.99
-40.543
-87.703
-34.999
-21.352
20.449
-23.267
-86.234
-145.28
-145.81
-82.312
-105.19
34.911
-4.2941
-31.78
28.123
-17.611
13.543
36.1
64.76
28.806
59.61
81.16
15.61
32.754
53.06
28.153
32.268
0.72612
-13.355
39.365
110.03
-17.308
62.483
94.931
25.449
33.855
-7.7121
-44.019
-28.386
-44.298
-67.434
-43.253
-57.721
-57.53
-13.206
7.5222
-57.145
-64.266
-47.64
-16.925
-4.2582
-34.5
-75.776
-16.233
20.199
83.994
9.6022
4.2849
-2.7795
23.875
-15.466
15.511
74.179
36.271
-4.3338
59.019
5.7475
-16.749
-41.556
-16.897
21.251
31.863
80.839
46.313
5.1457
-34.977
-19.525
30.498
23.423
26.007
29.665
38.179
-41.833
-29.457
-32.338
7.6895
-7.3938
-25.055
-99.852
-29.377
-3.7408
-70.753
-41.139
-42.974
77.471
-1.1778
-39.422
26.806
11.357
22.692
24.188
67.73
58.59
3.169
-13.17
-63.774
-58.78
