21.199
-52.693
-7.7471
57.173
20.502
55.531
76.148
20.73
11.333
-3.0279
41.926
74.302
22.749
57.94
-23.79
27.171
-34.613
-60.103
22.845
-61.113
63.512
-15.769
-131.57
-93.221
22.785
93.198
-48.26
22.241
81.732
23.386
-60.592
-30.773
1.5303
-48.405
-4.8282
73.436
-30.543
-85.949
-20.591
23.366
4.9723
-16.661
-36.768
-13.299
3.2638
3.2787
-65.223
-17.357
46.847
64.54
67.463
41.527
25.406
-42.518
-1.2392
85.531
-60.301
-63.798
20.946
90.374
105.7
46.018
84.887
65.688
-51.61
-56.165
-53.373
-47.697
-122.59
-105.37
23.085
48.425
28.012
29.311
16.681
-78.835
16.731
33.62
21.58
46.716
-114.86
-177.95
-78.81
-25.678
60.547
-19.301
-19.013
13.41
86.856
61.346
51.383
35.856
22.384
28.017
48.471
-19.844
-3.7942
-27.167
-7.858
-24.023
39.141
38.284
44.759
23.25
-34.63
30.412
18.309
8.8426
35.017
NaN
NaN
NaN
NaN
NaN
NaN
NaN
NaN
NaN
-31.306
52.164
82.32
92.085
83.157
97.034
18.081
-15.609
-4.89
-19.396
-33.497
6.5384
12.407
-55.71
-86.365
-47.068
-104.57
-147.37
-74.114
13.59
57.428
57.772
32.355
96.967
-8.579
4.1724
6.2796
59.572
-16.001
-62.927
17.637
53.415
87.907
-38.91
12.993
67.204
26.249
-54.142
-12.256
19.691
64.782
78.008
168.73
83.64
31.663
-85.179
-153.75
-73.152
-86.658
-26.654
-64.233
-61.296
2.3846
-4.6352
-29.789
-38.73
39.273
17.716
52.813
-57.363
-120.31
-116.54
-137.82
-117.09
-94.254
38.71
93.773
96.029
190.73
164.5
124.63
88.833
40.912
27.266
13.531
3.2197
-1.4208
18.773
25.134
-22.928
18.468
45.424
-57.966
27.447
81.492
-11.381
-38.792
-40.297
-77.703
-13.552
-10.409
71.694
52.26
-39.525
-156.63
-192.11
-130.81
-80.05
-77.993
-22.093
-50.464
-116.08
-93.71
2.9865
101.29
95.32
54.899
96.742
165.55
127.53
96.719
57.329
50.122
8.1131
-22.63
-43.289
-58.704
139.34
49.193
27.711
107.98
51.135
-16.455
-37.292
-45.622
-28.492
-45.656
-83.615
-28.118
-57.674
-52.592
2.0526
7.6615
1.1314
-88.038
-74.255
-22.141
-30.656
-71.556
-63.199
-45.089
41.025
88.689
44.59
-45.657
-57.291
-56.641
-16.509
15.735
103.77
123.95
60.36
70.129
-21.297
8.2951
-56.523
13.707
112.8
83.043
144.16
119.17
-3.6425
-148.12
-123.63
-10.158
-51.177
40.102
51.79
7.8025
-64.53
-67.856
-16.38
-10.542
17.155
-29.533
-52.042
-22.237
3.5582
-50.375
-71.302
-73.479
36.5
21.988
48.219
55.624
39.28
23.336
18.481
29.553
56.491
-13.834
-59.668
-118.07
-80.047
