-34.287
-36.283
-33.29
37.719
11.498
20.311
21.83
-41.548
-15.976
34.616
65.74
89.998
40.237
32.261
-9.0336
72.406
-43.33
-68.716
-11.94
-43.184
2.8932
-40.164
-62.014
-22.496
-6.269
-1.2336
-2.6372
54.965
20.964
-0.30209
-2.144
26.944
-1.1968
-48.488
50.668
64.683
5.3421
11.299
2.8743
-34.582
-8.4779
-17.119
-84.011
-72.592
-52.622
-44.549
0.25214
15.405
5.3929
49.565
54.138
8.3219
20.432
18.693
7.9159
34.509
-14.676
-18.058
13.183
54.268
45.204
51.172
71.268
67.207
9.7037
-24.434
15.836
8.5607
-52.344
-110.15
-75.603
-73.387
-94.336
-78.83
17.777
-42.431
-17.09
14.752
44.502
60.354
-34.047
-23.308
23.619
59.057
81.501
13.519
-5.1484
33.108
54.138
17.654
23.573
-33.178
-3.9196
15.022
-3.6239
-20.38
-0.31555
-13.465
-33.476
-20.377
-0.12583
-3.4047
-31.236
-7.3963
-17.032
13.787
11.501
8.2671
38.893
NaN
NaN
NaN
NaN
NaN
NaN
NaN
NaN
NaN
10.633
51.316
78.393
67.038
36.616
25.148
-25.802
-14.58
22.26
-6.7415
-11.956
-1.6507
36.955
-23.819
-56.752
-66.894
-72.677
-48.646
-13.968
18.01
0.80889
31.144
23.956
13.84
28.591
51.433
3.9084
-12.573
-7.7872
-6.7937
-44.272
11.869
35.206
-13.942
15.417
21.381
1.0023
-20.645
-25.774
18.583
52.129
35.884
73.985
-21.396
-34.727
-21.154
-33.456
-58.928
-15.717
30.364
18.879
-6.7405
15.585
11.02
9.9496
-20.292
41.356
7.4112
24.587
-6.2701
-46.5
-39.029
-61.189
-63.715
-87.365
-41.283
-25.633
-8.9146
60.566
93.022
50.157
37.329
29.107
-6.555
21.032
9.7147
12.245
62.9
39.913
-38.539
-3.5548
-1.6923
-26.01
28.99
26.188
-1.8215
-15.306
-25.108
-21.256
22.47
24.761
66.142
45.443
-2.9108
-71.481
-79.868
-50.442
-55.018
-35.632
6.7526
-52.453
-62.84
-68.016
1.0803
27.057
30.17
24.233
38.64
45.643
7.781
0.71124
38.767
9.744
39.121
38.331
-8.1007
18.996
79.054
9.0842
-32.617
33.233
-2.6308
-29.225
-23.572
-29.066
23.429
-4.4574
-12.81
6.0882
5.7431
-25.634
-17.279
7.8694
29.572
-18.502
-34.821
-6.8697
-17.694
-39.127
-6.876
19.07
24.907
52.253
-5.7487
-56.367
-21.597
-85.49
-72.587
-67.273
5.7091
73.266
38.448
53.358
25.5
32.231
14.559
37.37
71.91
35.374
66.359
24.323
-60.104
-82.334
-25.899
-7.4994
-30.318
55.509
24.89
-2.7156
-28.538
5.5844
-7.2105
-45.394
0.61244
12.02
3.6307
38.682
-11.29
-46.449
-36.273
-8.4043
-28.874
-12.774
21.709
28.709
17.639
23.786
-13.502
5.1162
20.762
-10.459
-13.102
-13.829
-18.921
