-16.849
3.7132
33.082
54.793
-10.354
-86.331
-32.88
-50.395
-22.332
-16.765
-23.923
17.96
3.0512
-40.401
5.5527
7.371
0.43131
-31.615
-22.021
-4.7463
52.741
56.81
37.334
-36.352
1.1306
24.953
-32.243
-92.21
-37.66
-48.187
26.605
6.3155
-2.5811
-1.102
27.639
26.977
-12.906
8.7632
5.6025
-22.046
-1.5025
25.854
40.889
38.934
18.181
56.878
62.948
69.783
33.524
-46.857
-20.126
-22.945
-10.865
-47.192
-54.266
-85.435
-26.702
-44.162
-7.2585
6.3483
23.288
-17.542
-32.21
26.712
-7.9956
-17.89
32.447
37.523
32.07
9.6097
-24.953
-56.45
17.508
47.788
9.6547
45.799
47.651
13.233
-8.613
14.326
-48.56
-41.8
-76.334
10.845
4.8935
18.118
32.544
-41.876
-9.4437
29.767
70.319
44.29
40.834
-5.4767
-66.978
8.8592
-46.875
-33.465
-28.859
-25.76
0.019735
60.158
48.191
44.004
-15.458
-10.503
7.3716
7.3426
7.7743
18.237
-41.871
-62.021
-73.688
-22.585
-63.204
-13.755
10.147
18.213
47.868
-7.8412
-30.459
8.4158
30.702
57.615
23.535
19.449
14.549
1.8455
73.715
54.293
18.824
-37.407
-32.02
9.4131
-12.395
-6.1518
-7.2197
-12.487
7.3436
11.983
28.263
-4.9377
-32.061
-92.379
-6.6837
-21.978
0.25723
-15.958
-19.526
-16.822
-12.556
13.515
-15.321
-38.615
-3.6457
20.76
73.603
75.124
36.896
-18.646
-21.389
18.937
-2.5199
8.1496
-17.723
18.743
-22.509
-18.544
-3.3753
-20.748
17.18
NaN
NaN
NaN
NaN
NaN
NaN
57.683
15.182
67.234
-19.697
-25.236
-19.543
-20.423
27.524
-16.284
-17.123
-33.589
-51.909
-22.988
-72.912
-19.435
19.888
-3.0971
29.068
58.27
44.796
36.083
-52.816
-41.116
-12.173
-9.2696
7.233
-11.639
-8.2261
-12.841
-9.5649
25.205
41.352
21.923
16.253
15.26
30.657
16.92
-33.512
1.5837
-3.5282
12.158
14.79
18.742
NaN
NaN
NaN
NaN
-33.933
11.512
-37.29
-52.569
-24.548
6.0027
5.693
-62.727
-53.338
4.1309
21.775
-5.3237
-8.9882
69.234
65.228
3.6198
49.072
23.996
-20.691
-71.384
-43.227
-99.467
5.2822
8.2309
-30.634
-49.331
-29.118
28.875
36.699
151.45
173.33
