NaN
NaN
NaN
NaN
NaN
NaN
NaN
NaN
NaN
29.208
21.369
20.559
72.12
98.161
89.969
30.197
25.011
44.168
-21.351
-86.559
-76.326
-66.042
-8.0319
-18.528
52.467
18.383
4.5105
20.477
-35.614
5.63
12.216
-16.084
-59.025
46.508
60.204
67.383
5.2989
-20.742
-29.478
-97.174
-55.666
-50.333
-64.767
-3.5933
-0.88438
-9.2146
14.736
25.81
13.839
-16.383
40.112
12.865
55.455
38.555
52.649
112.49
50.799
25.299
71.787
29.152
24.523
NaN
NaN
NaN
NaN
-7.366
-6.6698
-73.954
-68.63
-67.043
82.715
79.184
33.355
-22.798
14.511
-33.685
-18.607
-28.264
44.579
43.955
39.84
-6.3203
-0.79814
-17.914
61.014
59.541
7.68
-5.4035
-34.906
-23.276
-27.428
-26.731
-42.176
2.8875
36.59
26.352
5.6742
-4.3226
6.1042
39.411
3.843
47.568
-58.584
-39.015
-26.477
55.765
27.379
22.987
-28.052
-115.79
-58.578
-102.87
3.3937
108.17
52.961
-6.0677
39.922
38.172
24.25
45.056
-41.707
-38.132
6.9421
-86.038
-49.546
5.4245
42.295
32.835
26.05
22.534
38.148
4.3164
35.945
6.9225
16.794
-36.826
7.2547
-8.4779
-36.136
-19.625
62.832
22.99
-40.153
-14.56
-5.3625
-58.861
-33.244
-23.593
-37.456
-43.929
-13.565
-8.8012
-43.416
-9.1623
28.172
8.8542
49.746
124.95
134.21
55.751
-36.506
37.481
-41.152
-10.616
11.348
60.196
-56.426
-91.698
NaN
NaN
NaN
NaN
NaN
NaN
NaN
NaN
NaN
-57.011
-55.647
2.3111
-15.725
0.91877
-40.617
-4.2508
-34.167
7.9257
31.926
48.276
52.181
35.561
40.642
14.764
-13.14
1.1208
21.091
-17.401
23.249
0.24837
-43.041
-19.085
-8.4495
-30.143
-0.13872
-35.389
-6.6253
18.446
16.86
NaN
NaN
NaN
NaN
NaN
NaN
-40.917
-23.162
-28.778
-10.297
39.843
66.544
81.137
114.27
44.276
-22.08
-55.927
-60.209
-47.856
-53.008
-18.322
-84.67
-31.959
23.268
-1.3396
54.622
65.6
46.585
-9.3797
-14.631
-32.26
0.30382
-22.057
-35.758
56.557
16.811
-8.8647
27.826
6.8863
-23.783
-33.756
45.798
0.36634
11.507
7.7225
-49.95
-9.6875
22.458
-42.307
-6.9759
-10.243
11.014
58.67
42.471
11.911
53.82
71.677
-16.546
-119.46
-90.881
NaN
NaN
NaN
NaN
-35.445
-34.251
12.976
79.97
36.685
-4.7912
-24.694
-48.582
-15.224
0.73981
-43.939
-35.734
12.651
26.454
15.243
35.479
29.299
88.253
53.741
39.253
-13.37
-52.417
-29.209
11.614
17.735
-39.451
40.292
-2.1273
5.0549
21.296
-0.53961
4.7785
23.725
-53.228
6.5905
