-56.58
7.5674
-55.772
-23.684
-57.283
24.247
18.167
4.442
56.984
55.08
-101.38
-13.363
-10.297
22.509
-3.2522
-19.156
-21.87
68.955
-23.033
2.0335
3.2928
21.207
-22.543
31.226
38.666
37.963
-31.532
15.784
-48.06
-38.13
-4.6731
-7.2791
19.137
21.581
43.157
41.623
-1.069
-28.972
29.133
-56.834
-63.704
-29.738
23.171
18.152
-25.149
8.7675
2.6192
0.39847
-44.9
26.16
24.662
-48.924
22.029
6.6401
14.886
31.634
-3.029
-48.224
39.063
-41.303
37.257
25.051
-4.0709
-31.304
16.845
11.801
7.7849
59.025
20.69
-43.332
27.294
-9.2485
-58.625
9.3633
-48.342
8.912
44.084
24.513
34.886
-11.422
-7.9854
-18.689
-27.765
-47.281
-25.112
-2.8719
-31.693
21.546
-10.953
-15.276
1.1128
-42.058
25.937
79.766
-56.819
63.11
9.4553
53.367
23.485
55.123
-59.063
-12.862
-2.4474
-5.2913
-7.3135
-9.7887
50.647
-52.071
-24.797
-0.60035
-21.899
51.444
65.041
-24.445
-11.437
-93.125
3.9431
-21.996
27.616
45.348
-14.372
26.428
-58.951
-48.601
-35.002
25.546
3.4305
72.908
19.874
-15.811
53.759
0.47628
30.837
-4.8366
-40.307
-4.8552
-2.9684
-25.915
-43.447
26.453
12.248
-24.847
20.369
18.255
-1.884
-30.587
28.29
17.592
24.623
-9.1942
-36.717
-52.491
-63.623
50.086
44.016
12.606
-3.7181
-20.769
66.326
7.3038
28.001
-50.858
42.668
-18.32
-19.413
6.2725
43.124
-12.219
-15.674
-7.4739
-19.508
NaN
NaN
NaN
NaN
NaN
NaN
1.3557
-9.114
0.034929
-4.7576
-19.663
17.434
30.837
5.5351
17.662
16.222
15.565
-35.079
3.5558
30.352
28.408
-21.371
14.636
3.7518
1.3645
4.1793
33.671
24.613
11.595
-34.587
-3.9399
35.456
-31.213
-28.741
-93.525
9.8805
-37.588
-29.408
10.959
-46.592
-28.587
76.026
60.452
26.56
-8.9092
-12.095
-4.5427
35.833
41.588
NaN
NaN
NaN
NaN
-13.547
-45.801
-12.688
0.61768
1.7697
8.8831
-20.214
4.9778
-15.658
-4.3944
2.8709
-7.2491
52.362
21.502
-25.857
-19.523
-41.189
0.075856
16.897
11.882
53.943
-10.479
26.275
-69.938
-21.322
0.2265
37.254
43.557
11.368
6.6451
38.085
