-2.1512
11.904
24.365
26.896
15.18
-6.0541
5.8521
-10.929
19.688
16.124
-16.974
5.0383
14.479
4.7917
-4.7026
-19.576
-5.5911
27.897
30.086
36.584
-14.907
-14.88
-24.289
-29.601
-24.885
-24.414
-20.689
15.171
8.3455
-8.7573
-7.3928
-10.783
-15.561
-0.37312
1.7713
11.99
18.102
20.332
5.0847
2.0325
-9.7245
0.41741
-3.2943
12.749
11.456
-9.162
-15.69
-16.708
-1.0726
11.937
20.656
21.416
18.405
-10.156
2.8249
14.698
12.767
11.985
-4.3924
-11.754
-2.1195
9.6353
-6.3725
-17.9
-9.0411
-17.942
-10.851
11.724
14.689
18.751
-12.644
-39.455
-29.127
-2.9713
7.7201
-27.04
3.1189
-8.5457
-15.405
-5.2209
10.067
41.575
29.361
15.371
3.5185
-12.95
-8.1945
7.4557
7.4246
-3.157
5.3316
-8.9143
-3.2267
3.3722
9.829
18.682
17.544
1.244
12.467
-2.3592
-4.6359
1.8766
-15.496
-12.516
-4.8023
-15.425
-8.506
4.5557
-17.675
9.1803
6.9543
-5.7373
-24.771
-23.184
-13.958
-13.27
4.3435
22.677
9.5562
10.963
28.393
13.312
19.167
17.138
23.136
30.374
11.206
10.747
-23.032
-38.608
-29.216
-29.413
-17.428
-20.946
-19.904
-11.374
-6.7319
-5.7153
-2.8368
6.7588
18.937
30.422
4.3524
-7.9389
2.4616
6.9889
-3.8529
20.708
34.899
7.9349
-4.9094
1.4396
12.924
7.3497
1.441
-4.7354
-13.067
-9.4323
0.78515
-0.41431
-10.08
-6.5262
-11.174
10.005
13.403
10.873
16.289
-15.707
-14.216
-11.984
-11.763
-18.279
-23.816
20.85
24.627
25.318
-15.069
-29.254
-26.397
3.4523
-11.937
0.72614
-21.953
-13.268
14.579
26.535
4.4841
-1.6313
-2.2872
2.6991
3.2319
20.992
15.149
15.446
23.506
47.212
33.069
7.0284
-20.046
-7.6411
-29.882
-29.352
-23.49
10.124
-13.396
-0.26105
4.4706
0.83651
-7.278
-9.7854
-0.86846
10.479
15.322
-11.712
-4.3438
-16.995
-2.2732
-9.4561
1.4135
8.7433
-15.022
9.2004
0.45153
-11.17
-16.79
-14.701
24.011
9.4989
0.37522
7.8492
1.1397
1.8283
-4.7156
-10.517
9.4716
-13.861
-6.973
3.1215
34.417
19.046
7.5622
3.3888
4.4568
-2.6881
0.60635
-2.7544
11.022
17.996
19.167
10.252
-2.4599
-6.6945
6.0867
-13.289
-12.711
-20.648
-5.9102
-5.0261
-17.159
-4.7739
16.413
-15.405
-19.095
-32.783
-17.851
-10.566
0.615
2.8545
-1.6019
-20.075
8.3759
21.584
11.924
11.546
14.911
15.132
20.68
-2.7638
-0.49191
1.2454
-0.19992
11.607
13.041
27.752
9.0812
1.2982
-19.181
-16.52
-26.298
-4.89
4.2317
2.4101
-8.8098
12.404
0.52062
18.421
18.33
-7.2256
-7.7075
-11.79
2.6218
14.39
24.254
34.125
18.384
-35.496
-39.111
-34.717
-30.282
-22.568
-34.738
-43.36
-8.0999
14.195
6.5293
1.2426
-9.0473
5.9852
16.765
29.182
17.434
20.433
38.637
10.506
12.213
19.895
5.5249
19.269
33.953
8.9789
6.6003
1.9026
0.27738
-9.1989
-4.7473
-32.813
-31.046
-45.307
-48.325
-36.405
-10.511
-0.2618
13.349
16.296
-4.9658
-12.014
9.556
18.344
33.266
5.2391
13.061
18.176
4.0117
0.6014
-2.2456
-7.7492
5.4297
1.9758
3.4079
4.1787
2.9333
0.52894
29.035
-3.5269
-6.8932
-12.98
-35.832
-16.212
6.8414
0.97224
-23.617
-25.41
-24.187
0.58797
26.9
-12.726
