13.9
-27.085
-41.859
-37.018
-2.5614
20.65
18.27
30.317
-3.2124
16.689
20.322
27.365
25.112
23.244
12.985
-2.9789
-0.92046
-12.162
-22.697
-30.019
-11.185
4.0756
41.68
18.939
-10.62
-18.608
-8.2403
-12.957
-34.297
-29.067
-3.265
4.2073
28.156
21.468
19.045
19.419
16.438
19.033
14.533
-23.021
-22.03
-3.1864
-14.214
-15.783
-57.762
-44.318
-47.793
-34.133
2.4096
25.91
24.993
13.991
7.3776
22.726
-1.9249
-10.211
3.3196
40.258
41.555
66.476
40.459
31.045
-5.7135
13.752
3.883
6.5021
-19.171
-6.4062
21.243
38.432
-3.5334
-43.125
-53.314
-33.662
-24.166
-56.709
-69.692
-65.75
-48.353
-35.19
-16.787
8.1547
42.534
53.173
92.099
81.462
45.277
-20.903
-39.318
-9.706
-2.1007
8.2578
13.455
-21.059
-22.824
-0.86781
-2.6957
15.069
37.093
31.095
32.624
28.164
25.221
1.3011
-6.4912
-9.1918
-23.784
-11.519
-2.7795
-0.2025
-1.3666
-30.561
-26.593
-28.931
-2.6857
-35.805
-39.983
-46.656
-10.257
24.401
25.548
9.0661
26.619
0.60149
20.104
21.635
34.172
19.71
11.363
NaN
NaN
NaN
NaN
NaN
NaN
NaN
4.8042
10.531
13.089
42.29
56.045
45.307
38.266
46.303
44.44
41.78
48.044
23.561
4.6731
-24.025
-67.134
-56.836
-28.833
-25.536
-57.915
-56.94
-52.183
-55.397
-32.604
-26.907
-0.59789
11.957
27.893
43.438
39.142
23.7
18.153
2.0698
-4.7426
-6.1974
-12.757
-0.48074
0.8608
-8.0829
-3.43
-6.7968
8.6313
40.053
43.369
35.353
13.669
7.3752
5.4669
6.2007
9.8076
30.372
48.011
47.484
22.865
-22.187
-21.955
-25.805
-24.756
-33.774
-28.903
-36.154
-54.215
-53.801
-50.34
-34.851
-17.693
-19.691
-18.071
-16.803
12.816
25.307
27.811
47.091
42.556
19.901
-10.881
-29.835
-22.676
-6.1783
NaN
NaN
NaN
NaN
15.175
48.201
52.889
51.31
28.23
8.3053
3.0892
-6.0884
-21.116
-9.579
-13.72
-11.509
-31.244
-9.9041
-3.0586
-40.497
-42.24
-37.889
-31.419
-18.745
-2.6994
7.2034
5.534
-26.465
-35.503
-23.139
-3.6482
-4.1803
5.1153
15.437
14.515
20.948
17.749
18.185
28.058
21.296
19.932
24.085
-5.9488
-24.397
-16.125
19.79
19.243
43.232
11.05
-4.6399
32.181
27.984
27.741
0.77498
-12.447
28.975
-25.317
-32.866
-33.887
14.985
45.936
16.278
-10.387
-65.025
-51.171
-78.184
-82.432
-81.859
-50.677
-34.747
2.7084
13.578
32.127
62.046
62.711
38.394
42.005
24.03
29.982
30.946
33.431
NaN
NaN
NaN
NaN
12.287
-0.070952
8.7621
4.4912
13.909
-2.2311
7.2847
13.04
20.245
11.298
8.7338
-34.515
-51.591
-50.02
-35.459
-14.375
-21.141
-24.131
-15.37
-23.347
-22.315
22.084
51.75
47.708
68.994
63.567
28.69
-1.4403
-67.054
-36.38
-17.588
-43.496
-55.047
-51.89
-20.304
0.14492
-12.074
-5.8729
15.424
24.238
38.28
61.692
48.464
45.399
35.041
25.071
19.84
22.526
13.226
0.39276
-12.014
-12.06
0.30123
-18.457
-24.074
-32.775
-35.072
-53.74
-40.319
-22.291
-22.203
-8.1282
-16.004
17.912
32.177
30.755
18.057
7.9284
