-22.699
21.25
-3.5254
10.051
-12.587
8.6467
-16.75
-33.021
0.621
-9.6923
4.6445
31.04
-2.1018
-28.731
3.0826
11.041
10.44
6.5512
2.7154
7.8975
15.327
11.795
24.524
16.724
23.317
14.596
-6.3859
-13.884
-13.032
-7.9774
-10.172
-1.0331
-25.045
-6.7336
-25.169
-10.231
1.8372
19.929
-17.423
6.6646
13.127
-10.519
-2.4797
-3.2333
-12.785
16.346
13.552
-23.616
4.8432
5.6886
3.6608
-4.7126
0.59297
9.1527
-11.828
3.3371
18.249
-3.9713
2.1515
7.3063
-7.1479
-2.6625
-5.5959
1.9016
-6.2869
7.9849
-2.487
-10.187
13.873
30.147
10.072
-10.385
-2.3105
-9.5992
5.1783
25.14
2.6261
-26.989
-15.651
27.073
2.8556
-19.192
-13.851
4.7045
-1.1603
-19.102
-27.286
10.311
2.9617
11.09
-6.0012
-11.039
10.472
3.6614
22.491
16.433
9.2265
-33.682
-5.5939
-14.425
-17.051
1.4262
7.4442
2.9661
20.759
19.985
10.354
6.5983
-4.365
-44.027
-0.8757
-13.096
13.942
13.509
14.596
29.753
-13.381
3.153
13.158
19.42
-15.079
-30.17
-33.247
43.153
-17.129
0.19179
-1.6115
1.1824
-12.852
NaN
NaN
NaN
NaN
NaN
NaN
NaN
0.22043
6.9647
-7.6875
7.9971
-16.626
1.6113
-6.8744
-4.9495
4.1718
-8.8194
4.762
-31.29
-37.926
14.828
3.9444
5.0904
0.31261
14.775
31.347
36.247
22.301
19.081
5.8574
29.931
3.4452
-13.77
8.7017
8.1138
-29.088
-19.685
-23.533
-9.2443
1.665
-13.467
-20.732
5.5661
1.3054
-13.687
-7.8383
-1.8643
1.6524
9.9471
-0.40092
22.392
9.5632
-28.198
-16.496
-9.3323
10.421
17.041
-5.2369
-1.3441
-6.9807
-1.3721
-11.409
1.2832
22.66
0.039155
-9.4094
-5.1201
2.913
27.353
25.552
10.43
10.179
19.421
0.37931
2.8704
24.364
-7.1892
-10.039
-17.61
-7.6712
-27.19
25.471
-35.771
-32.991
-19.742
NaN
NaN
NaN
NaN
15.495
1.7626
21.18
-7.8658
16.259
-1.4243
9.4833
13.521
-11.34
-13.352
-38.064
-8.4483
16.98
25.002
-3.066
-5.2023
21.994
30.339
12.644
-26.663
-27.304
8.8317
-7.9599
-11.007
11.051
-1.6543
-5.8884
8.0933
19.883
-9.2101
16.489
12.409
-7.456
-5.7098
-2.4055
6.3135
-9.7467
-6.9654
-27.465
0.7545
0.099496
5.9661
-1.6335
-19.927
20.377
-0.53001
3.4439
-6.0968
14.909
-5.5744
5.2945
-16.8
-5.2517
24.895
7.7992
-35.755
4.486
50.733
-41.232
29.433
-6.9808
-2.3082
-14.21
-2.342
0.53204
-10.6
43.584
9.4078
15.138
-1.7103
-43.386
-19.386
-6.1907
13.97
9.8245
7.0518
-0.72794
NaN
NaN
NaN
NaN
4.3772
-1.7933
-4.0935
9.4596
-1.9425
-24.803
18.287
28.34
36.028
-17.63
7.9746
11.561
2.4618
4.5198
13.454
32.54
-12.78
-31.75
-35.181
-12.064
6.2323
7.0842
0.42504
-24.318
-7.9818
-12.009
-19.551
4.2008
-13.741
11.365
0.48696
8.0272
29.368
-19.747
12.482
37.517
8.2131
-4.898
11.667
-0.094019
-0.73415
10.706
-11.828
-7.6952
-53.902
-20.918
15.646
14.761
7.3773
10.699
-9.9253
-6.0657
12.585
21.138
9.0538
19.589
-7.0241
-31.873
28.631
20.532
6.5105
-27.756
-5.8009
3.354
-7.4722
-3.1034
-15.986
-5.696
