42.743
38.508
12.122
-1.0491
-40.193
-22.85
-13
-17.908
-47.498
-16.127
-32.28
-21.605
NaN
NaN
NaN
NaN
NaN
NaN
21.399
50.626
62.241
25.379
2.0162
-38.301
1.2092
-4.3271
2.2919
1.252
40.591
39.432
37.747
-2.5684
2.5185
16.398
-10.762
-4.1032
0.97501
16.366
1.8238
NaN
NaN
NaN
NaN
NaN
NaN
NaN
NaN
NaN
NaN
NaN
NaN
NaN
NaN
NaN
NaN
NaN
NaN
47.397
26.314
16.364
0.2785
-14.529
-8.2603
-7.5278
-31.124
-25.341
-5.8506
20.755
32.363
39.247
20.471
9.6098
6.2821
-18.042
-28.588
NaN
NaN
NaN
NaN
17.315
24.748
32.019
4.0625
-8.5749
-2.3001
-14.248
-26.75
-13.824
-14.983
NaN
NaN
NaN
NaN
-37.303
-42.237
-14.49
-21.883
19.694
-7.9695
18.873
-4.0233
14.314
-37.947
-2.0179
26.643
62.508
54.968
25.82
8.5358
-6.6144
-10.356
-12.523
-13.056
-2.2116
7.4242
15.447
17.125
0.54393
0.3918
-18.469
-12.557
-29.751
-35.96
-13.35
13.526
37.274
6.281
-0.55539
2.1513
-4.8448
-11.417
13.262
36.732
13.204
-11.321
NaN
NaN
NaN
NaN
NaN
NaN
NaN
NaN
NaN
-14.738
-59.429
-33.644
-3.6094
10.94
18.351
43.754
14.588
-17.392
NaN
NaN
NaN
NaN
NaN
NaN
NaN
NaN
NaN
NaN
NaN
NaN
NaN
NaN
NaN
NaN
NaN
83.558
28.83
27.027
18.536
17.757
7.7814
-45.471
-8.5713
-1.4208
12.39
27.827
22.504
-4.6026
-30.724
-45.61
-38.683
-22.617
-13.241
-20.565
-2.6693
-3.0387
-6.1957
3.9706
-28.717
-38.008
-21.905
-14.423
5.187
5.1944
1.9314
-4.0366
-23.637
-8.0582
-3.754
36.611
18.967
34.216
27.985
10.295
3.6984
14.399
32.085
21.396
4.8729
-15.173
-27.344
2.2071
46.53
49.781
51.002
67.612
-0.79572
-11.074
-6.653
-20.939
-12.585
-32.429
-26.652
-14.102
-13.13
-19.571
-32.846
-30.961
-54.874
-55.686
-49.525
-44.668
-36.914
-28.507
-17.618
9.5827
10.218
43.977
39.079
40.837
25.917
52.99
28.255
18.155
19.829
40.918
47.724
33.764
20.005
20.226
25.104
NaN
NaN
NaN
NaN
NaN
NaN
NaN
NaN
NaN
NaN
NaN
NaN
NaN
NaN
NaN
NaN
NaN
NaN
NaN
NaN
NaN
NaN
42.723
26.38
1.0851
-15.289
-23.652
-34.032
-6.1813
27.917
14.736
23.935
NaN
NaN
NaN
NaN
NaN
NaN
8.2623
20.428
42.485
0.26965
2.2171
-6.9401
-3.3205
10.027
-23.42
NaN
NaN
NaN
NaN
NaN
NaN
-35.827
-3.4911
10.672
-8.1162
-15.076
4.484
22.056
20.014
9.8581
12.092
22.943
7.3122
9.8433
16.323
12.738
