10.351
11.207
12.359
1.4096
-11.953
-10.487
0.91031
-6.8469
-8.381
0.1953
-13.02
-11.196
NaN
NaN
NaN
NaN
NaN
NaN
14.412
25.221
35.739
0.8548
1.4973
-20.255
-15.143
-27.497
-5.9511
-8.3456
3.6494
18.582
17.592
0.70007
11.335
25.811
22.772
18.348
12.192
20.203
9.7007
NaN
NaN
NaN
NaN
NaN
NaN
NaN
NaN
NaN
NaN
NaN
NaN
NaN
NaN
NaN
NaN
NaN
NaN
23.768
20.367
17.127
-4.3094
-16.34
-29.306
-12.442
-6.1286
16.586
42.077
37.005
25.321
16.978
3.8484
1.972
11.939
-10.168
-21.382
NaN
NaN
NaN
NaN
-6.4692
-6.291
4.4701
-8.1168
-2.6081
2.8605
-0.32909
-10.488
-11.212
-15.777
NaN
NaN
NaN
NaN
-26.958
-21.096
-1.5207
5.689
11.674
9.1482
28.086
3.7798
3.5827
-23.798
12.576
21.055
47.666
49.962
23.882
-0.40682
-16.981
-8.933
-7.8383
-3.0795
-5.651
2.4649
4.2542
3.9244
-7.48
-13.814
-11.434
-1.4492
-2.6289
-0.615
-12.94
-3.4526
25.035
-5.996
-6.6996
-22.838
-3.7727
-5.2833
-17.009
-2.2713
5.2555
-8.6866
NaN
NaN
NaN
NaN
NaN
NaN
NaN
NaN
NaN
-3.737
-25.808
-36.346
-25.196
9.6271
18.507
11.868
23.109
0.13479
NaN
NaN
NaN
NaN
NaN
NaN
NaN
NaN
NaN
NaN
NaN
NaN
NaN
NaN
NaN
NaN
NaN
18.394
1.6165
1.3216
0.8514
21.963
38.795
-20.749
-7.2897
2.1078
31.099
40.749
18.484
10.19
-13.578
-19.594
-15.127
-5.6134
-10.189
-31.109
-16.163
-25.312
-31.97
-19.287
-13.571
-13.671
-17.918
-6.7773
19.319
32.314
17.733
1.2415
5.6615
2.4106
-12.423
34.405
25.477
36.348
18.505
9.0071
-5.5577
-10.619
10.698
24.112
10.355
-4.453
-9.4889
-18.277
6.627
-2.1286
4.476
25.333
-31.429
-36.995
-34.939
-34.532
-4.3489
1.4037
18.9
15.887
0.58705
6.4014
8.6855
-2.5593
-40.071
-37.676
-43.039
-17.249
9.4128
20.423
18.096
35.487
27.857
33.64
16.545
4.0848
-8.5241
19.977
2.7491
-14.209
-10.967
-8.6325
4.1566
26.848
13.173
-11.129
15.408
NaN
NaN
NaN
NaN
NaN
NaN
NaN
NaN
NaN
NaN
NaN
NaN
NaN
NaN
NaN
NaN
NaN
NaN
NaN
NaN
NaN
NaN
21.733
16.252
1.7357
-10.926
-13.828
-7.9646
17.164
28.531
38.088
36.035
NaN
NaN
NaN
NaN
NaN
NaN
-11.746
25.212
10.735
-12.77
-1.5611
-14.981
-21.566
-12.69
-44.983
NaN
NaN
NaN
NaN
NaN
NaN
-18.617
15.69
18.929
9.6569
1.3025
21.116
12.01
7.1562
-0.41902
7.2848
4.4188
-0.28528
2.8849
-1.6465
0.60486
