10.012
14.274
-10.118
-29.538
-32.562
-24.792
-32.633
-19.047
-34.926
-12.798
2.2263
12.462
8.0651
5.1872
11.858
25.08
3.336
-18.072
-29.281
-15.257
5.6549
11.218
26.537
15.653
24.067
8.8034
2.4281
4.4987
14.762
20.038
42.608
20.208
17.667
4.117
-18.982
-0.91881
-5.0772
-8.6991
27.15
6.2228
-10.596
-21.742
-24.213
-5.6695
-10.626
-1.2437
-1.2715
-44.048
-22.818
-18.813
-11.497
-25.395
-18.787
-30.905
0.62342
2.1754
-14.594
-6.5017
-39.801
-22.777
4.5586
13.377
43.189
41.559
54.288
39.828
46.329
33.639
24.573
24.043
20.599
26.706
13.024
-1.9634
-37.422
-39.249
-63.668
-41.506
2.5693
13.427
27.975
3.8297
20.674
3.1532
38.125
21.914
-7.2869
-23.02
-43.149
-49.406
-39.079
-33.968
-28.283
-9.641
-6.9147
14.426
34.941
17.885
-23.333
-5.3937
-20.05
-6.1611
-8.254
3.19
17.383
10.898
12.263
30.732
10.87
-10.939
1.7488
23.091
22.986
28.037
24.486
17.984
-0.14832
14.334
19.663
7.2967
-3.8975
-20.432
-11.797
-21.223
-32.48
-48.809
-19.52
-6.8303
6.574
20.435
7.0212
25.718
17.602
19.789
14.18
-4.7277
-6.6946
-12.166
-26.504
-33.098
-44.322
-31.245
-11.765
12.09
13.458
12.671
1.9161
-11.305
-16.525
-1.842
13.893
11.8
25.107
18.663
3.3568
14.524
6.3967
28.582
5.417
-1.2887
30.113
-9.054
-7.2008
-31.601
-5.1296
-10.024
-5.8067
-13.15
-0.16998
10.209
34.28
34.786
7.1348
-6.012
-25.957
-4.4959
2.9585
6.6767
28.853
5.2651
-13.283
-21.089
-31.541
-21.731
-17.198
-15.409
-28.06
-40.235
2.013
18.537
37.444
25.051
39.282
9.3436
-15.601
-19.126
-16.092
-14.687
7.4095
11.916
0.099453
21.305
6.6504
4.1772
-13.009
-3.5792
-30.909
-16.378
30.118
22.793
10.899
7.8729
3.5638
1.3943
11.339
15.657
13.194
4.8098
-20.577
-29.895
-4.6222
-2.7531
-12.456
-21.266
-8.8989
5.1549
5.6323
25.403
37.208
8.4229
5.1201
15.929
7.1036
8.4496
-2.2835
-11.803
-7.0911
-9.8593
-6.547
-26.547
-24.035
-35.057
-31.573
-6.971
7.1498
-8.9373
-12.859
-40.683
-23.705
-10.256
11.514
18.013
10.431
23.732
44.955
29.336
41.182
51.516
23.104
9.3599
-9.6325
-5.61
-14.872
-6.6122
15.11
29.741
30.378
44.881
6.5765
-20.501
-42.691
-50.565
-57.146
-19.403
-14.827
-33.347
-13.065
3.8787
-8.2972
-1.708
4.659
5.958
-0.69469
-10.358
-18.274
4.8733
54.125
32.862
20.08
14.059
-12.076
-12.945
-22.727
-12.426
2.2057
0.34732
8.72
3.3358
3.3317
-5.7895
-5.269
0.23999
-11.429
-41.003
-11.778
6.9205
33.411
29.013
7.0509
0.88874
25.567
32.709
14.512
-1.2508
28.532
17.795
11.535
4.789
-10.516
-3.7037
-10.342
-36.565
-34.943
-16.374
-1.5243
-5.289
-3.8009
-17.333
-24.742
-30.859
-48.621
-16.05
10.285
16.681
29.745
14.895
-2.0703
5.9859
0.76071
-1.8288
-1.6291
5.1689
23.331
9.3648
42.993
42.779
12.307
-14.371
-17.467
-7.6764
-12.799
-44.564
-13.654
23.678
30.213
5.9076
-14.779
5.1148
-3.9593
32.301
-4.8097
-31.222
-2.0715
-4.0974
2.0596
7.7503
-11.564
0.22771
9.4517
-13.131
-1.378
15.424
24.638
5.1554
-1.5268
30.184
