52.327
27.632
2.8143
-1.6964
9.1346
-5.3034
-3.7324
-10.345
-7.4349
-15.435
-6.6939
12.634
7.0385
6.626
12.062
5.1066
-16.406
-15.484
-27.066
-18.02
-1.8527
24.413
12.519
2.7218
2.8352
14.353
-14.481
-9.8555
2.287
11.363
25.935
27.385
17.675
28.903
-16.514
-6.3187
-1.3534
-20.81
-11.334
-13.412
-10.876
-16.808
-22.376
-1.8427
-0.62452
5.3754
4.4757
-17.359
-14.009
-11.71
-25.361
-13.558
9.1134
6.8242
30.827
28.502
14.156
19.105
-2.9331
-19.45
-18.707
-1.1214
4.6591
-9.1576
17.501
5.4701
15.89
9.7967
-16.326
-2.5881
22.361
24.293
32.596
8.6152
-11.028
-9.5071
-8.6813
4.3861
3.6448
8.4762
-12.763
-11.263
-15.835
-43.441
-2.1367
0.097807
-2.6638
13.756
13.768
17.481
10.324
4.7238
-12.654
-4.7445
-13.733
-21.315
-11.95
-37.881
-32.96
-12.006
-18.3
-16.787
-17.239
2.2836
29.968
7.8073
15.997
27.63
21.904
2.1103
-0.42484
27.757
37.593
47.238
54.941
43.924
13.721
24.756
5.9558
-6.8384
-11.048
-29.608
-31.153
-31.114
-50.912
-43.972
-35.647
-31.741
-15.027
-11.923
11.44
28.441
33.988
14.428
12.526
-8.8851
-10.346
-21.131
-8.7556
-14.779
-38.903
-35.634
-32.17
-2.9547
26.91
46.079
39.846
36.929
20.148
10.837
28.077
22.686
11.031
-4.579
-18.409
-4.6058
2.513
11.036
-14.702
-12.07
22.5
-13.43
-15.263
-19.708
-11.973
-23.805
-14.384
3.8425
12.203
8.2432
18.981
32.713
17.438
19.654
12.534
14.688
-9.9222
-17.293
-16.007
-17.228
-53.449
-41.05
-23.77
-13.728
-9.0191
9.0521
6.0814
0.92203
11.742
30.069
43.694
14.973
11.318
-1.6688
-19.762
-13.491
-32.265
-20.906
-6.8915
-0.2781
-7.5744
1.0769
12.983
43.616
18.089
13.803
1.5143
8.4048
25.971
31.053
18.156
3.3181
12.84
-5.374
-1.1825
-11.404
-7.1475
-6.9215
-22.961
-10.618
-17.502
-10.588
-11.457
-21.242
-27.454
-11.36
-3.0117
-3.1711
-1.1326
-6.9636
1.7074
3.0844
-1.9441
-14.118
-13.665
2.5645
19.048
18.779
17.543
12.051
12.146
14.712
-14.627
-11.86
11.08
16.553
9.239
-16.595
-15.443
4.3394
23.434
10.978
15.377
-5.6466
14.452
-2.9965
20.232
23.89
-16.569
-6.3431
-14.649
-22.717
-7.3616
4.4515
15.543
-2.6839
-0.53707
17.467
0.84703
-25.024
-24.603
-24.461
-31.166
-12.885
-16.443
-21.107
-3.7187
13.973
-1.9566
1.7445
1.7161
20.167
23.617
14.954
-1.2381
0.10783
25.858
30.534
24.291
30.454
-1.616
-16.806
-30.27
-11.827
-8.1196
-0.27152
3.926
-0.094142
8.8964
-14.13
-6.4259
3.4947
4.7382
-11.917
-10.432
3.4826
3.6749
-10.025
-22.773
-10.912
19.385
10.175
15.23
9.6489
24.648
8.9085
-2.941
-0.5393
-11.991
-2.5048
-2.5614
-2.8778
1.3281
2.7613
10.06
16.888
8.8453
-13.428
-17.113
-40.726
-36.61
-18.812
-12.438
-22.991
-7.1405
0.99603
0.63709
13.302
16.067
35.854
33.565
20.351
-1.619
-16.32
7.2522
21.444
16.489
1.5307
-7.9563
-7.9054
-3.4646
3.8793
-3.5352
27.52
24.128
-3.2205
10.209
34.644
-1.0586
12.008
-21.233
-38.566
-4.0714
-56.488
-32.885
-20.756
-19.803
-13.68
-7.2174
-17.554
-14.289
28.527
15.206
4.7278
11.717
8.1739
