-57.82
-18.62
-25.925
3.7191
0.30914
0.28724
3.2758
14.428
14.843
49.188
33.741
31.044
NaN
NaN
NaN
NaN
NaN
NaN
-39.033
-40.201
-19.144
-7.8864
-2.8847
3.578
5.3917
8.7006
3.4043
2.2747
28.899
32.164
46.513
0.53513
-16.267
-20.042
-3.7385
-2.0935
-4.4947
17.108
1.9744
NaN
NaN
NaN
NaN
NaN
NaN
NaN
NaN
NaN
NaN
NaN
NaN
NaN
NaN
NaN
NaN
NaN
NaN
-65.485
-19.541
5.8751
-3.3011
-0.75376
21.614
41.185
35.49
24.156
-19.34
-28.268
-19.876
-3.7637
-20.119
-28.105
-20.285
-16.01
-18.607
NaN
NaN
NaN
NaN
7.5296
1.4489
10.852
14.528
19.613
14.427
0.72882
6.4162
31.309
29.942
NaN
NaN
NaN
NaN
7.6213
-28.423
-20.927
1.1417
-8.198
-2.3874
-24.153
2.654
36.302
14.988
-33.44
-49.87
-57.088
-48.352
-61.886
-44.294
-4.5536
-3.3546
26.315
10.936
30.909
12.923
37.852
28.047
16.051
-2.7531
-0.90931
23.356
14.232
13.079
-12.051
-23.917
-34.894
-4.0116
52.419
34.69
28.178
20.879
27.396
11.426
4.8141
25.529
NaN
NaN
NaN
NaN
NaN
NaN
NaN
NaN
NaN
-38.204
-66.527
-2.3103
1.1019
10.07
19.91
17.153
13.771
0.6788
NaN
NaN
NaN
NaN
NaN
NaN
NaN
NaN
NaN
NaN
NaN
NaN
NaN
NaN
NaN
NaN
NaN
-20.048
-54.227
-48.747
-28.288
-30.064
3.892
24.189
39.079
-3.7022
-24
-5.8881
12.763
11.484
28.107
36.399
25.239
-6.3117
-20.323
-20.224
-5.2479
10.748
1.49
32.881
28.009
13.565
15.457
2.0373
-15.039
-23.995
-54.956
-37.115
-24.649
-22.688
-32.392
-64.132
-16.369
25.724
4.8213
-0.075018
37.218
37.855
48.632
17.404
-11.269
-4.7848
17.453
3.8666
35.182
38.19
-0.09193
-5.4468
-24.283
-24.027
11.871
13.061
21.458
-10.412
-27.72
-34.599
-6.099
16.383
27.48
34.343
9.2197
-1.805
0.074062
4.9976
-9.2626
-10.763
-30.32
-27.331
-27.16
-19.673
-27.671
-31.996
-11.528
-1.4252
-2.5938
-16.655
1.3246
37.213
13.016
19.86
53.239
37.432
36.058
NaN
NaN
NaN
NaN
NaN
NaN
NaN
NaN
NaN
NaN
NaN
NaN
NaN
NaN
NaN
NaN
NaN
NaN
NaN
NaN
NaN
NaN
33.006
11.175
-11.665
-5.8799
11.209
-20.623
-38.544
-49.648
-24.804
-26.686
NaN
NaN
NaN
NaN
NaN
NaN
7.2844
-7.9423
-5.6033
19.843
9.9364
-17.649
15.898
60.484
1.0202
NaN
NaN
NaN
NaN
NaN
NaN
-5.3601
9.1442
9.3429
-6.3527
-9.6472
-19.792
2.2547
-1.5713
8.6671
0.051336
3.5068
0.048849
19.36
9.3999
0.51124
