-3.5965
12.533
-0.85017
9.9944
-16.858
-2.4606
-13.81
1.9691
9.6241
24.854
8.384
-7.2813
17.006
NaN
NaN
NaN
NaN
-1.029
-0.31272
-23.555
-39.079
-32.48
-37.882
-19.958
-7.1428
-7.8455
-6.1458
8.8485
26.187
14.306
15.392
34.27
16.961
6.7447
12.494
11.966
3.6037
4.2068
-2.3876
-7.6633
15.739
-22.61
-19.538
-13.473
-24.419
-8.5527
7.523
-5.442
-25.791
-7.6373
5.0894
6.7421
5.3379
-15.673
0.71084
14.431
22.626
14.311
-1.0425
-5.8187
12.436
-0.47085
-13.401
-0.75836
-11.578
4.3851
17.553
2.8188
3.2026
16.824
11.237
1.6867
3.829
-22.908
14.944
9.8492
3.2492
5.3481
1.0383
-14.395
-36.223
-20.928
-23.715
-8.2641
-3.3073
-3.7095
5.8455
1.9574
8.0418
19.401
1.0119
3.9571
9.9149
23.003
2.3103
-13.335
-21.867
2.908
8.0413
19.062
3.6836
-8.2494
5.9623
0.14321
-5.3566
-2.3053
-5.163
-7.1965
-23.39
9.894
2.6418
0.60518
2.8579
14.326
18.957
1.0712
-6.483
1.7909
-0.96348
-17.709
-5.6975
0.85944
14.032
13.318
12.2
-0.54614
-10.492
-4.3537
12.459
21.456
3.9446
-35.845
-34.783
-15.889
NaN
NaN
NaN
NaN
12.594
21.187
24.906
1.6452
-3.7218
13.6
28.209
42.332
13.874
-5.8017
5.7434
1.2446
0.092845
-16.46
-15.204
-5.8822
7.2466
8.5851
5.9804
6.0888
-9.6225
-11.115
-28.448
-13.732
-10.898
-6.3568
1.6375
-3.7194
-2.3528
-4.9632
8.1916
-12.392
7.4781
7.7327
30.67
24.105
0.37691
-10.49
-6.7117
-2.2975
-31.41
13.656
-7.2615
22.576
21.764
11.602
10.255
1.8739
-17.305
-11.55
-4.8801
-24.492
-34.881
-21.702
-2.4858
-11.195
9.2153
44.381
36.621
17.877
19.879
16.488
2.484
-17.609
-11.533
6.2506
-12.431
-16.721
-6.0185
10.211
5.8261
-10.838
-14.743
-23.022
7.4324
-4.6703
-21.553
-26.149
0.34578
13.692
29.999
25.33
31.315
4.711
11.168
-24.748
-30.026
-4.7556
12.58
-2.4389
-14.091
-16.511
-11.69
-1.8599
8.2372
1.7844
1.3237
46.334
32.435
2.5225
-22.081
13.966
10.944
5.4689
-6.4278
1.537
5.4756
-21.446
-23.426
13.024
10.142
-27.469
-29.33
-29.169
-2.4607
-3.7913
26.101
