63.125
31.335
12.254
-8.6661
-29.486
-17.869
0.67008
-1.6566
-31.599
-13.482
-36.173
-35.658
NaN
NaN
NaN
NaN
NaN
NaN
48.531
64.701
75.578
37.99
11.808
-48.347
-28.11
-45.114
-37.961
-14.35
12.786
14.622
11.478
-9.5628
4.9037
26.913
1.16
-8.1047
8.0276
18.007
0.43592
NaN
NaN
NaN
NaN
NaN
NaN
NaN
NaN
NaN
NaN
NaN
NaN
NaN
NaN
NaN
NaN
NaN
NaN
32.716
1.0423
-23.612
-14.557
-19.972
-26.315
-28.29
-52.201
-46.064
-20.955
2.1646
18.496
32.53
43.743
28.232
18.289
0.52978
2.4978
NaN
NaN
NaN
NaN
-12.445
3.8247
18.287
7.778
17.709
19.447
15.904
12.151
15.119
7.3821
NaN
NaN
NaN
NaN
-33.984
-39.751
-31.048
-31.484
-12.763
-16.236
3.4936
-10.888
-5.2881
-26.295
4.0036
23.158
54.8
42.018
13.889
-6.4467
-32.808
-30.748
-35.088
-35.236
-19.685
-0.77155
19.057
24.986
20.02
24.889
22.507
20.105
-4.7983
-18.196
11.985
32.037
37.631
22.77
19.132
8.4511
-3.4298
-11.108
11.84
7.4426
-17.947
-30.251
NaN
NaN
NaN
NaN
NaN
NaN
NaN
NaN
NaN
35.964
-5.6298
-16.483
-13.154
7.006
-0.29056
26.323
8.9794
-9.8334
NaN
NaN
NaN
NaN
NaN
NaN
NaN
NaN
NaN
NaN
NaN
NaN
NaN
NaN
NaN
NaN
NaN
64.433
27.046
21.553
11.699
6.4066
-6.2232
-48.842
0.40361
19.623
40.789
39.466
20.321
3.545
-32.67
-51.751
-47.166
-45.079
-41.561
-31.12
-2.2127
7.0404
0.5978
-7.708
-39.234
-35.554
-12.59
-10.327
0.85412
11.587
10.175
18.772
-1.4452
-8.4206
-6.8992
20.828
8.083
16.463
0.87134
2.5267
7.1407
11.309
25.628
24.118
9.4567
8.3579
8.8951
9.4774
32.344
21.203
35.761
66.602
12.199
15.674
20.936
3.9822
-22.057
-43.907
-34.185
-20.892
-19.169
-12.123
-29.412
-35.76
-53.582
-61.855
-59.76
-46.684
-30.78
-24.491
-19.541
0.72083
5.6687
35.801
42.742
41.947
19.615
36.348
10.197
21.69
28.274
41.256
34.567
34.497
21.215
27.695
34.346
NaN
NaN
NaN
NaN
NaN
NaN
NaN
NaN
NaN
NaN
NaN
NaN
NaN
NaN
NaN
NaN
NaN
NaN
NaN
NaN
NaN
NaN
7.117
9.7356
13.456
-2.1984
-28.673
-30.767
-2.8249
28.88
22.167
34.276
NaN
NaN
NaN
NaN
NaN
NaN
-6.691
17.772
27.25
3.3877
16.302
6.8268
7.2745
14.098
0.74513
NaN
NaN
NaN
NaN
NaN
NaN
-36.626
-6.9795
-2.1023
-24.561
-7.0381
1.9388
6.4588
5.4226
-3.8739
10.355
6.1659
9.6566
1.9411
-1.806
0.23408
