-10.026
14.088
17.688
15.964
-1.168
-7.7855
11.2
2.3482
28.431
18.468
-12.027
2.036
10.309
7.6895
-1.8024
-18.324
-9.299
18.534
22.273
14.975
-15.84
-17.052
-24.997
-31.77
-24.077
-16.169
-18.546
11.259
3.7263
-1.9103
3.9493
5.8373
3.1693
11.621
2.0056
10.007
12.371
16.648
12.854
2.6377
-7.7464
-0.15261
1.9682
15.087
3.7199
-21.446
-20.94
-12.132
-6.1539
3.2161
7.3089
11.13
5.9337
-12.857
-3.6756
9.8022
14.09
15.238
7.0416
7.0783
7.7306
9.5121
-8.3454
-9.8862
-5.017
-20.355
-12.138
6.6401
9.7211
9.1058
-13.755
-37.48
-20.662
9.3192
12.58
-15.35
4.4846
-7.2174
-14.89
-5.2954
8.6951
24.245
16.398
1.4237
2.9624
-11.413
-7.1023
9.7657
6.8091
0.97377
3.8443
4.3043
5.6292
6.3263
8.5769
9.9439
16.248
-0.96705
15.361
10.501
4.4829e-05
3.5319
-7.5609
-17.149
-13.058
-18.345
-12.698
-4.6736
-15.491
-5.1823
-1.7969
-5.426
-21.431
-20.071
-16.357
-14.746
-0.96849
22.121
13.854
10.727
31.159
26.663
26.114
13.31
17.275
20.232
8.6453
4.8656
-9.7054
-23.427
-22.815
-26.023
-29.735
-22.892
-19.729
-5.2634
7.2954
6.6231
15.937
12.283
13.606
14.332
-3.3191
-8.5747
-3.4445
-2.3057
-3.8591
14.507
25.451
1.8746
-5.2639
-0.34796
13.765
10.907
-2.1678
-13.278
-15.54
-16.113
-4.9684
-7.2885
-0.12378
-4.1706
-3.8818
9.0562
13.307
13.831
17.551
-3.4798
-4.4026
2.1737
-1.1494
-18.485
-23.456
-1.6567
10.908
20.988
-15.997
-22.5
-8.3293
-0.31056
-7.9766
2.6293
-14.904
-1.403
16.182
16.103
8.3465
2.8673
1.2184
8.7987
0.35324
12.942
8.92
3.8015
25.15
33.973
15.794
-12.945
-15.102
-11.119
-25.857
-29.534
-22.516
4.2508
-10.494
-6.6566
2.4936
8.6289
7.5283
2.806
1.4691
6.87
15.279
-4.1764
-9.3652
-17.66
-0.57295
2.764
0.66428
3.3985
-6.4865
8.0565
11.194
-4.9878
-10.894
-4.1401
15.198
-1.0088
-7.8762
5.3541
4.6794
-2.885
-1.1034
-2.3721
-2.4048
-10.924
-4.9945
4.7526
26.256
14.885
7.8211
6.155
-1.7349
-4.2039
0.45716
-5.4811
-7.8992
-4.4557
3.8841
7.3019
4.5417
-0.086734
10.933
-0.51232
-4.2445
-15.036
-12.932
-3.2717
-12.852
12.572
14.578
-12.572
-14.703
-12.266
-8.8213
-1.6327
3.1721
5.4189
-3.6023
-21.28
0.58603
10.632
8.0356
4.5023
8.8501
11.667
9.6256
7.5614
-5.8219
-12.072
-14.062
11.977
14.461
24.677
13.42
8.0378
-8.0736
-9.7069
-14.61
-3.3574
-3.5506
3.6897
-8.0434
8.8833
1.5069
12.09
7.8865
-8.8177
-1.0542
-5.7823
4.7538
3.4197
8.8076
8.4289
7.4339
-21.321
-25.027
-25.571
-9.5903
-6.9671
-26.728
-40.803
-6.5625
8.2772
9.3021
4.3261
-5.9392
7.3162
17.069
22.715
10.8
17.012
27.582
13.987
10.363
21.011
21.768
21.744
27.502
0.97317
-3.4227
-10.99
-3.9426
-25.342
-24.287
-19.599
-19.312
-26.962
-33.81
-22.372
-9.1602
-6.3725
2.5894
9.6704
-8.9533
-10.755
1.2029
16.645
29.452
14.998
10.819
14.446
6.4382
9.6466
11.213
0.56094
4.7924
3.6384
-2.4627
1.4441
0.0262
1.3318
23.358
-3.4804
-10.627
-15.335
-24.869
-18.031
-1.0497
-5.2705
-16.142
-14.236
-10.934
1.013
13.567
-1.8183
