-26.884
31.741
8.4676
-50.054
-18.764
1.3308
4.3527
9.9912
-14.329
-3.1414
26.258
30.24
-10.012
-18.848
11.301
-16.027
-8.4564
2.806
2.7092
0.79868
10.605
-2.7467
-12.809
-1.0855
19.561
21.232
-3.2165
-18.312
-46.484
-4.8498
37.972
17.766
22.623
22.91
37.884
34.915
4.6019
5.9083
-4.7657
-10.825
-30.346
-19.669
-5.1672
-21.049
-6.7004
-16.735
-28.157
-48.553
-53.893
-21.391
-5.6104
-0.54018
25.117
38.837
24.11
46.071
58.887
-14.831
-27.935
-2.2084
-20.231
-16.946
-5.3272
1.7197
19.396
44.216
-4.8976
28.599
9.1163
11.176
34.486
11.244
-0.86301
-30.374
-25.313
0.13402
-13.66
-26.634
-16.67
-3.913
-2.7376
11.876
-12.958
-22.661
-21.842
-25.957
18.816
29.921
8.1307
27.292
13.24
-23.552
-20.215
-12.281
-9.8525
-8.6585
11.662
11.046
5.7778
24.619
25.383
2.3404
-17.514
16.35
14.93
12.273
23.581
19.685
2.0832
-37.613
-41.51
-27.437
-27.038
-33.82
-16.152
21.648
28.599
4.5792
6.3487
8.0856
6.9865
-11.863
3.1914
22.666
20.414
32.454
16.483
2.1069
1.5707
3.4528
-19.566
-39.974
-22.806
13.621
13.463
-11.173
-5.1538
5.2584
11.605
-11.033
-35.989
-21.311
-22.648
-18.963
9.9756
7.1446
-13.276
15.814
38.225
8.0223
9.9304
16.826
4.7915
3.681
-2.1056
12.077
23.668
13.76
-1.2357
-43.371
-36.854
-56.491
-32.426
20.128
67.158
80.212
45.707
13.476
10.46
3.1197
-10.911
-15.121
-47.685
-44.274
-21.932
-4.3889
-6.8364
-11.839
-14.748
-20.079
-11.28
-16.692
-21.726
8.5687
11.164
0.63787
25.451
31.092
59.001
57.637
-2.32
-5.672
-6.2173
-8.54
1.0716
-10.516
NaN
NaN
NaN
NaN
3.5506
-6.9423
13.023
48.027
39.131
6.1149
-1.8729
1.1373
6.8843
28.491
17.192
8.2899
20.891
-6.9387
-23.316
-58.18
-38.805
-24.462
1.8967
-17.064
0.45283
-8.2311
-14.921
-12.191
0.061142
8.809
28.821
17.015
17.372
27.198
-1.1487
-20.612
-21.885
11.184
15.278
2.7658
-5.9875
13.644
49
7.4834
-0.94106
-21.488
7.198
4.2626
-10.343
-18.284
-1.6474
0.88569
-16.54
-11.012
-9.7026
-5.5226
-9.0411
18.312
7.8826
-9.6298
-23.224
0.43845
-2.3417
-8.0637
2.7604
25.335
22.132
22.873
19.903
-10.733
-49.776
-20.616
-2.7532
40.96
16.858
6.5332
6.6682
-3.2983
-16.884
-7.0601
-16.737
7.58
33.27
2.1098
-14.159
3.592
3.0174
14.131
-5.2527
-19.51
-18.94
-16.858
-33.935
-29.704
-15.209
38.005
13.361
2.4191
23.025
9.6745
9.5973
-7.1046
7.3876
11.091
18.446
0.2474
-5.4765
4.653
-8.1783
-2.9681
9.2922
9.6656
10.935
4.7457
-2.5871
-1.6388
-6.0104
-8.4898
-6.5522
-9.8717
