-19.127
14.774
21.803
3.1445
17.296
26.861
28.076
19.932
16.111
20.094
-2.8342
-5.4276
-11.417
-19.772
12.155
16.48
14.873
16.742
6.3645
-13.541
-21.188
-23
-21.626
-20.67
-15.25
-16.64
-25.054
-11.42
-6.8081
-5.8925
21.387
0.62342
18.859
15.374
33.843
27.142
12.699
16.978
14.562
6.4709
-3.2692
-11.59
-8.9482
-26.456
-15.759
-9.4103
-5.8218
-11.961
-11.75
4.0381
-5.657
-9.5198
2.9595
7.8864
14.481
9.4051
24.383
-12.447
-13.848
13.391
9.6495
-15.169
-13.174
5.4759
-1.2788
-5.8079
-18.107
-10.712
1.9473
4.0022
25.521
29.603
25.36
10.065
-0.69042
8.7779
3.3136
-24.631
-7.3419
8.6988
10.569
-11.392
-9.9591
-12.871
-18.024
-28.078
-6.539
2.1812
-4.2293
12.191
0.85922
-9.5795
-2.6827
0.24149
5.7485
-6.2345
6.1368
2.5941
-5.6718
1.2228
5.0016
-8.5707
0.25324
14.619
18.456
23.406
26.495
17.741
12.882
-1.5979
-5.1892
1.8267
-10.651
-18.685
-25.623
-20.22
-24.711
-2.7102
5.9021
9.0834
6.4066
-9.8394
-4.9034
3.546
2.1691
10.509
7.7854
-1.5303
3.03
5.5807
-0.75303
-5.8795
-21.262
3.4556
-6.3657
-5.4371
7.4635
2.1943
19.589
8.96
-2.6613
8.466
0.28074
-9.2348
0.18942
5.3517
-26.699
3.6728
7.9901
4.3981
2.8546
0.74842
-5.6895
-10.17
-7.5894
4.0555
3.8709
7.3286
18.52
6.3525
7.2977
2.0976
1.9951
1.5345
2.2797
9.6699
5.5413
-17.749
-24.419
-30.45
-5.7751
-7.9442
-15.952
-13.358
3.5303
5.6066
21.592
18.504
2.3112
9.6573
-8.7375
2.2357
4.5852
8.0552
8.9974
0.29529
-0.3726
-1.6757
2.8132
12.657
-6.4989
4.4488
-0.17168
-0.64651
22.606
7.7602
NaN
NaN
NaN
NaN
-17.083
-15.957
4.9071
17.77
-2.8601
-14.902
-8.0054
3.9392
1.9142
7.9071
15.752
21.907
8.889
-13.833
1.02
-0.67022
2.9443
14.563
-2.36
1.5023
28.706
7.1819
-5.5186
-9.3439
-7.1651
-16.073
8.8209
-10.086
-16.74
5.0725
21.393
0.33182
5.1579
-3.176
-16.929
-27.377
-35.392
-2.097
17.902
3.3912
-8.8111
-9.4951
12.446
13.439
7.7249
-11.81
-1.1679
18.732
0.9111
7.5235
1.923
-4.8354
-10.069
22.046
24.034
6.7212
-10.312
3.6881
9.2765
11.804
16.143
21.366
11.445
9.197
0.85728
-11.942
-46.68
-49.637
-35.585
-0.45765
-17.116
-17.558
-10.921
3.2393
8.9051
14.102
16.169
5.6855
9.2759
9.6505
0.56691
-1.7424
-8.9547
-13.408
-29.287
-7.7728
16.718
29.078
28.837
18.79
12.386
27.091
8.338
-6.352
8.4484
4.0846
7.435
-5.8249
-5.6741
-6.1395
0.48305
-7.862
-11.882
-15.136
-14.213
-17.225
-11.461
-3.67
2.9736
2.9313
-9.0176
-14.783
-6.3531
-15.855
-22.039
-5.4485
