-35.174
9.5189
-4.9758
-3.554
-8.2858
-24.442
-8.3289
-2.9876
-6.1813
7.0468
12.817
5.8922
13.553
19.148
14.401
33.319
25.46
11.543
1.5824
-6.0366
-4.6396
6.3428
18.308
5.1534
3.7616
-22.737
-35.085
-26.633
6.2703
13.253
-1.3553
-3.59
5.8286
22.3
-6.4218
-12.591
-8.1064
-17.412
0.86297
0.1923
-15.655
-21.768
-4.322
5.1758
12.434
19.407
-6.9359
-4.2229
-0.66362
-13.63
8.1464
-2.3613
16.987
14.424
8.9916
6.2206
10.275
6.759
-5.7005
-3.3563
15.375
-14.224
-12.573
-9.4293
-3.9588
-12.189
-1.9062
1.4465
-3.4462
4.2012
16.056
3.3162
-32.303
-3.5641
-1.9108
4.4766
20.84
16.873
13.48
33.513
2.8095
-8.2782
-0.13941
4.5748
-1.1148
-14.465
-10.586
0.065114
-9.4465
-13.338
-8.2088
-5.9738
5.1731
4.0346
7.0146
-19.545
-19.287
-13.441
-15.232
-13.421
10.337
-4.9893
-0.47146
-6.2141
-0.90082
7.0977
23.569
18.167
2.3742
20.812
16.874
26.148
6.6587
-3.9086
0.92101
-7.1407
8.0661
4.7029
6.9733
4.85
5.1844
-5.165
-10.73
13.485
12.367
-15.352
-26.817
-17.539
-2.6796
-11.189
-15.583
NaN
NaN
NaN
NaN
-3.7572
-0.10983
5.2174
-15.302
-24.86
-11.441
4.6221
12.27
19.583
28.604
17.083
-9.8775
5.6746
10.828
19.463
8.5227
11.923
36.568
32.459
5.57
-1.4313
-15.932
-21.675
-5.4167
-43.135
-35.493
-20.383
-10.058
2.509
-2.1585
6.9711
16.343
-2.0835
5.8037
8.8875
0.01422
1.1738
-4.6217
6.7714
11.824
9.7929
-12.27
1.3846
8.1034
4.4631
13.041
2.4872
-5.6926
2.0225
-2.6553
-21.298
7.2768
-3.2982
-4.9056
-16.361
-27.163
-22.493
-17.351
-6.6876
16.586
16.264
36.442
28.946
12.379
11.837
-3.8596
-40.587
-14.794
15.575
1.2859
5.1957
25.217
16.111
-5.4702
-6.7612
-20.104
-14.348
-17.177
-14.07
15.682
3.7782
15.598
14.775
16.101
11.293
12.023
17.252
25.716
-5.2597
-15.57
-34.277
-7.8571
-27.283
-24.418
-3.0037
-5.4038
-14.787
-7.225
-5.7861
-9.5656
5.7824
-10.516
-14.195
3.7638
4.3529
8.6907
12.25
11.222
4.7401
18.655
16.841
10.011
28.678
22.847
13.846
-19.156
-38.719
9.0806
16.038
24.943
13.548
8.7539
-17.541
-12.883
16.213
2.4792
-26.075
-43.493
-6.7364
-28.247
-0.14898
-4.819
-9.387
-2.0542
-7.7884
18.253
13.525
-0.36589
-5.1054
-13.902
-7.0542
15.789
22.569
21.278
5.5085
-9.9409
-9.6169
-11.158
-13.164
-4.5031
-9.5306
-1.9766
11.378
16.196
3.716
4.2828
12.533
24.787
33.49
-1.9373
-15.904
-16.739
3.8137
5.4598
-19.764
-3.5323
-8.2704
14.727
26.052
30.451
-11.848
-37.888
-22.604
-13.736
-17.614
-14.847
-5.8552
-4.8991
-4.4471
NaN
NaN
NaN
NaN
10.724
31.124
49.371
42.631
45.698
12.343
-12.873
-12.351
-28.629
-35.583
-34.09
-38.181
-26.3
-22.51
-2.3645
6.3035
8.2407
9.0352
5.3425
31.672
25.324
23.297
3.5056
3.2911
2.7751
5.7526
-10.578
-10.726
-7.6981
-0.56924
1.6136
-6.8342
1.0063
-12.943
-3.8991
12.823
11.063
17.182
17.425
6.4334
-7.0311
6.1626
8.5792
20.341
-10.314
-20.099
-28.417
-19.979
-5.5757
