-35.519
7.3546
-14.33
-5.587
-6.4886
-32.583
-19.868
-23.462
-27.955
-24.502
-23.923
-17.99
-18.832
-8.4649
4.1454
5.661
19.63
27.892
18.792
23.268
31.821
39.303
41.767
18.71
22.805
34.576
3.5571
-24.792
-9.4784
-6.7853
-12.487
-47.653
-35.565
-29.87
-38.325
-15.596
-30.928
-13.036
-16.201
5.4152
1.3783
-13.397
-0.10591
17.855
14.234
23.095
29.816
24.726
9.994
10.293
17.462
38.545
31.477
19.125
16.76
-7.7142
-26.517
-24.818
-7.6532
20.147
26.568
7.3247
-13.844
-14.74
-51.835
-31.512
-44.222
-35.942
-20.539
-17.688
-6.3964
-7
16.945
23.021
12.627
30.786
31.147
16.609
11.838
15.222
0.058123
18.303
9.1737
-4.1293
-1.0005
-10.021
-0.31321
-5.3212
-39.047
-20.138
-14.831
-2.5211
14.217
3.9178
-1.8832
9.5729
5.5104
6.0762
-1.7814
-2.4202
-0.089873
16.926
6.9449
15.545
19.108
-0.78062
10.449
-13.64
-10.456
-7.1446
-23.239
-20.426
-3.1438
11.362
33.132
36.533
2.0833
-20.208
-33.351
-11.501
-6.2251
-12.939
-15.474
-11.379
-12.028
-5.2931
5.9457
-3.0817
-8.6883
3.3865
6.7239
22.356
15.062
-9.7854
21.065
-3.7107
-3.1099
-5.3711
11.379
18.14
27.811
16.38
19.073
4.6129
4.6594
-0.46025
-13.19
-21.667
-6.1635
-13.677
9.9503
7.14
-17.305
8.6064
5.8294
2.9972
-1.2351
-18.782
-15.356
-2.8158
1.5466
-29.316
-0.021728
-27.744
-49.025
-24.218
0.63737
16.134
23.739
26.243
12.335
25.614
15.069
13.152
0.42604
4.6853
4.934
8.6204
-1.7554
-7.2116
-0.63141
-17.273
3.1563
18.943
47.031
15.223
3.2635
-17.03
-15.259
-3.1321
-34.877
-24.934
-6.0325
-6.2316
11.345
7.485
NaN
NaN
NaN
NaN
-12.696
-9.1009
-9.9955
-2.2226
11.351
24.767
30.224
-3.7946
-10.952
-17.979
-21.149
-6.3524
-18.306
-19.324
-12.984
-18.73
-13.702
-21.714
-3.1872
8.99
35.588
28.561
38.472
38.832
26.806
22.258
35.789
13.924
0.93426
-21.591
-18.73
-16.474
-23.151
-16.292
8.4915
11.395
-11.685
-31.358
-13.353
-25.497
-23.169
-10.16
-2.8965
4.2504
8.3735
7.9672
7.8413
12.989
-6.194
-8.5947
9.3539
13.293
15.891
18.062
19.708
3.884
1.4255
7.7787
12.807
-3.8935
-15.97
-9.6325
-27.728
-34.257
-3.6927
-3.9544
-25.455
1.0949
8.0569
25.061
-14.977
-8.109
-7.4826
21.476
7.6558
8.2257
7.6986
15.297
7.2033
20.289
13.448
37.924
31.929
16.267
-10.126
-17.543
-6.0239
-8.0513
-5.9169
-22.778
-31.771
-17.666
-31.911
-31.077
-22.677
-25.823
-6.2718
-9.664
9.056
4.0776
0.55851
15.572
22.245
19.563
30.618
9.6916
-0.80647
-16.008
13.883
20.456
15.722
28.456
38.423
26.512
16.984
-15.904
