-21.876
6.6492
10.51
4.2089
-1.3292
-21.825
-16.4
-14.013
-25.479
-10.901
-13.89
-13.163
-22.017
-23.588
-4.9599
5.1658
28.125
39.547
23.352
23.164
18.249
22.378
30.235
9.1915
13.168
11.603
-14.029
-30.75
-17.246
-15.726
-5.8743
-32.109
-30.297
-22.914
-20.89
7.5995
-11.559
12.823
-4.1474
8.2156
4.6857
-4.0692
-8.4602
11.318
0.24247
6.3313
11.748
13.559
14.734
8.4183
20.964
39.103
28.076
18.685
7.3739
-1.025
-21.484
-22.271
-12.491
14.928
15.595
6.868
-17.263
-12.067
-62.681
-30.76
-48.54
-37.789
-22.133
-13.185
18.813
4.363
28.222
27.98
19.616
30.316
34.098
19.208
19.915
14.064
10.506
16.523
-2.9876
-8.27
-17.134
-43.287
-27.216
-14.801
-31.202
-7.6287
1.0571
8.7701
15.619
19.51
8.8903
12.517
0.43079
-2.5588
-10.558
-10.532
-3.2602
11.991
4.1376
24.291
25.156
9.5681
22.806
-10.638
-8.9286
-1.8179
-14.703
-19.552
-7.422
-10.945
7.0855
7.9287
-17.002
-11.628
-23.991
-4.6422
13.314
-3.9236
-14.247
-12.805
-17.325
-3.1499
4.9793
15.683
4.3299
16.037
9.4631
16.087
6.528
-17.586
17.247
-5.4609
8.9015
10.816
22.205
11.348
24.863
11.386
10.86
1.0079
-10.604
-10.371
-27.837
-26.643
-0.35488
-22.793
-10.469
-3.5557
-13.041
18.607
19.534
8.619
7.6665
-6.2197
2.5471
-1.1942
-3.8867
-21.644
15.935
-11.986
-47.175
-26.876
-8.4599
-5.0488
9.5153
13.154
1.2466
21.767
16.927
12.236
1.6856
7.462
9.0563
13.022
4.9874
1.4316
10.653
12.282
-0.0024365
14.285
34.628
9.0189
-17.851
-32.128
-14.837
-4.2313
-18.432
-10.506
1.0642
-0.80491
19.295
12.312
NaN
NaN
NaN
NaN
-35.333
-18.377
-13.084
5.4157
19.942
16.296
17.332
-7.2059
-11.43
-3.0552
-6.3367
7.7732
-22.122
-24.891
4.8886
-8.2868
0.17863
-9.3071
-6.1467
9.7629
36.258
23.069
43.308
42.949
27.028
20.746
24.44
5.3798
-12.086
-14.733
-4.4018
-6.7592
-22.594
-29.032
-14.288
-11.753
-25.67
-41.734
-21.106
-31.202
-16.097
-6.8157
-3.6027
15.122
13.975
11.226
20.144
20.493
4.4807
-6.8241
9.2073
15.035
7.9303
27.198
20.757
0.52868
-4.543
14.228
16.942
6.0493
-7.1714
6.6542
-20.217
-40.325
-6.5379
-24.414
-15.555
-6.9587
2.2987
23.764
-2.3079
5.6329
-12.982
4.4583
-4.3221
-2.9653
3.2345
6.7973
8.5799
2.3965
-1.8185
24.289
23.735
14.604
-24.477
-14.05
-6.9591
6.0054
14.199
-1.2564
2.5066
-7.3585
-15.027
-16.081
-14.685
-13.051
-2.8643
3.3726
4.6907
2.3838
-2.1648
6.5148
2.2956
-7.6876
11.033
0.70679
-8.034
-20.343
0.65568
17.75
8.9274
23.497
35.352
27.022
-3.8166
-4.2749
