-7.4649
3.4676
-17.238
-8.2089
7.798
6.846
13.149
-19.099
4.0832
4.4722
-1.8705
3.9196
15.012
-17.036
-12.278
-2.3166
11.244
18.189
13.104
10.75
8.6727
-14.019
-14.267
4.1366
-13.448
-10.751
-9.4384
-0.34489
2.8571
15.02
17.963
28.208
-10.359
8.8096
16.943
8.363
7.2296
-4.3071
-17.242
-10.923
-7.1729
-11.402
7.6028
5.0907
-17.541
-26.809
-23.041
-18.885
7.5279
-9.9543
6.7043
13.566
31.582
12.332
5.8868
12.584
7.2887
-4.2292
-18.072
-36.807
-22.916
11.572
19.899
-9.1071
0.79889
18.588
7.874
10.61
1.7296
6.1629
4.5343
1.3494
2.0947
-11.094
-7.2335
14.264
8.4025
8.8247
20.524
13.681
-13.765
0.025381
-14.427
-8.0216
-23.473
-24.639
-6.2816
6.5249
-16.083
0.66784
6.0671
4.3481
-0.61403
-5.5128
7.8111
-19.063
-10.208
7.0778
6.4528
9.4132
8.0891
17.833
1.7296
11.053
3.3557
-4.4552
-12.45
-13.09
-4.8175
7.5272
6.0387
-8.4936
7.9494
21.91
16.242
22.685
14.768
6.3552
-27.651
-19.981
-32.162
-26.227
-13.316
-10.063
-2.7367
8.9594
27.504
22.581
3.4952
7.5042
1.5503
13.594
8.9869
6.5178
1.1178
4.4144
-7.0103
1.767
-10.918
-16.307
-16.197
-33.926
-29.153
0.88329
2.0491
4.5926
8.3409
-5.9837
-12.221
-12.829
-10.656
-20.805
7.1001
22.235
30.569
45.365
36.35
28.961
2.6993
-2.4488
15.585
20.94
22.732
6.8417
-14.8
-11.733
-0.068081
-7.4468
-19.402
-22.721
-32.777
-37.924
-31.482
-26.904
-21.864
-8.7035
11.01
9.8219
4.9032
20.713
5.8171
1.7842
-5.6195
-9.4616
5.2432
11.972
16.535
-0.33898
24.236
24.299
41.504
22.339
-9.5997
-12.534
-17.754
8.2714
3.8051
-6.9517
3.5545
-0.63099
-4.6723
-12.738
-29.238
-17.151
-8.6776
-4.1248
7.055
10.451
-3.0241
14.252
20.223
11.175
-7.2658
3.8488
5.8457
-2.8335
-17.219
-30.683
-23.746
-12.446
17.897
4.4098
-28.02
-1.6209
-5.8223
16.334
20.669
29.099
31.226
19.207
-16.985
-12.227
4.5864
2.558
-10.113
-4.3584
-5.9397
-30.973
-23.851
2.751
7.8982
-9.1722
32.793
18.799
17.921
20.86
14.376
21.645
0.0038654
-10.777
-24.477
-9.6057
-4.35
-30.091
-8.3809
