-16.858
11.044
4.9095
4.5593
7.1566
-23.284
-4.3436
11.297
5.0526
14.68
12.457
6.6466
2.6529
5.9594
-1.9432
6.5076
8.7222
0.51856
-2.3807
0.23637
16.578
27.233
32.649
14.781
8.085
-15.653
-26.624
-35.523
-30.207
-12.853
-0.53754
-7.9589
-19.851
-8.5044
-8.2574
-10.175
6.2238
-11.439
10.473
13.927
8.931
0.3636
5.3108
9.4985
18.661
22.669
-4.71
5.1904
-2.8646
-9.4055
-2.6128
-12.224
9.0576
2.8328
10.122
13.327
10.482
8.8565
-10.188
-16.596
11.429
-10.34
-5.0208
-2.3298
-1.5726
-6.4215
-2.9047
-9.2844
-16.529
-7.1702
6.168
-2.6643
-21.883
-7.8643
-1.7998
-4.0218
5.0267
12.147
9.8989
23.269
8.1047
2.8079
22.019
21.667
1.7827
-7.8684
-1.6524
6.7281
-6.3694
-5.8432
0.7816
1.3608
19.287
19.532
5.0341
-24.599
-34.544
-18.014
-25.349
-23.649
-3.1271
-21.629
-11.59
-6.243
4.8312
14.826
22.71
21.248
-0.53112
13.797
10.411
12.835
9.5089
2.7297
4.0244
-8.2875
4.8766
0.68135
-0.94736
1.5737
7.2165
-5.2741
-6.4817
14.104
10.239
-4.5847
-10.842
4.7642
5.7393
-0.37322
-19.188
NaN
NaN
NaN
NaN
-4.3259
6.5067
-4.3357
-13.881
-25.897
-7.5076
5.3133
22.973
13.872
20.983
6.336
-15.012
-8.9351
-1.0272
10.431
8.9201
9.9318
21.799
13.067
-12.92
-7.6016
-11.42
-12.85
4.5843
-22.475
-13.689
-4.3362
5.8407
14.23
5.3816
13.46
20.107
2.8503
9.5336
0.81656
-4.0394
-10.425
-14.635
-7.0577
-3.9989
3.2324
-11.839
13.212
10.023
6.495
8.9423
-8.2472
-12.04
-9.0876
-1.4122
-12.745
-0.84294
-7.2184
-2.7495
-2.3394
-2.4237
6.8954
2.3447
-9.391
8.1714
2.8475
13.694
9.1582
8.5329
7.3883
-3.4971
-24.415
-17.26
9.4585
1.3617
10.12
21.238
16.722
5.8345
11.532
-12.06
-12.514
-9.7208
-15.303
1.2049
-19.115
-4.5354
9.819
8.8173
7.2596
4.082
21.875
24.061
1.4814
-23.227
-23.451
3.8977
-9.4737
-5.0532
5.6451
1.56
-9.3313
-8.2522
1.0496
-3.7103
-5.0514
-19.415
-2.2431
-1.8555
-6.613
-4.2249
-11.858
0.051615
12.404
19.735
18.7
12.993
20.426
16.583
25.185
-11.787
-30.107
7.3392
5.5634
21.894
4.9941
8.9915
2.28
2.8056
6.8247
-1.0389
-28.858
-48.932
-21.812
-41.91
-7.5185
1.9251
1.6611
3.8744
9.9113
29.696
24.893
10.681
0.93945
-0.6794
-5.6705
6.2562
4.7554
11.459
0.7331
-17.222
-16.443
-17.084
-9.7929
-14.26
-10.544
-0.93132
12.378
11.022
8.9487
21.103
23.121
8.5757
20.626
5.9469
-8.6186
-9.0984
1.8838
0.98575
-15.394
-7.9564
-8.6578
19.662
18.413
16.042
-11.236
-39.152
-21.368
-6.2847
-19.861
-14.435
-9.7341
0.12146
5.854
NaN
NaN
NaN
NaN
6.5655
23.577
32.905
35.733
41.195
20.872
7.6711
-11.215
-18.04
-31.425
-18.272
-26.843
-33.235
-20.764
-7.1701
-7.1714
-8.9659
-11.132
-7.9378
23.943
11.186
16.867
-4.8428
2.6802
14.108
13.997
10.3
18.614
28.83
14.106
1.2197
-0.046132
1.6416
-8.8594
-17.855
7.4239
-3.1681
-5.4707
-4.1916
-5.3277
-17.695
-4.8857
-1.8175
5.8696
-4.4906
-12.302
-24.998
7.5022
-15.214
