-34.121
-4.3843
12.18
14.169
3.7145
-10.884
8.9042
12.959
13.888
24.299
24.115
-4.699
-9.9445
-2.1038
1.5409
-1.2216
-7.1592
-11.282
-7.9305
10.2
26.128
27.471
31.816
8.7123
1.7777
-2.6917
-10.754
-24.344
-17.595
-17.118
-6.6906
-8.108
-18.2
-15.268
-9.8191
-8.8073
7.0194
6.997
15.67
23.845
-2.6233
3.9338
-4.3202
-8.721
2.6421
12.343
-4.1619
1.2829
-8.0234
-16.022
-2.6203
-8.1663
-4.2888
1.6048
4.1883
0.39712
13.05
7.0508
-2.9447
-1.1987
8.3916
7.956
21.177
21.469
16.504
2.4066
2.3601
-12.583
-16.649
-5.9746
-7.6655
-14.396
-12.369
3.0526
1.8204
-15.055
-21.266
1.846
-8.1493
9.5368
-6.4883
4.5339
31.793
30.731
1.854
7.1954
13.287
14.046
-17.011
-38.278
-17.196
-1.5719
15.077
8.1629
-3.361
-16.302
-21.748
-12.339
-10.163
-7.6654
7.8124
0.35691
1.3564
5.6698
12.829
18.81
20.978
6.0565
1.0667
5.8969
5.014
5.2343
-4.9228
-7.2076
-3.2738
-9.4293
-0.00047796
-5.5271
-9.5619
2.1998
6.4324
-4.5603
-2.4521
6.5672
10.022
0.62227
2.3089
25.54
23.647
9.2479
-25.175
NaN
NaN
NaN
NaN
10.763
6.5305
-17.007
-11.36
-41.344
-12.728
3.8896
-2.7428
-6.1716
9.8754
2.3599
-11.613
-3.5789
14.708
6.3864
10.471
24.599
19.98
-11.222
-7.9532
-1.9946
1.1072
9.3424
15.356
-5.267
2.5894
5.1162
10.009
26.829
21.622
7.2006
-2.543
-4.6036
1.3372
-9.6928
-17.334
-21.271
-16.895
-16.333
-15.594
-12.417
-2.3218
11.945
1.1524
-11.115
-7.0941
-15.712
-2.9209
1.0301
5.1066
-12.328
7.5074
-1.2629
13.633
13.241
16.857
23.115
16.778
7.2425
2.3539
-6.2905
-16.309
-10.675
-10.286
-13.63
-3.7062
-7.2964
7.8731
16.067
0.95862
13.095
15.287
10.316
6.6318
28.42
-1.8303
5.0927
3.0251
-16.362
-8.3792
-33.803
-17.482
-5.7559
-5.9701
-11.58
-0.072866
10.524
9.4516
-14.372
-3.3009
-12.378
10.277
9.0477
11.189
11.472
-13.04
-8.551
-7.9928
17.229
7.4967
-10.883
-18.675
3.0912
8.4483
-15.506
-14.58
-13.824
5.531
5.7718
7.9655
17.156
23.639
19.396
9.9856
14.436
3.5234
-8.0369
7.3237
11.778
15.773
8.1644
6.7782
-3.7052
-7.1827
-9.6381
-1.7775
-14.966
-46.192
-50.619
-72.009
-4.6186
9.0236
14.651
29.988
23.375
34.501
35.542
13.348
1.4735
-4.9133
-10.869
-13.086
-7.6383
-11.577
-12.37
-18.945
-8.029
6.9771
-1.3388
5.2514
12.798
6.8933
10.117
13.897
7.3513
13.247
12.522
-13.041
1.1952
-9.289
-4.4865
3.185
0.94978
1.081
-12.845
-2.9166
-1.2607
12.684
3.8483
7.3854
-12.933
-24.011
-6.2758
23.314
12.479
-4.3189
-6.6067
-11.871
5.478
NaN
NaN
NaN
NaN
-4.8948
8.7542
16.279
21.375
21.271
2.7914
-1.3406
0.35508
-19.629
-9.2759
4.3393
-12.707
-19.08
-0.85138
24.306
7.3203
-20.216
-31.717
-13.466
7.1201
-10.111
-2.5723
-3.8424
16.501
19.078
25.545
22.097
20.659
28.581
14.905
4.2057
3.7327
14.298
-10.151
-10.207
-8.6368
-11.696
-12.131
-13.686
-19.936
-26.546
0.95914
-2.3568
0.60104
-9.3332
3.2082
-14.186
5.3614
-11.483
