-8.6244
-5.9436
-6.3671
-0.28934
-0.63069
2.0472
12.745
12.409
18.29
8.7042
9.647
-0.33852
-21.786
7.715
8.8654
-13.62
-7.6614
-1.1633
-5.4266
8.7988
-3.7999
-10.826
0.73744
-12.131
-7.2712
-3.8813
-1.9549
-3.2602
14.07
3.8938
17.459
18.064
35.494
16.345
2.5272
-15.159
-17.011
-9.2607
-0.64842
5.1239
-7.0634
-3.7986
-15.819
-19.463
-7.4877
-4.2363
0.33911
-2.0917
-13.877
0.44634
0.95659
2.7742
1.6308
7.555
-1.703
12.575
-2.6129
-12.284
3.2345
0.34018
14.226
7.1829
24.243
8.7286
2.8199
-14.2
-16.888
-9.5554
1.8899
6.0491
-10.778
-1.7485
5.8519
19.32
22.044
16.205
-16.154
7.6795
-11.932
19.64
4.7241
-5.9071
12.88
-12.753
-26.23
-14.722
-0.28369
1.434
-9.3109
-31.227
-7.8239
-4.7287
-13.284
-8.2525
9.2595
8.6981
3.63
9.5566
9.5567
8.4022
-1.788
-6.4848
2.0417
5.75
11.901
7.1861
-0.14178
-0.70367
-2.1995
8.7887
3.3898
13.8
4.4485
10.515
1.8575
-1.6274
4.2314
2.451
-2.9728
-0.68843
-10.401
-16.29
-6.7057
-10.619
1.7229
7.6098
-8.424
8.8866
2.3512
-6.3345
-10.498
NaN
NaN
NaN
NaN
-2.7545
7.5055
-5.233
3.4078
-2.2624
14.873
14.21
-5.4032
-22.085
-1.4479
-12.519
-5.5354
12.269
5.8769
3.0024
8.1288
9.8214
4.7153
-20.959
-12.486
-2.8178
25.018
19.677
33.495
-7.8441
0.26449
-4.968
-0.20347
15
-4.955
4.2402
-3.1904
-7.0636
-5.817
-0.76791
-18.036
-9.8862
-12.172
-9.0278
-7.4128
-3.4549
-1.2593
12.902
2.4404
-4.381
-10.715
-7.2709
1.4548
7.9546
-3.771
-0.46016
14.964
0.040202
20.397
7.6363
-6.136
-1.6283
6.1039
6.307
0.041038
9.7549
-4.4655
-35.196
-30.536
-15.348
1.978
15.332
17.441
18.201
-4.639
27.261
12.71
10.513
3.1428
12.214
-3.9186
10.73
1.1349
20.832
3.0537
-28.293
-11.969
-4.6173
-23.917
-34.549
-46.072
-25.066
-3.113
15.564
24.722
0.92693
-2.8566
18.177
1.5755
17.086
4.5741
10.774
-11.397
3.8401
12.763
13.305
5.8657
5.0815
-8.5432
-11.823
-3.7646
-12.692
5.2778
-6.5988
2.0111
11.115
-5.3197
-0.054941
14.292
18.568
-7.5186
-19.56
-12.781
1.7211
4.4918
-1.2341
5.2466
14.062
10.913
19.543
13.685
5.7906
-6.8278
-37.35
-55.867
9.0577
-6.4026
-0.35794
6.8457
-1.6159
0.29375
3.3083
-3.1635
3.8703
-1.8598
0.099463
4.5172
2.2867
-3.3537
-6.4965
0.66183
14.932
20.007
7.5425
-2.501
-3.3614
1.6948
9.0764
4.2083
-3.7981
5.2803
4.111
-6.4096
-14.036
-5.1513
8.8885
6.3963
-5.1664
-6.7427
-0.097628
-3.7559
-12.552
-3.4874
-10.886
-3.7716
-13.521
-3.9089
5.0428
15.096
5.0607
-8.8242
3.1415
14.042
19.21
NaN
NaN
NaN
NaN
11.918
0.33395
-0.62013
8.3829
-17.117
-37.365
-22.031
-11.196
-5.4537
-12.074
-2.4568
-14.287
-21.399
15.806
29.747
20.688
6.6607
-12.664
0.04457
3.9594
-16.538
-4.7298
1.2325
6.26
12.615
19.859
18.842
17.957
9.4158
-2.0111
6.5048
-2.3615
17.038
-5.7436
-3.6904
-19.028
-8.2661
-17.253
-11.333
-22.145
-10.628
-2.7988
-4.6091
1.4209
-5.8867
17.279
7.858
13.262
-10.299
