-14.907
3.2896
-25.825
-16.198
-4.3526
-8.4005
12.758
26.347
15.324
13.046
22.338
-5.3752
-5.6177
3.7628
-9.4753
-14.01
4.8857
0.27446
-8.1422
-17.528
-30.159
-13.42
14.562
19.225
16.397
14.438
9.5991
-16.186
-24.967
-9.415
-17.45
-13.912
16.028
6.2613
2.9479
13.536
11.793
2.8865
15.017
4.4052
4.7682
-4.1485
2.6522
13.894
10.236
-10.886
-10.074
-6.3249
-10.145
9.7499
17.097
-8.9699
4.4357
-18.7
-2.5885
5.3537
-2.088
-13.282
-23.442
-28.269
-10.377
-12.302
1.8717
7.0571
7.2513
17.205
9.5646
23.964
21.867
7.4296
30.652
19.188
-1.7462
0.23806
-12.795
-23.86
-0.99091
-8.2084
-7.2427
-28.968
-28.043
-9.2905
6.0947
21.046
27.082
16.633
-8.2913
14.998
-16.089
-16.25
-22.545
-11.917
11.093
22.763
25.164
3.934
-2.5217
6.1591
-9.7738
-4.0475
-5.82
-12.095
-10.563
-23.903
-10.723
10.814
9.8855
19.58
18.577
24.995
14.309
-3.1625
-15.812
-21.855
-3.3867
-23.37
-1.4892
-1.7257
26.846
1.9718
-18.849
-10.898
-6.3172
4.5998
26.557
15.844
12.224
5.3349
-6.0699
-26.115
2.0373
5.993
13.949
14.457
3.0861
-11.4
-8.0816
-14.501
-30.589
-11.007
-6.2714
0.069699
-4.7544
10.577
12.679
-4.5201
-4.996
-1.6818
5.4835
11.954
5.976
6.1671
8.8672
14.988
14.843
21.756
6.488
-10.176
-7.434
-19.231
-30.697
-20.383
2.6381
17.282
13.28
7.3757
1.9525
-12.808
-16.193
-5.5944
14.664
1.063
-8.4676
-14.553
1.8477
-1.8572
6.372
4.2224
-1.3623
13.81
25.216
-17.675
-16.074
-4.4769
0.010827
12.827
10.622
-3.8053
-7.3634
-11.048
-8.3469
-10.12
-3.1422
10.397
34.078
20.731
18.501
2.4559
-9.1414
3.9422
-5.016
-3.1273
-12.011
-20.479
-10.355
3.7094
6.4774
8.2307
-25.509
-14.787
-21.112
-11.203
-6.8657
9.1791
1.7459
11.112
8.957
14.561
-5.4263
22.633
18.804
8.8222
4.9678
10.083
3.2371
7.2878
8.3983
-4.0303
-4.164
-22.347
-13.294
-10.302
-7.1338
6.6443
-1.7644
-17.49
-17.041
-4.1339
7.1698
-1.6632
-7.2361
-0.41541
0.63032
10.829
0.082213
1.6899
4.7035
9.2085
8.9118
23.571
-0.47515
7.396
12.363
10.313
5.992
3.7607
-18.41
-28.424
-14.034
3.4571
-19.375
1.5874
0.07185
-8.7697
-16.533
2.7672
2.3458
9.3661
15.429
2.3293
-1.7473
-1.0436
1.4827
6.3762
0.94887
-3.4339
-0.2932
19.309
-4.1394
6.7889
10.053
10.505
5.1844
-18.721
-14.083
-10.972
4.6252
4.9455
-5.7424
-8.8863
-1.8058
-0.2937
5.4882
-13.995
-6.9059
-3.2315
7.4613
-2.3383
7.7232
10.85
8.1559
2.5262
-4.8645
7.1632
13.675
