-3.1654
4.8221
-14.337
-17.472
-6.4215
-17.615
6.9953
16.115
4.8853
11.748
19.472
7.3899
5.4324
2.4224
-2.9059
-11.019
17.469
5.6576
-8.1881
-20.767
-24.853
-16.569
4.516
-0.37165
7.163
11.857
7.3367
0.65386
-15.228
-7.0026
-17.473
-20.2
13.455
14.863
4.5329
15.152
8.6787
-1.129
6.2139
1.2561
-1.2604
-2.0221
4.9885
14.009
9.1962
-3.6147
-8.8527
-9.8745
-7.3888
3.819
7.4299
-12.708
4.6465
-4.6242
2.8092
8.6803
-6.6829
-12.735
-10.103
-15.311
1.4784
-9.541
-2.5749
1.5659
4.5519
15.726
8.0354
9.5021
4.6589
6.0161
17.798
11.032
-8.6968
-4.7114
-0.59241
-6.4257
1.0801
-5.6076
-0.1959
-12.339
-7.7422
4.3301
7.113
17.833
4.4872
9.4914
-5.9497
-3.9791
-20.068
-15.303
-11.348
-6.7767
-0.89552
-0.88115
0.3084
-11.789
-7.6003
1.8918
7.2192
10.96
4.6263
7.0996
1.5936
-11.93
-0.56303
20.117
14.264
18.698
14.579
15.757
17.844
-2.5288
-9.5354
-16.569
-7.4465
-27.069
-2.7095
-0.53004
31.446
7.5308
-6.5738
-17.729
-37.476
-28.998
-0.21105
-5.723
-0.35463
8.8069
7.3436
-7.5271
9.3283
3.8564
5.4279
-0.66383
6.253
5.795
12.25
-4.1703
2.8457
-0.0080416
5.8387
11.383
6.4045
4.114
3.6175
-7.6463
2.8733
-12.663
-6.5073
5.6653
0.71165
-5.7042
-9.2192
-3.3296
11.336
8.9111
-0.32997
-7.0884
-7.5048
-12.238
-11.52
5.7174
16.638
18.374
8.0143
9.8811
-0.88855
-5.3643
-1.3484
-0.11935
2.1138
-25.946
-27.951
-20.264
-7.6123
-9.0063
2.2458
7.1304
-1.8475
18.252
27.266
8.5063
-0.58633
-3.7126
5.8086
-0.27831
15.099
5.6895
-8.9757
-4.3116
-3.9708
-3.0185
-1.8992
-2.2988
24.241
23.337
11.891
-4.3087
-12.376
-3.6236
-12.946
-4.1448
-9.938
-12.942
-4.8451
9.7335
5.5461
12.459
-7.3007
-10.84
-17.479
-3.4382
-4.507
-2.546
-8.4416
2.3813
-9.9081
1.7327
1.6173
15.918
6.7021
-3.3839
0.069746
-5.3266
-2.7524
4.2084
6.9027
10.983
14.566
7.4781
7.0254
-8.8198
5.8806
21.442
13.418
-0.84018
-13.548
-3.4751
2.082
-7.8919
8.458
2.238
4.9774
-11.83
-15.897
-15.365
-13.88
-10.261
-14.596
1.3308
-10.505
0.12512
8.5021
5.8314
12.124
4.365
-14.138
-23.745
-6.5705
7.105
-8.8128
20.301
24.6
16.624
8.7372
13.594
-3.0472
5.6921
9.9563
8.9822
1.9943
5.4724
1.4129
-4.5336
-22.542
-18.411
-6.7318
-4.8923
-6.9299
-0.59614
2.0359
6.1224
3.6459
-9.7663
-4.6892
-0.87379
7.3581
4.7373
3.7835
-0.20712
-8.5976
1.4846
1.4096
-7.9516
-4.921
-1.7575
-1.9393
4.1486
10.32
8.0171
-3.4848
-8.2001
0.19473
8.6542
15.925
