-30.876
8.2271
-9.219
-6.4485
0.41835
-25.49
-18.728
-16.538
-22.742
-20.915
-20.651
-12.884
-15.506
-3.175
9.4381
9.6748
20.97
24.716
12.826
12.563
20.245
27.468
33.997
11.891
20.248
29.675
2.0533
-22.144
-6.883
1.5749
-12.555
-38.773
-27.952
-27.571
-27.039
-16.389
-25.022
-9.3309
-12.136
1.6339
-4.7318
-10.714
-3.956
9.587
13.511
20.463
22.486
20.056
11.051
11.535
18.304
36.238
33.829
17.002
18.871
-0.64978
-24.893
-29.383
-8.426
13.987
19.382
2.2425
-13.523
-14.735
-36.094
-28.417
-41.718
-28.947
-23.337
-11.926
-1.3703
-2.495
17.028
16.581
10.047
34.205
32.301
9.5578
4.5256
10.82
5.7248
12.112
7.2447
-1.9303
-3.1255
-13.468
0.52035
-2.4314
-35.248
-19.025
-13.952
-3.0012
5.9835
5.9869
0.80056
6.0207
8.2653
4.4163
1.2102
-1.8546
-4.52
15.132
11.578
13.786
23.385
3.6178
9.8907
1.6109
-6.5468
-7.7127
-25.673
-18.501
-4.3055
8.2639
21.267
26.312
-4.346
-21.09
-30.217
-13.909
-7.1512
-18.842
-17.497
-8.3284
-7.4834
-5.6764
2.0034
-1.3499
-2.1082
7.1866
11.359
31.681
26.123
7.6276
12.515
-4.8574
-2.0196
-8.5324
4.5361
13.677
24.376
14.453
10.525
0.62171
3.6728
-6.474
-15.637
-22.291
-5.8515
-7.5589
9.7643
3.8237
-14.027
4.1791
5.8347
3.9621
-4.549
-15.575
-12.759
-0.049101
1.1808
-23.757
5.3635
-24.713
-40.511
-16.434
-1.911
7.6648
12.303
19.121
22.064
18.837
19.386
15.364
-1.1324
3.3945
3.8043
8.6184
-1.0587
0.6648
3.7917
-16.104
0.67361
16.38
36.685
10.582
-0.82793
-11.286
-6.1106
-8.4978
-25.528
-22.605
-6.9681
-6.9509
6.126
1.4284
NaN
NaN
NaN
NaN
-19.007
-11.61
-3.795
1.7499
12.018
23.496
26.577
-6.4268
-8.5542
-9.4569
-15.94
1.0852
-10.283
-14.399
-8.4279
-13.191
-7.9732
-17.941
-6.5967
8.3957
33.729
19.241
33.219
27.819
20.491
20.095
31.496
12.412
3.3568
-22.357
-19.229
-15.879
-20.432
-18.172
3.2735
5.3474
-12.482
-29.692
-5.0123
-27.198
-15.071
-10.94
-6.3898
2.9679
5.7679
8.1063
14.61
14.386
-5.1343
-1.5503
4.6855
13.369
11.942
24.034
23.462
2.4031
4.7655
7.2943
14.996
-0.91548
-12.38
-6.9134
-26.79
-28.58
-13.358
-7.2633
-27.77
0.93609
6.5427
18.747
-11.413
-9.59
-11.705
12.962
7.4243
7.5331
10.058
13.461
11.075
11.674
7.1398
32.638
29.399
12.062
-17.116
-14.383
-1.7137
0.95989
-5.7367
-11.765
-20.79
-9.9929
-24.522
-21.696
-20.935
-18.309
-9.9243
-4.9564
9.5725
4.3723
-1.3956
10.365
20.73
8.0406
17.77
5.1741
-2.9715
-10.008
11.372
15.545
12.797
23.39
31.849
19.912
6.8962
-11.709
