-21.938
19.606
18.873
-26.251
-0.30913
9.2934
21.932
19.731
-3.6157
3.8971
11.601
7.2315
-13.818
-14.105
16.227
-1.5198
-3.2301
-4.2028
-3.044
-8.464
-3.5875
-17.372
-20.354
-8.3658
4.0666
1.2001
-11.775
-7.61
-18.613
-0.3769
28.572
14.64
24.886
20.656
38.064
32.643
15.827
12.034
8.0749
1.4621
-16.14
-17.185
-5.74
-24.897
-15.323
-16.87
-21.541
-40.767
-39.052
-14.055
-8.0847
-10.244
10.244
24.067
18.996
23.229
50.337
-3.4903
-22.009
0.73299
-5.739
-7.6935
-1.8602
3.164
14.773
27.107
-15.569
7.7385
1.098
8.8506
28.494
10.275
6.9825
-14.608
-14.764
4.1337
-2.7774
-22.234
-12.129
-0.026208
6.016
7.1216
-5.1838
-22.488
-16.55
-13.308
9.5826
18.246
4.8607
22.157
11.01
-18.24
-17.775
-11.295
-10.489
-8.1345
4.682
2.1372
-6.366
10.797
16.237
-5.3611
-17.982
15.686
9.3284
20.594
21.868
18.633
15.099
-19.79
-15.606
-5.2321
-16.757
-21.408
-17.203
5.4358
6.8552
0.505
5.7004
4.4994
7.0242
-12.229
-3.3771
15.658
11.291
20.178
8.8855
3.358
1.1454
4.8796
-14.885
-31.012
-22.215
11.295
9.1004
-6.9147
-0.81518
3.6216
17.158
0.5087
-24.04
-6.225
-12.642
-11.724
4.8714
0.22559
-16.996
8.6708
22.916
5.7985
4.1015
3.9333
-0.032029
-5.9652
-7.9053
4.7201
18.385
17.381
9.4683
-18.04
-8.9775
-26.551
-19.795
14.121
49.937
56.755
30.637
-3.0244
-12.87
-16.292
-7.921
-21.912
-40.071
-32.61
-9.2964
1.4793
2.1378
-0.43787
-3.5233
-6.3197
-9.7588
-12.25
-10.381
4.4974
9.6487
11.267
19.694
14.972
30.538
33.988
-8.8859
2.6082
-1.045
0.36145
14.176
1.2011
NaN
NaN
NaN
NaN
-3.3988
-14.726
1.9007
24.675
13.772
-12.054
-10.018
1.1698
6.1244
23.809
18.838
12.077
20.938
-4.7128
-9.3097
-26.885
-17.433
0.4222
13.826
-3.3229
13.537
-2.9039
-19.914
-16.623
-2.9166
-10.29
13.324
0.25833
-11.608
7.1025
5.2969
-9.339
-0.54394
10.534
6.053
-4.3498
-11.981
14.404
28.797
7.8592
-2.6692
-14.794
12.982
9.7231
-0.20686
-23.509
-6.2151
7.3711
-5.1062
-1.9541
-7.7499
-7.2786
-7.9708
10.404
11.149
-4.8288
-18.314
0.80543
2.563
1.4646
9.8591
20.11
14.538
21.768
15.13
-10.625
-44.606
-24.328
-13.296
23.563
7.7352
-1.6166
1.8505
-0.096191
-3.8543
3.4136
-4.4733
3.929
15.464
3.2478
-15.509
-4.2187
-5.6241
4.0581
-13.584
-13.934
-4.0559
2.9528
-9.5153
-13.032
-5.4066
35.385
14.858
2.5335
15.672
12.454
13.46
-8.8377
-0.49222
0.61189
11.668
-2.4215
-7.8743
-3.068
-12.157
-10.605
-0.23898
3.7947
7.4586
4.2428
-1.893
-6.9179
-9.9597
-14.058
-8.9827
-0.84942
