-5.5701
2.0297
-14.231
-17.518
-3.3147
-6.5587
12.202
11.782
9.7107
19.419
17.362
-6.0256
2.3981
3.4339
0.50399
-1.9068
11.955
-3.0368
-8.4415
-10.928
-18.926
-9.2283
10.682
9.6079
8.5602
9.5527
5.3625
-10.916
-20.908
-9.2834
-15.811
-16.321
12.658
13.271
4.8598
8.2153
9.6749
2.5561
7.5818
-4.1543
-5.7274
-11.066
-0.2768
7.0584
4.1024
-13.263
-9.2775
-4.1991
-13.468
-0.54463
15.05
0.92264
10.546
-5.8977
13.943
17.821
9.0443
-1.0754
-3.8993
-13.694
-0.62625
0.31904
-1.5336
-1.3856
0.035136
3.7769
5.2868
4.5175
3.279
-2.1259
15.902
17.606
-1.5513
-7.4542
-18.344
-18.519
-4.3156
-9.3141
-5.5838
-24.787
-24.863
-12.274
1.6722
14.238
16.153
18.572
2.6729
5.8239
-9.2948
0.74022
-0.71244
1.0944
9.399
19.629
30.445
12.873
-2.8639
0.074613
-3.4597
4.7015
-1.6434
-17.828
-11.256
-12.034
-10.813
4.9886
2.8309
15.757
4.7701
4.0992
6.6913
-9.401
-4.889
-17.673
-9.0906
-23.564
-5.3092
-3.8535
21.603
-1.7429
-17.753
-6.7675
-11.368
0.79616
30.522
15.195
13.21
10.078
-4.2719
-19.06
3.7107
8.123
17.525
17.738
4.2566
-6.3068
-1.2889
-7.9439
-10.804
-2.5137
-5.7228
-3.8958
-10.74
5.7455
10.642
-3.7918
-4.3829
-5.2649
1.2483
3.5479
1.3351
0.55557
1.1061
0.98249
4.8914
4.7401
-0.01937
-15.158
-12.104
-10.918
-9.952
5.8856
7.3202
13.855
13.443
6.0284
0.18994
-5.2955
-10.658
-2.7087
14.935
1.9673
-2.8039
-8.1454
-4.3713
-5.0197
0.34407
3.7854
-3.1273
7.4572
19.972
-7.0227
-9.0466
-5.2567
-3.3236
10.795
9.4459
1.4477
-9.04
-9.387
-9.2501
-0.74619
0.3772
3.2863
21.372
16.93
10.553
-0.6493
-3.0062
0.45332
-7.501
-9.7953
-18.874
-23.225
-9.4836
6.621
1.0937
2.8437
-14.491
-1.2397
-2.9904
7.8006
5.5448
6.7779
0.94325
12.15
13.157
14.819
-1.5195
14.14
4.5698
-8.7644
-6.0279
-4.1825
-0.059124
-0.59515
1.1045
-2.0251
2.0321
-11.512
-8.4844
-11.421
0.96357
15.228
13.608
-15.203
-19.247
-8.0316
2.2448
5.3406
4.1325
3.5989
0.25943
5.1017
-6.1086
-1.5151
-3.3685
6.453
-0.68806
8.9498
-3.4594
6.8772
11.071
4.5676
8.2035
4.4565
-13.322
-11.192
5.3043
14.51
-4.7956
5.8107
-0.91567
-1.1539
-18.594
-1.2122
-12.286
-7.3415
0.88793
-9.1101
-12.856
-12.301
-13.154
-4.0738
3.6324
12.849
11.667
26.615
12.576
11.546
18.095
16.182
12.314
-8.8288
-7.0817
-6.8153
5.9038
-0.25798
-7.9551
-11.896
-13.32
-8.7092
-0.97785
-10.274
-8.0963
-2.3574
-4.7347
-0.28509
11.299
8.1032
5.1195
-10.354
-10.141
4.1174
18.267
