-40.535
50.041
7.8305
-32.371
-12.853
-71.892
-123.1
-55.738
-0.63848
-33.783
-11.252
21.291
40.925
6.9267
-50.154
-65.324
-38.474
26.482
30.642
26.405
51.465
23.576
-6.0373
4.1062
-15.842
-19.061
-2.4239
-30.623
-60.069
-71.882
NaN
NaN
NaN
NaN
NaN
NaN
NaN
NaN
NaN
NaN
NaN
NaN
NaN
NaN
NaN
NaN
NaN
NaN
NaN
NaN
NaN
32.511
34.308
74.61
7.0051
-40.787
-76.147
-12.704
-31.322
-16.539
9.5122
23.075
-58.029
-27.719
-16.379
-26.622
2.0351
36.712
-34.631
-7.3603
-20.606
-52.653
-57.43
NaN
NaN
NaN
NaN
NaN
NaN
NaN
NaN
NaN
NaN
NaN
NaN
NaN
NaN
NaN
NaN
NaN
NaN
NaN
NaN
-12.924
-57.354
-71.748
-23.865
-21.102
-7.2183
28.332
21.157
44.389
73.464
33.717
-8.9904
-27.261
-47.29
-86.208
-49.933
-76.497
-23.285
-57.193
-73.535
-35.974
-9.8679
NaN
NaN
NaN
NaN
NaN
NaN
NaN
NaN
NaN
NaN
NaN
NaN
NaN
NaN
NaN
NaN
NaN
NaN
NaN
NaN
-27.549
12.606
2.1187
-0.067783
30.473
1.4198
-22.023
-0.39614
17.308
-21.128
-66.904
-69.501
-69.297
-150.58
NaN
NaN
NaN
NaN
57.887
55.048
39.84
-9.7544
NaN
NaN
NaN
NaN
NaN
NaN
NaN
NaN
NaN
NaN
NaN
NaN
NaN
NaN
NaN
NaN
46.649
85.956
25.427
-8.5434
29.32
-1.7945
-72.621
-109.96
-103.61
-82.529
-59.556
-53.761
-85.234
-51.249
-49.854
-57.991
-47.975
-12.261
-34.286
-38.5
-45.877
-58.948
-36.017
28.321
84.274
NaN
NaN
NaN
NaN
NaN
NaN
NaN
NaN
NaN
NaN
NaN
NaN
NaN
NaN
NaN
NaN
NaN
NaN
-33.346
-16.408
-11.962
NaN
NaN
NaN
NaN
NaN
-24.465
-76.371
-56.267
-11.038
-42.883
-37.387
-20.181
-41.331
-22.217
-54.024
-25.29
-7.9344
-18.903
-35.814
-37.376
NaN
NaN
NaN
NaN
NaN
NaN
NaN
NaN
NaN
NaN
NaN
NaN
NaN
NaN
NaN
NaN
