-54.019
23.781
-14.779
0.65354
4.7606
14.701
16.148
82.969
55.347
21.112
1.388
19.425
-1.3404
-8.2834
-3.745
30.133
28.323
10.882
-22.632
-27.832
-20.398
-18.751
-47.91
-10.909
26.625
20.182
NaN
NaN
NaN
NaN
NaN
NaN
NaN
NaN
NaN
NaN
NaN
NaN
NaN
-7.7624
-38.618
-41.722
-33.115
15.327
43.947
44.468
20.419
-11.294
4.4878
1.1099
7.0917
1.2175
8.9371
42.113
9.5151
-0.0035259
-11.98
-31.039
-22.586
-26.576
-14.106
-22.407
NaN
NaN
NaN
NaN
NaN
NaN
NaN
NaN
NaN
NaN
NaN
NaN
27.999
-24.252
-42.192
-35.687
-19.764
-26.492
-17.102
-18.18
1.8888
14.889
20.047
-29.695
-17.158
18.319
30.453
-14.652
-29.217
-2.5391
-33.75
14.324
38.796
15.469
1.713
17.477
50.209
29.713
NaN
NaN
NaN
NaN
NaN
NaN
NaN
NaN
NaN
NaN
NaN
NaN
NaN
NaN
NaN
NaN
NaN
NaN
52.293
5.0592
38.346
33.565
-5.2996
-7.6667
-19.24
-18.165
-44.671
-10.781
-13.891
-6.4557
-24.921
-20.457
-4.8137
15.727
-7.8603
-0.67443
27.423
18.863
-17.254
-13.835
27.016
23.191
16.885
17.452
15.947
NaN
NaN
NaN
NaN
NaN
NaN
NaN
NaN
NaN
NaN
NaN
NaN
NaN
NaN
NaN
NaN
NaN
20.113
-27.449
-11.124
-15.377
-36.469
-33.22
-64.255
-27.958
13.729
30.097
40.488
5.7644
54.534
80.896
95.193
58.272
13.979
-76.024
-4.583
-14.563
-59.658
-87.292
-27.19
43.443
12.367
-6.8447
-18.199
NaN
NaN
NaN
NaN
NaN
NaN
NaN
NaN
NaN
NaN
NaN
NaN
NaN
NaN
20.491
-21.851
-41.681
14.806
NaN
NaN
NaN
NaN
NaN
NaN
NaN
NaN
NaN
NaN
NaN
61.683
76.254
54.408
-15.856
-4.7085
-42.473
-61.372
-36.749
NaN
NaN
NaN
NaN
NaN
NaN
NaN
NaN
NaN
NaN
NaN
NaN
NaN
NaN
NaN
NaN
