-36.156
-6.6433
12.013
-10.558
-31.861
-81.98
-24.599
-27.462
-66.872
-63.284
-49.127
-17.92
-8.0657
-10.728
-19.206
-16.717
-15.178
-7.3694
29.514
34.466
34.116
53.967
72.137
37.191
-3.1311
-12.303
NaN
NaN
NaN
NaN
NaN
NaN
NaN
NaN
NaN
NaN
NaN
NaN
NaN
-32.902
-1.3179
-37.621
-56.701
-50.362
-33.042
-51.53
-46.864
-30.646
-28.227
-5.0022
-38.044
-42.799
6.1821
15.842
-15.374
-9.7127
-4.2395
73.144
35.49
-8.0673
-54.629
-55.153
NaN
NaN
NaN
NaN
NaN
NaN
NaN
NaN
NaN
NaN
NaN
NaN
-49.227
-26.019
-29.82
-14.71
14.788
-39.148
-49.35
-40.021
-10.6
-17.856
-28.625
-11.761
-38.075
-66.636
-62.318
-43.016
-89.232
-58.003
-7.7721
-16.597
-16.076
43.899
99.307
25.534
-19.534
-42.372
NaN
NaN
NaN
NaN
NaN
NaN
NaN
NaN
NaN
NaN
NaN
NaN
NaN
NaN
NaN
NaN
NaN
NaN
-66.249
-50.877
1.6026
10.649
60.149
59.917
-2.7249
-23.339
8.1773
-42.988
-39.389
-63.096
-90.991
-55.999
-17.135
-32.74
33.838
36.484
-18.595
-38.966
-28.665
-26.887
6.327
-5.8068
-17.96
29.018
19.272
NaN
NaN
NaN
NaN
NaN
NaN
NaN
NaN
NaN
NaN
NaN
NaN
NaN
NaN
NaN
NaN
NaN
-64.508
-4.7474
-0.7335
3.8471
-21.445
-30.553
-39.52
-34.944
-58.155
-27.975
-34.037
-31.028
-7.9665
-28.283
-7.0961
9.3545
-0.97174
-60.3
-47.821
-10.896
-16.957
-26.163
-14.01
16.145
46.539
69.306
55.508
NaN
NaN
NaN
NaN
NaN
NaN
NaN
NaN
NaN
NaN
NaN
NaN
NaN
NaN
-40.461
-36.928
-17.28
-15.572
NaN
NaN
NaN
NaN
NaN
NaN
NaN
NaN
NaN
NaN
NaN
49.607
0.011195
33.739
63.698
44.281
35.522
34.198
13.025
NaN
NaN
NaN
NaN
NaN
NaN
NaN
NaN
NaN
NaN
NaN
NaN
NaN
NaN
NaN
NaN
