-27.005
14.385
-10.409
11.305
5.9219
-5.1049
-25.818
-23.108
3.8438
24.12
25.016
25.018
35.444
26.816
33.323
9.9887
-39.644
-22.274
8.2016
3.1729
-55.482
-41.502
-10.327
-19.583
-20.095
13.416
29.582
38.897
27.59
NaN
NaN
NaN
NaN
NaN
NaN
NaN
NaN
NaN
NaN
NaN
NaN
NaN
NaN
NaN
NaN
NaN
NaN
3.0969
-7.0366
-34.869
-6.361
-5.9404
-6.2208
-3.5421
8.3205
18.561
-13.297
-29.384
-22.281
-16.543
-32.711
-8.618
-0.43505
45.915
55.692
52.958
29.082
10.617
41.016
35.278
NaN
NaN
NaN
NaN
NaN
NaN
NaN
NaN
NaN
NaN
NaN
NaN
NaN
NaN
NaN
NaN
NaN
NaN
0.26097
-17.953
7.3804
-5.0628
-8.6528
8.5604
33.75
22.499
2.7135
15.979
25.86
7.0804
-5.9656
-15.154
-26.465
-21.302
-19.499
13.485
24.834
14.851
35.143
13.901
-19.455
-28.227
-22.537
12.83
NaN
NaN
NaN
NaN
NaN
NaN
NaN
NaN
NaN
NaN
NaN
NaN
NaN
NaN
NaN
NaN
-12.098
-9.5195
4.4803
31.546
25.647
24.719
40.7
6.9934
18.089
19.114
11.716
6.4895
2.0296
-27.094
-7.0326
-3.3251
-21.975
-15.825
-10.749
-41.553
-54.714
-10.527
15.902
1.7612
-25.002
NaN
NaN
NaN
NaN
NaN
NaN
NaN
NaN
NaN
NaN
NaN
NaN
NaN
NaN
NaN
NaN
NaN
NaN
NaN
-16.767
-26.437
-23.002
-2.3365
-1.8461
-17.092
-39.156
-1.9331
42.327
25.813
-8.1378
-3.3419
22.016
15.016
-3.8963
35.224
13.065
-14.619
-28.037
-10.956
-2.7585
38.617
35.594
31.361
33.835
10.32
NaN
NaN
NaN
NaN
NaN
NaN
NaN
NaN
NaN
NaN
NaN
NaN
NaN
NaN
NaN
NaN
NaN
NaN
26.994
24.22
-12.873
-12.039
-10.882
-7.3402
11.334
-1.852
12.344
17.824
6.444
-25.741
1.3437
15.766
46.678
40.967
19.82
-31.237
-26.867
25.337
5.5287
-29.331
-40.246
-30.144
-21.081
NaN
NaN
NaN
NaN
NaN
NaN
NaN
NaN
NaN
NaN
NaN
NaN
NaN
NaN
NaN
NaN
NaN
NaN
NaN
NaN
NaN
NaN
NaN
NaN
NaN
