-53.101
43.738
-19.557
-5.0466
-36.616
-10.872
6.1746
-19.492
-62.138
-36.264
-1.4902
27.066
47.216
65.375
42.869
9.3169
-3.154
-3.2542
7.4309
-13.682
-1.6875
-10.671
27.803
3.7552
33.675
-9.2119
-26.469
-2.3355
39.447
-58.221
-5.5434
-0.49368
55.791
0.26187
12.373
44.17
-54.812
-27.88
31.547
-8.1057
-69.513
-63.392
-41.679
23.105
12.994
10.31
-5.1831
-53.998
-5.337
0.69138
37.093
2.9535
30.312
49.822
10.36
-27.411
13.401
0.30154
0.19179
-16.153
-41.088
-35.978
7.9148
23.567
47.6
0.23558
18.573
7.9298
-3.0959
19.6
-23.914
19.548
42.384
49.305
62.456
44.372
17.214
-33.662
-20.636
-22.77
-0.62308
-4.3712
-14.846
-55.916
-46.798
-60.363
-60.115
-38.25
-17.3
-15.217
-9.5432
1.4958
1.8919
-4.7021
-2.4091
-36.542
29.16
68.911
47.147
-9.6511
15.536
1.1185
45.575
26.933
-25.531
14.614
10.309
-33.577
-27.139
13.942
45.845
6.2583
5.6678
51.809
11.819
-6.1479
5.7974
20.981
24.592
24.938
42.302
-2.1803
11.009
50.249
-43.99
-52.233
-40.115
-50.607
-45.135
-61.663
-52.321
-52.933
-34.15
-17.018
-20.383
-28.587
-44.36
-6.4549
72.648
57.993
26.466
10.603
12.599
30.48
43.576
16.155
6.9541
-11.961
-71.002
-30.463
31.839
29.689
29.845
70.404
88.027
54.918
33.09
-1.7425
28.412
-16.463
37.088
27.121
-37.581
-114.07
-20.077
7.064
-64.434
-23.632
-1.6867
-36.112
-48.69
-70.074
0.90993
-0.49173
17.236
9.6107
-40.695
-40.94
-15.67
-62.434
24.638
58.42
64.945
49.538
11.385
43.188
35.725
-19.253
-21.979
-26.664
-9.37
-6.3716
14.088
35.077
7.9375
6.1213
-12.429
39.173
16.582
-0.76303
34.458
25.115
-4.6168
25.266
20.912
8.1068
-20.481
-19.802
-36.597
-48.164
-12.547
-9.2227
-27.233
11.445
-36.333
-7.0689
25.96
-18.819
-21.026
14.323
1.2103
-38.622
-67.253
13.922
46.748
18.92
35.638
-33.686
4.6683
0.1062
-5.9342
-23.679
-26.904
-29.879
28.656
22.058
15.659
8.8223
39.309
58.645
61.764
49.226
34.668
29.018
-29.639
-24.161
-43.266
-27.22
-27.397
1.4767
-6.4253
-24.62
-35.635
18.329
25.093
-48.346
-12.494
18.448
-11.015
-29.194
-12.001
-2.0565
1.7032
24.896
6.8746
37.735
13.057
-26.139
25.271
-18.479
0.66936
40.218
