1.52
-7.4736
-0.0081237
-13.567
27.649
21.279
9.0818
16.247
16.033
14.708
9.7408
1.9829
26.157
5.1343
-10.518
-21.512
22.466
22.724
-0.43297
-1.1099
-3.1348
-27.47
-8.6898
-18.708
15.983
-30.26
-42.504
-22.71
1.1287
18.651
-3.2986
-13.776
-29.589
-9.0484
-0.86435
-4.5442
-15.145
16.498
8.5727
28.37
19.308
24.49
-1.3354
34.13
28.428
30.892
35.535
18.266
-0.49168
0.081804
-50.603
-8.4762
-41.438
9.449
20.913
9.1311
9.0246
17.451
-17.776
-12.049
-33.11
-12.744
-39.816
-37.04
-19.011
7.0867
-23.609
-12.481
-0.73292
9.462
2.8547
28.617
13.394
14.18
1.7577
28.941
30.176
-3.4495
-32.434
-2.145
3.813
-14.161
25.163
30.3
-4.5524
9.5966
-7.7304
0.96633
-1.3163
-5.8721
4.7084
-6.5724
-11.085
3.56
-1.1718
17.35
5.8783
31.562
74.662
37.293
-19.895
-42.901
-35.193
-40.384
-6.8596
-40.516
-17.502
-56.79
-43.406
-8.2434
38.552
22.351
-5.935
-12.998
-11.94
21.345
44.723
28.303
28.988
-4.181
-1.4126
-35.599
-20.013
-18.286
2.6013
20.825
27.864
16.017
16.016
7.2386
3.9175
39.622
-4.0595
0.34389
7.5246
12.518
18.974
11.326
-1.4118
-23.537
-39.005
-21.947
-9.3268
14.366
-37.312
-27.851
-44.61
-1.2141
7.3653
-6.9651
25.735
20.499
3.3573
-15.762
6.4966
-19.096
-7.9484
16.487
18.544
19.326
-1.7328
7.1969
39.831
-24.382
24.994
-28.493
-43.934
-10.502
-5.3647
15.413
4.7389
28.755
5.5713
-9.7251
6.9834
-8.8418
12.594
24.355
23.442
19.161
-25.101
8.0038
-37.585
-24.201
-25
-8.8362
20.587
13.042
49.473
27.762
41.86
3.6998
-21.933
-15.065
-13.959
-19.385
-13.214
-15.53
-37.738
-45.654
-10.914
-21.129
1.9672
-5.6771
-25.866
-3.1141
5.1525
4.4552
2.9463
-0.92247
33.429
27.494
36.078
8.9611
52.148
31.261
0.30146
1.5811
-0.63307
-15.155
28.324
24.344
14.384
19.65
-19.732
-7.5003
34.897
-21.688
-49.41
-55.213
-68.951
-35.191
-7.9053
-8.5241
3.7486
23.708
32.773
-9.9079
-11.495
0.27789
-0.78988
5.7325
5.0234
-10.54
-12.846
-11.655
-8.3603
7.0932
10.485
45.949
61.917
39.707
32.656
15.125
-25.972
-21.4
-6.9589
-46.478
5.5811
15.561
-13.05
9.079
20.159
8.6379
-30.741
-26.705
-9.9441
-42.107
-31.105
-5.9005
16.853
-1.1531
