-12.758
16.045
-15.28
-30.016
7.0124
2.0121
-0.51636
-7.1911
37.829
-17.187
-27.927
-14.394
-32.529
-19.452
0.52776
18.05
60.567
75.622
47.215
-6.2778
-26.471
-35.91
27.112
35.928
26.282
-8.412
2.596
-37.145
-34.854
7.8842
24.32
21.434
15.172
-3.0524
-2.9928
42.185
6.3935
-13.549
-33.024
7.1119
12.751
-67.068
-58.181
-15.494
-3.1717
-25.997
-46.31
-25.969
-22.399
-0.65928
0.61073
15.309
-19.923
13.458
22.527
2.0771
35.706
59.891
55.248
53.922
8.1296
-16.308
3.3529
-2.0532
23.31
-26.122
-15.274
-17.712
-2.199
49.538
51.634
78.856
-1.1982
-49.688
-41.953
-52.205
-37.832
-38.926
-29.824
13.871
-4.3394
-14.059
-10.622
-18.145
4.9325
11.46
40.842
23.132
-35.075
10.852
0.38394
-6.7409
-25.089
7.3367
5.2769
-23.913
10.237
0.49681
46.165
35.5
9.2393
-15.852
-7.5544
1.1573
-9.6153
-35.121
4.3792
30.055
-5.515
-24.346
4.9386
-14.047
-9.6365
3.6884
36.571
27.328
-15.329
-20.385
36.08
35.594
-18.016
60.756
61.288
-1.8602
-9.0701
-27.945
-62.881
-27.034
-27.88
-4.2472
-19.691
4.3136
-29.348
-18.083
-11.709
-33.319
12.265
15.51
-4.3865
7.8746
-18.072
38.125
5.5428
8.286
NaN
NaN
NaN
NaN
27.528
-18.315
16.294
20.504
18.978
65.35
4.4878
-1.3915
6.2128
-34.304
-39.076
-74.732
-25.551
-15.883
-9.4499
-31.398
-50.664
-11.776
-16.509
-14.839
54.148
58.791
40.199
33.585
54.205
60.954
42.623
69.505
-9.1029
-41.049
-42.588
-28.884
-31.252
4.8136
10.399
-6.0464
-50.588
-46.567
-23.986
-41.093
-21.514
1.8697
-2.8169
15.403
2.3413
-34.787
-11.678
-12.341
2.7509
40.941
32.053
1.5356
3.6514
53.408
45.044
31.592
8.3405
0.99276
-24.133
-52.277
13.354
26.758
22.386
11.515
18.378
-12.545
-31.331
19.786
8.7745
-34.588
-4.3647
2.5868
-32
-21.386
-6.1499
0.73069
14.572
4.5015
-19.925
3.9405
31.505
-3.1452
-33.446
-53.975
5.262
3.9897
-8.3268
3.6952
10.139
28.963
40.552
-20.603
3.4713
5.2676
32.534
36.11
-1.3908
-18.701
-22.05
-7.347
-29.647
-7.9909
-2.9351
-5.4245
-4.7797
-4.4035
25.442
17.507
13.639
-9.6912
-0.063705
-14.607
-14.176
-3.7644
-1.7917
-23.065
42.359
22.559
-23.945
-10.395
-9.1475
4.3246
29.121
4.4622
25.888
21.595
15.164
9.6907
14.766
-26.953
-9.8989
-18.545
-7.8609
-6.6107
-12.406
-6.3458
12.061
-12.138
-34.576
7.4418
