-7.5475
-3.1695
28.938
28.329
-12.285
-6.5372
12.175
20.622
-3.0777
-17.748
0.91678
30.327
8.3572
8.8122
8.8096
23.057
21.459
-3.6822
7.7106
13.119
-19.434
-14.288
-31.066
-10.253
-3.9765
6.7572
-14.765
-33.367
-27.491
13.071
19.37
10.524
-20.131
-19.98
-6.5258
-7.1995
9.7612
20.899
24.023
-2.6399
-0.71636
-8.5382
-8.8799
-0.29566
8.8635
7.7993
1.2733
4.0146
6.4998
5.2097
4.5391
13.849
18.563
-6.8223
-20.808
-25.576
-1.372
31.957
22.05
0.55309
13.944
16.644
15.471
-0.33181
-23.086
3.5218
-15.771
-8.8923
-0.22999
-2.4779
-33.784
-52.7
-39.752
-21.194
21.704
9.7437
-11.724
3.3432
-41.119
4.072
18.272
46.09
20.455
-11.866
46.954
48.911
40.866
1.3715
-6.7267
3.1151
-9.1672
3.6995
-17.406
-24.118
-32.418
3.2702
10.007
13.538
-2.3576
-0.85641
-47.61
3.6812
-9.545
8.1177
24.27
11.902
27.385
-28.777
2.5716
-3.9549
-45.66
-41.968
-13.961
15.382
-10.131
-15.765
22.64
24.211
30.341
49.674
21.806
-4.9786
-17.488
-21.725
-10.083
-3.8257
29.514
42.178
-16.033
-23.057
-2.612
-5.2826
-3.1075
1.5699
-33.65
5.444
-5.7896
7.954
-3.7056
-18.012
-21.337
-14.017
17.285
63.407
31.589
3.5923
-1.1188
-8.1096
-30.096
-44.244
-0.39988
22.474
-3.8027
-9.6525
10.262
-16.007
3.1079
13.531
5.5073
25.283
30.091
-0.24069
-23.966
0.50209
13.649
-22.795
-8.9615
1.2992
6.0558
-25.392
-19.487
4.8841
24.019
21.295
-1.4448
-16.761
-23.391
-32.083
-11.692
-12.491
-29.2
27.523
60.823
46.773
14.659
11.532
13.148
-11.214
-17.64
-21.677
-11.084
18.828
-5.2937
-6.4041
19.975
0.4788
-6.581
-10.195
7.399
-28.414
-4.0371
-0.45703
29.224
9.088
-34.301
-6.2691
6.1767
-7.5747
-13.011
-7.303
12.605
-12.84
-34.212
-6.8275
28.281
48.954
12.913
-13.302
15.657
-16.681
-12.086
-11.036
-8.6759
32.638
28.634
11.357
-31.141
20.267
-17.537
-4.3879
23.696
-2.6276
-15.227
7.3351
6.2227
22.169
13.387
-32.318
-26.442
-47.247
-3.2074
16.087
-27.151
26.833
33.98
-5.1957
21.758
-12.753
-40.757
-5.951
1.6526
28.894
18.906
-1.2851
1.8388
8.9516
2.7671
-19.861
-16.674
3.6755
16.611
-9.0946
5.1716
-32.266
-1.803
-12.756
24.207
38.655
33.605
-1.5321
-19.084
-28.161
-13.981
2.1299
10.502
-11.121
-20.629
-26.181
3.4397
21.082
43.064
47.402
9.8003
-31.355
-10.64
-17.746
-26.142
0.021204
-12.979
7.9485
24.379
57.623
18.231
-31.299
-32.624
20.125
-12.747
-25.285
-7.1772
15
-8.4914
-21.461
-12.502
-22.518
-3.745
