-19.582
16.383
-14.641
12.077
-6.7321
-11.176
31.479
-1.708
-31.045
-5.3051
-16.608
40.938
-41.673
-72.564
-12.161
-7.9549
30.013
-48.013
31.921
25.911
55.738
13.627
38.22
-19.134
-30.24
52.555
-16.881
27.483
16.566
-38.761
0.10432
49.541
10.405
-15.906
-25.954
-53.58
11.671
-42.826
-5.7819
-48.689
17.616
-34.35
1.1282
7.0814
-24.455
2.9453
63.671
29.433
12.618
10.287
45.322
19.162
11.703
17.956
-8.4036
-18.256
-51.5
-22.616
-22.833
-44.722
-0.21732
19.915
21.448
18.396
16.906
-3.714
15.505
54.826
10.695
-36.004
3.2815
24.739
-43.364
11.852
-20.339
0.976
-22.413
-5.3258
-72.414
3.0093
0.55538
22.97
37.489
2.1155
-37.862
20.166
12.222
-41.389
-29.757
3.4031
32.514
37.567
27.36
32.976
42.776
-44.387
-77.139
21.077
-22.591
5.7985
17.399
-11.624
-2.3109
10.274
9.8277
7.2747
14.662
28.645
22.745
12.812
58.635
22.789
21.341
-7.9834
-79.505
-34.26
-66.478
-60.312
-0.14696
-21.612
8.3391
-2.7742
1.6325
-8.3867
-17.304
1.7177
-53.157
-45.242
-37.544
30.739
88.652
-2.6026
54.74
105.7
83.793
66.119
33.036
-16.385
-11.902
-82.069
3.5381
-7.19
-13.01
-100.27
-37.377
-1.9778
-24.008
12.776
18.114
6.4624
-6.135
61.689
49.939
17.96
-44.374
-29.466
-12.178
18.552
-47.265
-18.955
-5.3999
36.741
36.368
-32.12
-35.97
-69.998
-26.029
-16.598
-5.5745
6.7941
5.0585
43.936
113.21
79.96
26.201
-32.454
43.15
-9.1674
-35.568
13.092
-4.6081
-1.6946
-47.051
-27.33
-36.864
-33.755
-2.6955
6.5522
11.114
9.0416
-11.876
10.667
45.117
23.352
22.134
28.905
-18.001
-45.393
8.7596
18.892
11.582
-25.165
-20.01
-22.2
-0.64622
-39.229
-12.172
-9.3239
0.82572
5.0045
-24.822
-16.408
14.136
0.29927
2.5363
14.69
-19.233
13.978
15.553
95.478
61.426
0.39482
37.736
-53.623
-54.658
-13.111
22.103
47.855
12.023
56.31
-50.092
-24.183
-17.668
-24.753
-53.476
-31.023
1.2596
41.082
-47.478
21.064
-17.042
31.457
2.869
0.77373
-52.967
17.904
-15.914
1.5273
21.77
4.0701
42.685
13.285
-19.616
-31.295
-8.1111
-12.754
-15.778
89.162
-17.353
15.237
38.432
27.508
-30.212
-30.633
-11.638
32.991
68.086
-23.953
-70.906
-74.362
-52.495
42.955
37.491
32.921
23.139
-9.6759
60.34
18.637
21.271
-65.014
-16.885
-6.6381
-20.631
-8.4413
-9.1914
-47.623
-40.133
7.1052
-18.235
8.4115
25.795
6.5315
17.651
9.9213
33.642
22.245
17.121
15.272
-40.927
-1.9042
19.938
65.898
-42.858
-56.667
49.626
