11.882
8.6073
41.265
63.518
24.299
19.972
1.1432
-1.67
-3.7396
10.661
9.3196
27.259
-24.687
-32.556
-31.387
-32.469
-21.643
-32.652
-9.6494
-22.024
-41.689
-13.306
11.02
1.4123
-7.0169
24.945
31.114
16.23
17.596
20.041
29.311
18.956
5.8579
28.71
27.747
44.044
13.719
-5.7231
-20.65
-17.446
-13.78
-16.045
-16.693
-7.4252
-24.727
-20.192
-3.6038
-0.6828
-11.967
-21.669
-27.327
-1.3882
-51.723
-7.1751
-21.378
-51.975
-38.506
-19.421
24.135
22.33
43.557
59.56
35.118
20.342
33.885
41.577
45.424
12.588
33.542
42.387
25.115
10.247
-16.02
-10.646
-0.022574
1.6258
-26.375
-51.95
-32.155
-31.047
-25.643
-25.395
-8.3084
-14.633
9.3202
23.626
15.867
-5.314
-35.961
-6.533
-21.986
-54.095
-28.678
-15.386
2.4323
-2.4745
29.017
20.347
19.512
25.601
38.372
24.549
-38.558
-6.7332
5.4402
-28.568
-0.55947
18.587
20.573
10.881
48.682
67.433
32.73
3.5631
7.2562
-4.7792
-34.972
-22.893
-9.2321
-17.083
-1.8127
-23.14
-29.47
-19.921
8.4083
2.163
37.346
22.828
12.025
20.218
20.037
23.736
-16.271
-34.631
-46.434
-21.629
-32.314
2.5274
-24.713
-44.347
-19.597
-3.0597
-16.992
-26.517
NaN
NaN
NaN
NaN
16.2
29.412
56.158
58.71
11.967
49.594
51.896
35.575
-3.0215
8.619
1.3847
15.97
31.388
13.951
-3.8893
-18.063
-19.178
-1.4764
-6.6186
1.6179
-16.653
-6.1247
-36.588
-4.3635
-7.3538
-19.478
-2.1427
8.7897
-34.65
-46.586
-26.335
-12.332
19.59
32.952
11.215
4.3324
-16.313
-31.383
-38.148
-34.573
-3.7493
-4.4342
28.474
18.475
34.114
6.8739
-15.127
28.648
5.2628
3.0778
33.634
-9.2614
-25.971
-54.57
-36.074
25.486
37.047
70.897
101.11
99.518
50.499
41.044
-10.395
-4.9953
-11.558
-16.148
-12.854
-19.408
-49.14
-69.11
-80.882
-66.704
-71.03
-52.612
-22.526
-15.864
-8.8576
26.99
24.277
29.58
29.574
18.709
-5.1547
10.765
-1.2568
-0.16613
21.572
13.945
-5.5817
4.1577
29.399
-0.024407
1.9633
39.999
38.154
66.814
31.27
12.005
-15.801
-51.422
-27.806
-3.2779
-9.0999
-38.907
-0.2006
14.855
-18.085
-30.615
-35.356
15.951
8.1672
-9.4857
-23.357
5.9816
0.6576
21.211
35.818
-1.9003
-0.23398
24.914
-6.162
20.614
16.605
-11.833
-14.787
-17.085
-15.831
-21.422
-9.3315
-0.62537
20.738
0.23199
-8.561
-11.083
-30.457
-18.199
-38.69
-0.11866
-0.012244
35.629
