10.983
9.4124
-3.1547
-2.9214
-22.601
14.171
4.6538
-13.437
-24.206
-3.1757
17.376
35.883
15.997
-32.847
-32.477
-14.6
-30.44
-43.237
-14.348
-3.7178
-1.043
22.112
20.529
19.344
9.0571
26.772
28.52
9.3743
32.531
39.828
37.909
25.156
-20.957
-26.384
-25.261
-29.047
-25.422
-17.474
-21.538
-0.77034
0.45405
-55.187
-23.975
14.462
18.078
12.887
8.966
37.469
6.7205
4.4578
24.851
31.923
10.436
-2.9379
21.789
-7.3961
-49.139
-9.9006
0.56122
-20.681
-17.059
-19.441
5.4418
1.6111
-1.6317
15.432
-21.798
-27.259
-25.922
-1.973
-5.7076
18.798
-11.319
21.147
44.971
53.652
36.524
2.8516
-8.9133
-20.071
-24.81
-3.6486
20.235
-16.246
-2.2895
-2.9551
7.6045
-34.595
-31.901
-37.898
-4.5749
38.139
35.456
42.774
43.28
7.869
-8.5388
-20.69
15.562
6.5045
2.497
-19.139
-51.157
-34.527
14.543
12.762
-8.034
-25.497
-31.2
-3.3184
33.038
32.498
-15.217
-22.041
-16.288
-5.1649
-18.366
24.457
48.896
7.9256
5.726
-10.73
-12.226
-3.3963
1.1909
-0.77617
11.505
19.582
21.584
38.638
7.8411
-4.6186
-24.332
-8.5246
-13.001
-29.47
-2.5198
2.0501
-0.63397
22.009
18.588
-15.431
-18.072
-25.028
NaN
NaN
NaN
NaN
37.518
0.76719
10.718
44.941
33.948
9.178
-0.42533
-27.939
-30.75
-32.5
2.8104
-13.733
-14.917
-13.205
-9.5956
14.758
11.746
18.854
-6.1102
-22.025
-1.7619
17.716
-3.4613
16.068
-4.8256
17.211
38.302
27.688
-21.129
-32.911
-31.778
-8.1511
7.6267
-0.64519
8.6637
20.736
5.6715
-9.0449
-11.135
-6.8938
-1.7583
9.5819
16.511
10.356
-6.9637
8.7092
24.145
44.185
12.108
-10.688
-46.181
-43.268
-43.781
-43.574
-3.816
-2.7238
-7.9723
7.4786
16.136
34.87
12.812
24.975
20.039
37.035
31.283
0.71828
10.419
-23.973
-44.761
-23.63
-6.292
-15.27
-2.9004
-1.8423
-40.964
-16.455
-4.1955
6.1234
14.345
17.649
6.988
-3.7421
-4.3453
-3.2763
8.0597
26.517
15.598
30.618
14.069
25.249
15.996
-15.837
-7.8597
-7.9587
-18.983
-6.6724
2.395
11.53
-17.059
-17.184
-11.082
13.097
22.502
25.094
38.321
-24.429
-31.423
-51.351
-30.979
-21.149
-30.259
-28.573
3.5307
17.481
6.2232
-10.249
7.6622
3.0382
0.25735
16.237
20.964
54.475
47.992
8.1791
-3.3193
-6.9773
-9.8088
25.472
5.7063
15.212
-9.8286
-31.424
-19.542
-27.02
-23.107
17.512
31.224
24.454
-0.99063
-33.417
