-0.65677
-17.127
15.485
18.543
1.43
-11.246
-20.237
-39.084
-21.318
8.6693
-4.3942
-15.076
-11.681
-11.564
-2.2952
2.7936
19.487
16.274
10.5
-0.38809
-9.0249
-5.1379
12.313
13.077
54.536
30.143
-0.11688
3.8234
5.2276
24.111
-11.389
4.1784
-5.4856
-30.613
-41.599
-14.677
-7.4267
14.002
33.048
-17.309
-41.469
-20.201
-2.5841
-22.472
6.7574
13.485
25.019
10.743
34.771
19.884
-18.26
-23.943
-41.619
-21.785
26.178
27.449
27.223
13.675
26.784
10.395
-18.231
-35.639
-23.39
-9.269
7.3636
-36.713
-19.338
4.8923
4.7597
-1.3125
18.597
-5.7002
-8.1957
15.064
24.206
26.229
22.621
7.7796
-12.495
18.895
7.4676
8.8724
18.455
12.007
5.036
-9.0032
-47.079
-34.334
-19.861
1.6151
-27.574
-25.389
-6.0674
15.51
8.2749
-1.7792
13.227
24.154
54.089
59.487
-16.863
-42.468
-11.62
-43.879
-35.163
-23.943
-37.143
-8.5971
-2.3313
18.096
17.072
17.694
13.826
-26.557
11.56
39.596
29.577
39.694
7.9577
6.1076
16.464
6.9562
34.896
2.4674
-1.1558
-29.118
-27.239
-13.199
12.431
16.205
-16.797
-24.645
-19.968
-26.61
0.52965
-20.239
-1.4332
-14.911
1.9065
-19.839
-0.84991
2.8974
-5.7794
35.649
0.62571
-46.085
-18.813
-9.0099
-21.442
-9.5986
17.276
23.284
51.164
43.885
41.755
19.63
31.902
-1.2617
37.961
35.659
11.946
25.596
-37.537
-43.194
-32.578
-28.82
-63.781
-32.706
-5.2543
2.2309
10.425
18.213
-12.483
1.8304
-52.415
-11.466
-25.338
-17.073
11.135
0.55095
-20.962
13.014
23.123
44.611
49.713
37.248
43.749
25.594
29.851
5.6248
10.25
-17.536
-26.907
-36.591
-6.9128
-20.326
-24.182
-43.954
1.0128
15.219
-8.7688
-7.559
-2.256
29.817
3.7154
0.75266
-25.075
-4.073
-32.713
-26.285
-10.157
-18.675
12.82
48.707
19.207
21.67
13.04
23.88
5.8074
14.376
10.571
-1.6414
3.5439
-6.1407
11.443
36.781
33.232
-3.9183
-52.257
-55.352
-36.943
-54.486
-20.237
13.383
57.495
54.114
60.368
-20.297
-21.421
-40.656
-46.142
-5.6212
-24.126
-13.49
-0.30819
-30.37
-22.394
-2.3418
3.996
29.23
52.938
60.124
45.393
15.433
5.0851
0.087761
-15.843
-41.423
-0.060829
33.778
-1.0657
6.839
-3.0622
-19.667
1.7027
-3.5823
-25.011
-9.1477
-16.096
-32.943
30.107
46.021
