6.9878
-8.2395
31.32
31.259
28.655
26.771
11.573
13.181
39.69
37.555
22.082
-12.144
22.891
-51.891
-33.803
-39.191
2.5285
-24.063
-40.339
-49.905
-35.787
16.7
-3.4391
11.881
-3.1766
16.057
-12.554
-11.778
-32.887
-19.495
-5.2681
38.338
54.61
49.669
13.935
-21.752
-10.641
27.292
32.847
6.3808
8.429
-14.297
-21.148
-11.842
0.11447
11.61
24.949
-1.4
-40.223
-16.251
-9.6821
-39.787
0.69556
77.391
48.839
-3.179
-11.978
-7.5348
-7.6545
-13.365
-22.758
-22.468
13.818
2.3056
38.569
9.1654
-22.841
-48.106
-43.522
-56.265
-25.401
19.69
34.149
39.964
-0.31399
-23.499
-4.6648
-0.39253
-12.889
-6.6905
47.853
83.298
48.032
12.743
25.435
28.775
13.073
21.07
-10.085
-12.408
-63.174
-47.89
-32.687
-36
-33.569
-35.83
20.75
-20.402
8.6677
68.561
63.493
44.266
-4.5417
-60.606
-56.379
-45.242
-12.096
3.2334
20.834
15.485
-0.74497
-38.671
-17.056
-16.06
15.005
-8.5368
20.62
35.599
50.52
51.743
46.869
13.714
6.3568
10.549
-4.2114
36.977
46.061
-8.4796
-46.315
-85.461
-50.959
-27.549
-2.8318
-11.946
-7.5805
-5.9828
7.7807
-20.155
-30.224
-14.696
-7.0198
8.9296
12.341
7.7737
-7.8998
-30.081
-0.80255
30.779
49.326
54.462
18.359
-8.7436
10.008
21.268
21.275
23.033
30.241
-9.5656
-4.2459
-38.581
-22.975
-25.287
14.841
12.31
-9.163
0.51844
19.698
-5.9274
-42.075
-57.437
-63.267
-39.743
-33.115
1.9498
0.67167
42.097
40.945
32.141
27.852
9.2761
-0.447
-2.8359
34.197
46.782
19.672
36.419
14.832
-39.257
-16.623
-8.7098
-30.609
21.461
-18.37
-59.008
-73.788
-4.8259
19.699
41.649
72.449
47.644
14.965
-5.8588
-7.5601
-3.6676
-33.251
-57.408
-37.098
-16.164
-16.255
-22.686
26.807
17.406
-18.613
-12.767
-6.39
-13.129
25.572
46.87
25.797
-4.1462
31.627
13.014
31.234
20.363
19.128
19.247
19.601
-48.097
-38.599
-26.97
-37.831
-16.274
19.444
25.434
12.256
-6.0635
-28.744
1.8765
5.4507
5.5157
15.398
1.6022
7.0477
20.883
-7.1079
-29.287
-44.844
-50.566
-36.953
-22.023
7.7591
-1.4065
18.397
0.96105
45.224
