-36.94
16.257
32.479
25.547
17.681
-12.284
11.783
39.156
-0.51495
-4.6396
-35.375
17.41
-22.865
-7.9671
36.067
12.27
-47.223
-23.825
-10.129
63.483
-34.134
-6.3878
-1.9912
25.158
42.037
25.145
57.77
-34.161
-7.0867
23.665
-27.913
-0.094877
-29.65
-79.244
-23.397
-30.527
-9.877
-23.188
-16.573
-17.234
9.8688
7.6991
1.7292
28.011
42.407
30.727
8.8712
-36.972
-0.51648
-9.0073
50.382
38.907
18.697
-29.821
-12.089
-23.263
-10.306
59.675
79.868
61.245
4.7899
-11.029
-29.305
-11.301
-46.278
-29.789
-14.171
-7.2537
33.991
6.6804
-51.13
-29.744
-43.519
-45.017
-49.634
-10.997
-0.66855
0.88308
-24.692
-2.5793
26.692
88.872
9.0104
-21.352
23.668
67.195
103.65
6.4769
25.382
13.613
-22.957
-9.1973
9.117
-65.667
-31.065
-55.786
2.8394
-14.466
-35.393
-51.657
-3.19
4.594
40.914
62.213
55.787
48.894
26.963
4.3245
-38.715
-34.645
-19.452
-50.503
-0.28791
-10.587
2.7607
-6.8173
-37.175
32.987
58.511
40.831
5.4754
-29
-59.135
-1.6071
-13.449
-17.671
30.347
-14.539
0.29084
-23.851
-0.51356
-4.2629
3.568
-20.812
26.836
-19.856
47.936
45.566
17.531
44.348
4.2755
-14.203
10.999
25.422
25.313
-22.899
-56.75
-62.116
-18.28
-15.888
21.657
19.296
27.089
-15.154
-21.81
-35.39
34.596
11.641
-8.0586
46.53
-7.831
1.3692
-18.6
9.3823
-9.0332
-33.954
-22.866
-0.8389
-40.875
27.422
38.171
-31.023
-8.2593
11.51
47.895
39.523
-16.937
-30.156
-7.774
-22.884
0.62486
17.594
56.23
23.289
37.774
-12.992
-45.63
-52.708
-5.048
-13.558
48.039
57.144
-1.3724
-12.58
-1.2147
-2.2549
-40.514
-18.814
-16.33
-39.441
-0.35409
0.39434
34.073
28.113
10.758
51.897
19.688
-22.444
-59.527
3.7133
-6.0887
-47.888
-34.043
-17.055
56.8
21.161
-4.323
-17.193
13.952
-39.823
0.09602
15.428
61.304
46.175
42.234
-5.1748
-16.738
-8.2244
-43.527
-13.544
-15.014
-37.814
4.1636
-21.112
71.757
27.751
21.153
-18.249
-5.5521
-41.756
34.952
3.461
-35.158
19.324
11.219
0.37719
-18.096
-32.631
-1.9925
-18.952
-16.662
62.132
11.616
7.4174
4.1622
-21.376
39.65
-26.928
-34.794
31.402
5.3066
-74.648
-27.278
-7.9524
38.211
-51.778
38.117
67.903
27.776
21.831
-3.7445
21.483
-17.312
-2.5147
-61.318
-62.795
7.6085
-53.953
-0.98916
51.728
132.84
71.072
-3.9137
-17.527
5.0532
-24.065
-1.0295
-17.508
-18.834
34.513
-24.874
-27.586
-45.406
-39.776
-39.356
15.616
32.327
-33.274
18.17
11.009
9.1959
-35.883
-4.6493
16.412
17.135
