-20.739
-41.047
-48.229
-44.317
-17.201
30.421
37.206
37.505
10.464
-6.9646
16.406
31.891
9.9495
11.581
24.677
39.932
21.628
8.9816
16.061
-7.255
-52.084
-53.554
-16.527
-20.205
-43.14
24.93
64.083
66.139
24.261
-10.43
-46.53
-38.836
-24.648
-34.073
-31.221
-7.0755
-1.9881
25.779
6.19
-0.85441
12.945
-14.485
-13.312
15.946
27.659
-2.1367
-31.297
-28.439
-41.375
-8.4995
-3.1739
15.379
28.774
50.276
43.045
19.638
16.988
26.911
1.5077
20.957
17.182
-14.444
-27.671
-28.596
-7.2869
-19.092
-8.2163
-48.29
-36.654
-1.3718
51.722
83.302
46.719
-5.1714
10.291
47.078
53.77
52.531
17.834
-86.596
-130.96
-136.22
-77.157
-37.689
-24.266
-24.781
4.4831
0.23445
11.957
36.832
32.702
48.126
25.48
-6.6221
-5.7258
-1.4005
14.891
38.628
42.516
61.106
59.125
36.131
-15.481
-41.1
-27.784
-26.668
12.589
19.589
18.27
9.4012
33.007
8.009
17.148
1.5562
-25.878
-35.074
-49.249
-75.011
-43.525
-17.761
1.8314
12.915
20.197
11.273
1.5292
-56.719
-71.5
-20.385
12.304
9.1643
55.47
51.609
19.909
-22.376
2.7037
22.977
16.818
6.5781
-35.76
-50.024
-22.983
17.273
41.06
83.848
53.225
20.843
6.7749
7.392
-3.6338
-28.532
-13.583
NaN
NaN
NaN
NaN
NaN
NaN
NaN
NaN
NaN
NaN
NaN
-9.5568
35.301
72.799
79.68
71.188
25.428
-79.906
-98.367
-41.247
-8.9578
47.572
64.809
42.332
-19.412
-33.087
-20.878
-11.044
-2.4976
8.5407
21.769
29.669
4.3254
-21.16
-1.8687
13.443
14.168
13.403
-0.84128
16.273
36.261
-11.456
-1.6953
4.5828
32.556
NaN
NaN
NaN
NaN
NaN
2.3631
-3.5862
-7.7014
-20.76
-8.3662
-3.1395
-26.214
-32.745
3.2424
-27.95
-54.828
-19.313
6.2624
11.531
-24.096
-4.343
20.578
34.232
61.403
32.143
-6.1109
8.9425
12.125
17.807
0.40209
3.2502
19.276
39.75
23.641
-7.9763
2.4901
-12.309
-20.986
-23.651
-24.618
-31.509
4.7354
3.1418
14.782
15.008
-4.4957
-12.937
-20.422
-46.286
-12.892
-3.1502
3.6567
-18.394
3.112
49.32
39.783
9.6304
-39.235
-78.113
-108.46
-27.988
39.616
76.765
80.981
92.244
61.652
15.179
1.9055
11.689
-7.2709
-52.912
-61.755
-35.905
-13.681
-38.197
-28.349
18.376
11.95
49.354
65.279
20.262
0.40104
-15.788
15.033
-6.1486
-2.0677
1.8489
-13.14
-36.757
-67.968
-71.179
-5.8233
21.241
36.815
58.376
49.087
5.3102
-24.793
-15.608
10.078
