-39.151
-54.777
-19.472
21.595
0.66924
-3.6205
-3.1089
5.9342
-15.752
-26.528
18.573
4.2993
28.155
33.071
32.032
34.58
25.302
18.191
14.715
36.022
17.876
34.249
67.369
51.869
64.686
69.025
18.897
-56.919
-62.005
-55.889
-10.784
-26.532
-41.314
-16.748
-7.3468
-30.818
-39.971
-88.098
-92.184
-60.558
-45.941
-11.396
-14.501
20.638
28.974
18.257
23.47
-28.179
-40.839
-23.617
20.862
9.0922
-15.725
-21.68
69.637
58.768
52.442
6.1339
25.593
18.533
30.664
32.3
59.456
82.412
36.414
52.039
-17.452
-32.443
-9.2181
29.512
57.029
20.97
1.2651
8.4802
0.50337
-70.177
-79.401
-89.674
-55.739
-8.7383
7.7974
18.445
41.471
33.496
19.532
-25.973
-74.449
-79.84
-86.406
-76.935
-72.253
-36.436
-17.927
-6.8879
16.912
-5.7812
-5.5973
13.723
0.046222
-6.0648
28.332
72.701
79.543
65.487
34.838
37.43
67.647
97.533
42.655
37.052
37.488
62.685
44.473
-10.403
-43.558
-53.45
-48.048
-11.94
-22.851
-12.161
4.9447
1.2195
-26.235
-47.962
-93.236
-94.728
-19.202
8.3207
21.709
29.502
3.0806
23.48
13.531
16.353
-15.534
-59.852
-52.995
-32.32
-50.716
-1.0077
20.471
20.147
1.7568
-28.024
-21.349
21.815
67.896
25.859
NaN
NaN
NaN
NaN
17.055
21.023
49.75
52.164
65.876
31.649
-13.081
-24.589
-34.425
-5.3428
-18.946
-7.5331
-1.5576
9.5925
52.364
20.423
-29.4
-39.818
-18.331
10.686
42.19
-7.089
-8.9054
-25
-14.431
-15.85
-9.7773
-14.247
-16.97
-1.1752
-11.915
-31.14
-28.522
-19.977
-15.259
-27.025
6.4791
26.318
64.637
44.36
1.362
-56.817
-74.413
NaN
NaN
NaN
NaN
-3.3234
13.217
29.43
15.276
12.04
34.23
33.439
-13.168
13.434
28.774
10.006
-20.984
-37.721
-12.44
19.597
33.22
68.011
41.449
13.763
22.919
14.687
8.6315
-21.875
-17.593
-45.057
-19.398
-19.566
-19.685
-23.676
-5.4958
-4.7664
-41.346
-37.322
-46.017
-33.52
4.0569
1.6024
-20.785
12.235
16.172
6.4844
14.364
-22.5
-5.3674
35.631
23.424
-10.184
-6.512
-4.275
-10.79
4.2553
50.786
78.605
75.725
82.687
58.849
5.0449
-131.82
-109.36
-26.776
0.76199
-11.871
-21.405
-51.756
-10.131
-2.8055
-24.085
8.7802
20.816
-16.077
56.297
46.337
60.695
36.418
12.779
12.591
3.8102
16.197
-1.5743
4.0724
-17.498
-12.665
-6.0081
30.02
8.6324
-1.1841
-36.2
-31.427
-20.87
-67.325
-28.729
-35.62
-9.0596
16.787
30.146
-10.431
-21.922
3.31
13.192
29.044
-0.0266
