11.991
-5.7141
-49.343
-48.159
47.105
4.0531
3.3422
24.4
46.909
9.2693
10.097
25.047
22.349
-18.811
-7.2748
-55.982
-41.814
-13.751
6.8457
17.017
-0.58653
-5.5647
-8.6365
0.85901
1.0163
14.085
-16.514
-15.269
-35.847
-6.854
40.473
54.58
23.392
-12.455
-28.504
-11.282
16.996
39.659
4.4897
21.624
15.618
27.984
8.7325
-21.955
44.474
23.141
-30.604
-51.477
-62.277
-54.091
-27.584
7.4155
-15.083
-27.876
-27.557
6.1502
40.786
37.852
-11.166
11.15
38.439
36.254
-20.674
37.517
35.744
3.5306
-57.282
-41.448
3.4095
-5.5433
7.9516
-11.577
-41.003
-3.4986
42.109
37.91
43.882
31.745
27.791
-14.258
-1.5412
-32.732
-67.579
-48.062
-3.4087
8.0366
18.829
9.5836
-11.381
-11.872
-28.71
4.9012
12.01
22.859
1.7619
-16.944
12.336
27.753
39.961
36.574
7.9434
21.656
35.656
-13.569
-24.023
24.795
1.5337
-54.402
-30.513
-53.164
-31.561
-56.52
-33.867
-3.4116
3.7375
-7.5585
-34.44
-5.7242
2.5883
10.886
50.814
17.957
60.4
44.563
65.961
58.45
-4.4186
-38.251
-0.21928
26.108
33.483
17.049
23.503
3.8015
-26.581
-82.294
-59.63
-18.081
-35.439
-32.254
-48.075
-3.1519
48.506
8.0654
-12.188
1.3143
32.727
26.512
-4.92
-37.884
-3.7994
NaN
NaN
NaN
NaN
NaN
NaN
NaN
NaN
NaN
NaN
NaN
-10.7
17.381
40.289
21.582
13.783
-6.851
-45.54
20.739
21.532
12.975
44.425
53.662
-5.604
-62.238
-41.171
8.3399
-6.2249
-11.78
26.978
-7.6397
-3.2666
15.922
15.282
-44.423
-14.007
11.572
19.572
-5.2498
2.8849
-20.078
-28.864
-48.959
-46.786
-4.6607
NaN
NaN
NaN
NaN
NaN
57.969
56.249
62.119
11.774
53.103
35.813
18.26
-31.026
-34.286
-31.877
-1.0901
-45.064
-87.056
-19.947
51.21
50.931
18.856
18.567
15.556
38.023
-29.447
-14.69
-9.1258
-31.872
14.002
-25.233
7.1921
3.939
-6.889
-10.873
-4.6734
-6.7806
-18.204
-4.8941
2.0899
-5.0401
13.996
-5.8091
-0.83435
48.753
52.082
-40.44
-82.055
-61.348
-27.501
24.731
72.429
84.932
33.886
10.214
28.287
-8.529
-23.992
-34.121
3.7109
12.229
-2.9246
20.831
17.228
34.749
-16.784
-30.864
-37.421
-44.935
-34.31
-38.207
-28.496
3.2358
9.053
-2.984
2.9796
10.556
0.97467
10.185
19.318
3.4091
23.104
31.694
32.5
30.066
19.141
34.276
-20.158
-15.512
-39.205
-24.015
-14.233
5.104
15.68
10.783
-2.9191
-8.8774
-46.329
-23.632
38.461
