-2.0346
-8.4741
-20.951
21.434
-3.2667
-11.343
-17.994
12.056
-57.478
-52.029
19.269
1.6178
29.823
7.6997
7.0468
43.256
40.018
28.944
8.2045
-18.684
2.3988
7.5326
19.263
13.376
21.027
37.279
-12.882
-41.886
-47.79
0.88154
18.688
12.845
6.0509
8.8535
16.497
-13.731
-25.758
-11.883
1.6906
2.2117
14.534
-14.457
-29.959
-9.1292
-11.547
-27.613
-15.191
-7.5109
-5.0042
-22.728
-15.633
-5.076
-9.9702
-31.382
18.675
25.852
6.2046
2.1435
14.506
23.079
39.089
0.93062
2.756
11.405
46.384
41.048
20.536
17.725
-5.716
10.464
-2.9155
8.0865
12.046
-6.4477
-30.313
-49.803
-62.384
-47.72
11.61
29.483
20.164
4.8921
1.886
-2.6098
25.423
12.752
-18.803
-16.377
-33.483
3.1443
-14.59
12.336
-36.482
-42.48
30.09
7.0624
9.0406
-4.043
1.3968
20.247
11.7
13.937
-12.888
-12.097
-31.248
-11.801
24.513
29.18
27.996
23.286
29.741
-15.602
-17.948
-1.5469
21.443
13.109
16.165
0.75679
3.6393
-9.1906
7.3766
-38.556
-11.762
-15.675
-9.9157
-31.055
-27.689
16.795
30.989
-9.5923
24.309
24.354
11.013
8.1111
-0.46153
-27.335
-11.051
-21.06
-10.792
-1.6773
-2.5186
-27.054
3.9994
-9.6646
37.487
2.3247
27.217
39.969
NaN
NaN
NaN
NaN
17.666
-7.8724
-10.597
11.681
16.687
-12.381
-3.8784
-37.328
-22.739
15.962
19.62
-6.0248
10.844
31.196
42.14
20.294
7.8905
-16.72
-15.993
-5.2935
1.4829
-4.539
-33.019
2.8508
16.761
2.8351
0.25961
-18.197
-11.487
4.4626
-0.70252
-4.9956
-0.9907
-11.2
15.7
-23.271
-20.944
38.062
29.552
35.003
7.9945
-24.458
-45.085
NaN
NaN
NaN
NaN
-4.2488
-5.2045
21.712
46.847
-3.5276
31.273
8.5272
12.27
18.253
-12.024
-31.846
-25.454
-40.67
0.35476
0.11566
-20.995
14.236
18.15
-4.6301
-18.913
-9.9743
-10.402
-2.3057
3.8153
15.911
19.268
26.669
14.779
-4.7778
10.565
50.599
16.769
-3.9229
-15.27
-6.5545
15.346
-10.758
-18.698
-9.3362
26.723
-26.825
-17.351
-6.484
-17.22
9.0537
-6.8096
-6.354
-3.11
-21.364
12.972
-10.191
-7.8646
23.974
25.61
7.168
-3.9408
-27.371
-11.869
-26.68
7.7287
4.894
-21.027
1.4094
5.8746
-3.2476
-8.0839
-6.5865
12.52
-6.0635
25.252
29.847
12.659
3.2259
24.936
27.254
3.9411
-10.279
-8.7627
7.7301
5.0315
-9.4607
-13.93
-2.7151
34.667
-4.4119
-5.8869
-12.498
20.574
11.483
-25.33
3.184
-25.586
-13.542
1.4943
-26.51
-14.848
-10.57
3.6089
-14.837
24.613
20.533
