12.671
26.712
13.457
10.067
8.2447
17.746
-53.369
-0.57194
3.019
-12.785
-19.342
-10.787
-16.863
11.194
-34.697
-57.099
-13.456
6.3876
39.6
-19.428
-28.148
-15.39
-47.945
-3.8162
67.56
36.406
17.318
-9.4016
20.434
22.547
11.738
8.8354
-53.559
-43.686
-36.575
-73.578
-46.738
-2.3579
11.014
54.907
38.754
52.803
35.107
-15.114
17.787
-14.413
3.2941
44.144
18.156
14.042
61.204
11.944
20.577
-9.6566
-22.43
6.8569
-26.629
43.182
-52.217
-37.173
-6.019
-7.3021
-5.7276
-62.027
16.304
28.17
-22.127
-27.579
-62.828
-67.335
-52.844
22.434
61.954
39.69
27.886
-33.187
-5.6889
16.262
18.015
33.152
38.316
20
-1.0008
-2.6303
-38.6
-22.605
81.804
32.696
-67.904
-58.613
-29.525
8.4353
-4.5269
12.306
10.377
39.842
58.164
54.525
-18.592
-2.4136
23.868
-31.329
28.984
4.8216
57.31
-28.452
7.7713
-1.6993
-5.3929
4.3446
-8.3457
-52.7
-67.461
-85.18
-27.284
19.872
-30.048
-43.248
-40.518
-15.233
-8.2323
-0.34538
8.4233
-2.8015
-13.672
55.049
18.593
47.751
24.984
-23.461
54.567
48.973
42.055
56.334
41.33
4.8557
-4.5884
-3.4843
-0.1838
39.003
8.8518
17.892
55.083
17.187
-11.337
-101.76
-100.11
-46.005
-3.5549
NaN
NaN
NaN
NaN
-26.422
-31.812
-43.928
-46.168
-32.711
-49.66
6.1852
-36.32
8.5577
57.875
37.634
78.252
88.697
70.116
-35.353
26.544
4.9623
-4.4902
-44.777
-26.732
2.9269
-4.27
-11.581
-5.9443
38.021
9.3967
-21.069
42.192
62.72
27.85
29.192
41.772
-13.444
44.943
12.207
-56.51
-77.638
-69.599
-56.537
-31.645
25.514
18.885
NaN
NaN
NaN
NaN
-25.028
-16.594
8.2335
-31.181
8.9262
-5.2801
-27.797
-4.5959
-18.17
13.826
15.571
69.253
35.252
51.331
33.947
14.933
12.693
25.87
48.445
9.2228
-37.543
6.4658
-20.225
-30.588
-43.747
17.371
41.041
69.523
2.8181
11.551
-18.578
-55.005
-59.019
-21.194
-28.461
-51.491
-15.313
17.153
4.2676
-11.081
27.675
1.1104
7.1451
4.0802
NaN
NaN
NaN
NaN
NaN
NaN
NaN
NaN
36.69
8.5661
-30.208
-0.86588
-48.428
-14.472
-5.8932
-4.0026
47.324
-19.573
-24.637
-65.843
-8.3169
61.402
-31.292
10.21
45.886
9.0357
-9.7831
-2.6527
31.355
-8.1132
27.867
30.054
26.851
-3.5988
28.373
29.059
23.889
64.348
-34.658
-37.214
-25.611
-4.8407
-35.937
-52.147
-59.374
-66.295
-15.336
-43.003
-19.899
3.6253
-3.7289
21.224
-25.89
-28.884
NaN
NaN
NaN
NaN
NaN
101.21
30.066
3.5776
10.202
-10.578
