-89.182
25.261
-34.057
-46.709
-70.233
-12.276
36.419
83.768
116.1
77.199
NaN
NaN
NaN
NaN
-167.68
-13.18
-13.817
-61.138
-11.495
-3.1705
-9.0944
10.168
31.08
65.003
46.974
-18.579
-6.8548
5.5533
59.805
-13.547
-51.94
-49.666
-3.4406
83.681
87.759
28.552
-78.719
-70.021
-31.597
-59.272
-33.26
-49.178
-47.096
20.397
30.633
-2.1716
49.991
89.345
114.35
19.039
-77.52
-28.958
-24.844
22.442
39.88
106.06
65.489
132.92
55.727
-26.389
-57.941
-81.816
-25.53
-50.99
-70.961
-91.116
-103.34
-105.69
-64.663
-56.733
-73.831
2.982
-30.41
-40.317
117.57
110.01
156
130.69
87.406
116.89
36.585
-47.538
25.901
43.667
-10.585
-106.3
-80.923
-55.278
-12.444
-65.167
-52.488
50.525
58.516
14.934
9.7072
7.3621
52.11
35.547
1.3614
31.511
2.1986
-100.03
-105.11
-106.95
-82.493
-30.748
-28.982
-27.827
24.288
21.976
55.709
13.902
70.33
60.152
40.553
28.319
27.498
62.267
34.939
54.691
-16.929
25.063
42.339
73.042
69.702
-68.411
-109.15
-93.08
-118.59
-76.214
-72.492
9.5003
54.477
18.666
-6.6543
-61.242
-14.418
-3.3775
67.101
-1.4013
31.134
-3.5695
29.943
0.053452
-41.008
-26.128
50.67
30.624
29.271
13.012
38.206
39.109
-22.084
-68.53
-6.0513
-105.94
-17.338
48.459
70.992
105.12
69.698
70.406
66.088
37.167
-24.388
-44.222
-44.474
-101.09
-71.813
-48.928
-163.17
-121.09
-117.16
33.393
10.459
13.36
64.798
40.273
66.944
9.311
28.235
120.26
63.513
53.883
12.124
-28.948
-29.555
8.7758
59.787
77.459
23.672
-72.107
-43.071
-8.8909
11.39
-43.442
-45.984
-13.33
19.094
21.703
56.306
-3.5153
-66.177
-41.859
-57.426
-46.333
-27.161
NaN
NaN
NaN
NaN
-3.4231
15.462
85.594
24.749
-28.549
-55.66
4.0696
47.726
46.107
74.981
10.672
-8.3927
-15.942
32.809
78.204
-14.912
17.3
27.478
-29.597
-12.629
-38.708
2.0793
49.754
12.121
-12.24
-29.821
-66.796
-12.705
-85.74
-25.469
-56.365
-0.928
-21.258
-34.155
-81.066
61.143
54.593
-2.9182
73.899
40.473
9.5971
44.845
18.7
95.28
