-22.089
20.498
-13.892
-44.712
-42.024
-10.494
10.108
47.213
31.622
18.775
NaN
NaN
NaN
NaN
-69.088
-47.444
-69.866
-81.358
-18.15
21.626
32.114
50.219
59.817
81.774
80.779
19.875
-44.521
-35.816
31.891
38.853
50.058
42.853
42.244
47.193
-20.914
-27.392
-71.006
-56.221
-36.313
-11.559
-46.004
-104.52
-104.2
-9.5901
4.901
8.9437
15.472
33.376
61.667
23.737
-20.588
-57.24
-51.602
25.51
57.634
125.33
120.37
148.06
68.61
-24.81
-51.422
-92.662
-23.12
-12.376
-8.668
-57.099
-69.475
-64.511
-14.244
-23.542
-3.0305
31.274
70.108
43.19
64.452
-24.041
-49.952
-63.279
-39.753
-30.253
-29.745
-21.92
14.519
68.025
13.258
-31.155
-20.701
-0.20952
28.435
28.223
37.37
72.488
86.408
48.072
123.26
23.982
-47.734
-118.3
-108.12
-56.067
-80.454
-13.229
-44.626
-64.447
-33.409
40.208
30.246
29.212
49.463
67.793
81.331
8.6345
-24.893
14.962
50.937
41.051
61.508
33.4
-38.76
-50.844
-85.322
-90.033
-92.831
-81.46
18.269
-26.038
-7.9734
14.653
43.692
47.175
51.412
70.272
40.397
29.163
-6.5422
-40.068
-46.36
-18.713
48.158
18.424
5.5568
4.1013
-26.579
-44.703
-59.053
-18.578
9.9772
6.3065
24.405
58.931
51.201
70.643
22.46
-27.694
-6.5476
-68.205
-11.121
13.208
41.345
20.968
-87.054
-66.007
-22.935
4.1949
12.415
-10.496
-41.998
-46.97
-13.438
-23.966
-19.79
48.669
51.538
114.25
93.468
-0.68823
-22.461
-31.032
30.238
7.7802
-26.789
5.8427
-17.081
-24.371
-9.7688
-10.85
-1.1063
-2.9101
-15.206
-25.611
-26.195
-3.9884
18.694
-5.4184
23.339
20.847
-2.1549
43.733
53.791
51.687
73.709
-4.1701
-42.687
-67.403
-65.033
-64.684
-48.998
NaN
NaN
NaN
NaN
35.691
13.825
61.261
29.073
-2.0875
10.545
-19.844
12.596
15.854
-19.087
-30.627
-28.165
-21.088
19.495
28.597
35.271
16.277
32.542
17.789
38.371
3.1138
42.92
30.53
41.583
22.866
-33.29
-88.167
-80.349
-96.363
-63.781
-56.447
-24.321
-20.672
-16.181
-52.501
44.539
75.034
54.202
70.05
29.131
33.403
35.931
26.873
40.658
