1.0825
13.247
-2.1582
-42.816
-4.6221
9.6879
-9.1243
9.4437
21.649
-2.1741
1.7918
-0.059833
8.6084
21.613
33.348
1.3659
17.606
19.324
-3.5529
24.224
-0.685
-1.814
33.012
-1.339
31.677
46.455
12.156
-8.7453
-39.912
-12.149
7.3878
2.2495
-35.641
-32.063
-18.552
-8.2295
-24.89
-0.054348
-1.0827
-12.983
2.2494
-37.585
-31.007
-27.124
18.092
21.018
6.0732
14.88
-31.167
17.379
6.8668
-34.229
-17.142
-15.253
-12.398
-24.15
44.621
13.565
2.4599
24.75
71.74
55.619
20.66
33.258
43.614
-3.2951
-15.877
-36.536
0.08164
-13.726
13.046
-5.3462
15.228
-6.4872
-25.379
-3.0096
-21.834
6.439
7.9421
-25.178
-5.1662
-40.573
-49.98
-22.704
0.30943
18.724
-4.5433
22.383
6.2959
-13.683
-22.078
11.655
9.2523
27.858
26.545
-1.5762
15.148
-19.147
-17.269
8.1831
21.205
10.405
22.727
-12.394
20.648
-6.8798
13.394
-22.538
-30.368
-23.982
-32.05
-41.735
-24.399
16.529
28.007
34.489
-15.039
37.683
6.0021
19.377
43.256
-18.683
-14.623
-0.44452
22.531
30.521
-23.442
-8.2179
-36.319
20.565
34.459
32.127
62.326
27.12
-27.696
-31.495
-40.649
-23.358
-53.625
-38.573
-44.954
-8.2611
33.783
34.057
1.9499
11.294
15.752
6.67
-18.693
-26.669
-23.87
NaN
NaN
NaN
NaN
NaN
NaN
NaN
NaN
NaN
NaN
NaN
-10.803
-4.5739
35.872
20.383
11.089
27.768
12.944
38.978
37.892
7.8081
38.623
28.638
-9.3713
-18.708
2.1112
5.3209
-37.116
-45.188
-11.269
-12.342
-24.938
-24.738
3.0224
12.189
6.7346
3.7112
0.53871
-7.5664
-3.8984
-2.0976
-15.022
-10.842
-30.415
15.881
NaN
NaN
NaN
NaN
NaN
8.5432
13.244
7.0151
-32.223
37.513
-7.1437
12.017
34.818
60.86
50.91
33.257
-16.236
-31.234
47.472
60.754
55.039
13.04
31.4
-36.339
-30.019
-16.835
-36.187
-26.147
-3.4027
7.2858
-54.019
-23.491
0.60689
-17.7
19.127
17.871
28.264
-21.268
-18.229
8.6369
-9.721
-1.2952
-4.9294
4.5847
-0.67263
-25.833
-4.5735
-16.408
-6.4569
-36.752
-33.446
-17.496
11.479
48.4
2.7116
12.604
-3.9126
19.418
23.364
8.4942
0.64229
-9.3326
1.5386
0.59833
5.4895
-2.234
6.7969
44.143
39.947
33.026
10.44
3.0254
15.029
4.2469
1.0275
-37.936
-24.492
-29.223
-24.002
-12.819
-37.974
-24.642
26.021
26.49
11.837
35.169
21.695
-16.053
-15.081
-30.739
-13.893
21.253
-2.8478
20.68
12.254
-21.45
-8.1862
-40.688
-26.392
-13.98
