-8.5527
29.938
-43.652
-7.4282
-25.527
-5.0375
15.581
27.153
54.109
35.243
NaN
NaN
NaN
NaN
-21.77
-63.725
-15.587
-15.039
0.85901
38.765
29.089
11.827
28.501
10.515
-25.033
-49.404
-5.5408
22.538
40.184
28.29
-0.32985
-16.039
-6.4408
-4.4447
-4.6183
-24.202
-30.676
-2.7423
8.0848
2.7579
15.229
-5.4469
28.213
30.212
-8.4616
-19.889
18.579
31.147
59.041
10.095
-10.114
-31.259
-35.994
17.966
23.661
35.892
25.611
10.43
-31.343
-72.307
-48.885
-34.336
-23.342
-0.15307
6.1443
-17.699
-21.854
-31.345
-29.537
-21.653
5.2911
20.692
34.563
29.394
75.652
30.912
39.594
3.7645
-13.528
1.2314
5.7594
4.607
19.4
35.791
13.788
-32.126
-16.132
-27.918
-23.889
-33.928
19.976
53.507
33.467
-5.3841
-17.357
-49.681
-19.295
-8.1824
6.0439
-25.382
-33.51
0.25313
-26.633
4.2874
-7.3905
-2.341
-3.6795
-5.6393
26.213
10.268
4.4933
-16.302
25.489
44.085
23.516
16.372
-15.094
-24.412
10.059
43.238
2.9826
4.563
13.715
-30.552
-0.9383
-38.799
-22.422
25.742
47.107
28.094
-4.1334
-25.208
-30.132
-31.801
-4.0523
-12.576
6.5521
6.4461
51.357
-2.6621
11.347
3.5775
-7.5102
-23.374
-70.659
-47.201
6.3827
20.701
12.551
21.315
0.61807
-24.276
-28.598
-3.6526
16.477
-9.1001
12.039
39.154
38.184
23.601
3.2818
13.892
48.243
58.089
28.975
-25.167
-33.31
-42.423
-33.396
-20.574
-13.376
-4.602
6.9477
18.019
10.092
-20.98
-56.271
-32.856
-39.032
-3.726
-3.9321
18.376
-7.1423
-3.5042
27.977
31.679
-3.1318
1.4772
1.7615
55.233
64.02
12.913
18.952
7.7451
25.628
-31.909
-79.175
11.074
31.523
38.489
13.022
-1.785
-49.122
-87.541
-40.333
-38.931
-25.988
NaN
NaN
NaN
NaN
3.9481
-7.5897
57.993
25.094
17.021
-20.313
-27.755
20.544
45.756
47.496
13.879
-26.173
-23.099
-15.306
43.767
24.969
19.336
-36.297
-43.269
-5.623
-1.934
3.8542
-45.714
-8.0251
6.6803
23.377
1.7801
-39.369
-18.726
-22.573
-51.22
9.879
5.753
-0.41847
-40.938
32.136
21.545
39.312
14.095
9.0435
16.689
54.835
35.43
-6.316
