-19.362
-7.3262
-17.545
14.074
26.838
22.706
-3.2539
-29.466
-52.188
-40.16
21.776
24.781
11.021
5.3031
16.471
4.105
9.4427
0.59457
11.984
13.183
36.625
8.3172
20.656
-8.1975
-14.937
-2.6021
20.251
-10.933
25.418
-5.5256
-20.874
-15.058
-1.217
-1.8483
-12.87
-13.849
-28.457
-11.72
-13.021
-13.249
8.6872
0.16604
5.3159
19.504
-4.7613
-10.707
-7.4242
-24.425
14.275
-1.1411
13.376
25.267
-7.8061
-43.153
-30.037
-16.082
4.1826
18.314
47.981
34.978
15.664
-18.918
-2.4492
7.8241
12.554
30.896
9.2663
-11.599
-3.6172
4.5777
11.459
14.842
13.2
9.3933
26.614
22.785
-29.401
-54.365
-29.521
21.061
-11.139
-7.3214
-16.335
-27.103
-0.9653
-0.78739
-9.7627
-18.086
-2.8029
10.963
6.559
3.8237
7.4783
-6.6777
10.756
-9.2779
-17.208
-8.8129
-32.266
-3.7555
-18.378
4.6801
32.615
-20.351
-26.524
-15.241
20.381
16.828
17.229
43.51
66.504
65.568
12.369
-17.601
-12.094
26.93
5.792
35.691
5.1921
-49.029
-27.686
-40.419
9.6487
-10.409
-10.476
1.3255
-5.6401
27.738
7.8173
-20.241
-36.8
-21.963
-11.542
-9.9468
-3.8688
-19.619
-5.5076
-15.09
-6.1403
-5.4405
-10.747
-4.3391
21.315
14.029
33.811
38.551
57.093
16.99
NaN
NaN
NaN
NaN
-7.4431
2.1791
-20.074
29.814
33.175
-8.576
-6.9831
-11.53
-11.927
17.485
6.8493
-18.129
-9.5548
27.87
34.384
26.037
1.9192
19.39
-4.1021
13.143
-3.1659
-30.376
-20.538
-17.435
-8.4895
-22.837
0.20513
1.3133
21.235
10.891
11.144
-26.838
-10.017
-5.5368
7.2965
-18.732
-35.517
-3.5494
27.566
30.798
32.597
0.38652
-34.409
NaN
NaN
NaN
NaN
-23.729
-6.8984
12.381
11.55
8.1945
53.591
54.737
36.368
21.612
-2.5449
11.066
5.83
-18.253
-10.275
-14.42
1.6984
18.841
5.3552
2.9639
16.936
-3.1524
-0.061091
-12.581
1.6557
-8.5164
-3.5444
-21.368
2.0879
-10.875
-4.8844
12.252
-17.841
-20.523
-22.636
-12.42
8.3842
-21.471
-20.165
5.5463
12.994
32.853
41.562
-10.797
-19.205
-9.1971
-1.6938
1.0584
39.638
16.554
-19.944
-23.496
-3.2112
-7.6265
-10.028
-5.924
22.525
22.661
2.6775
-11.667
20.694
3.9748
-10.717
-8.8924
-23.608
2.2847
11.427
-2.0705
29.287
22.224
21.265
45.546
-3.4966
-21.364
-18.022
14.476
-7.3704
-13.387
-15.995
-23.672
-10.263
-10.675
-27.312
-24.677
-6.9959
-18.797
-7.4015
-7.0118
45.158
7.6384
40.96
38.981
10.609
-24.256
15.455
0.42728
-1.5099
-13.223
-10.837
-6.8487
-2.6402
-0.17623
