-39.426
3.7189
28.52
18.751
37.454
24.468
48.667
41.031
24.029
36.617
39.842
44.766
14.651
37.904
29.115
-68.012
16.33
60.2
-65.029
-23.456
-75.932
0.99259
8.0757
-24.002
-36.117
-27.458
-41.075
-25.511
8.6062
-8.2935
-59.216
-61.766
-101.56
24.24
27.494
-3.0021
-69.538
-36.838
7.3542
10.546
48.16
84.263
102.58
77.107
67.483
17.807
35.137
72.795
62.149
58.007
-12.66
-24.018
-23.108
-52.491
-67.91
-78.595
-60.77
47.599
57.512
25.792
45.568
52.16
-49.8
-36.687
-59.305
-80.695
-55.97
-59.616
-49.478
-66.945
-45.981
-26.904
-5.6844
-68.542
40.76
44.55
85.036
105.4
4.7632
47.759
51.717
34.522
-36.261
-61.888
-14.722
1.6906
81.79
51.682
35.625
72.502
91.238
74.271
29.875
-58.446
-72.862
-38.021
-57.263
-5.2776
-13.118
-97.128
13.199
82.999
-11.595
-42.838
-97.206
23.149
-60.042
-56.424
-9.4595
22.923
12.747
-41.291
12.272
-44.388
21.763
-29.64
-8.2799
77.738
79.852
16.195
1.4605
-30.649
-75.846
-36.767
-21.365
39.341
-18.219
-8.096
47.529
65.349
81.743
73.664
75.721
59.199
-8.9452
-30.485
9.1401
53.847
48.988
4.1062
14.38
-37.338
-45.68
-15.096
-122.43
-45.961
-38.358
-73.245
-68.597
1.3262
-0.91017
-95.173
-44.308
-31.604
74.94
27.69
60.304
31.886
-17.106
-0.30069
-33.532
-13.92
-18.936
47.167
6.5179
-12.335
67.185
22.197
48.996
31.763
23.465
68.013
30.81
-27.125
4.5375
22.132
27.975
-0.34901
-5.6166
-80.926
-18.848
56.721
-3.0097
-51.567
30.734
4.6009
-72.144
11.075
-50.278
15.581
2.3726
3.1124
-77.252
37.687
10.837
NaN
NaN
NaN
NaN
-13.013
-113.82
-14.146
-13.209
-65.81
-57.311
-51.525
10.482
NaN
NaN
NaN
NaN
NaN
NaN
NaN
NaN
NaN
NaN
NaN
19.149
-84.98
-103.28
-100.69
-0.85161
-2.8237
39.625
45.357
9.1701
-48.909
-12.919
0.60576
-74.212
-43.272
-34.244
-18.876
-137.59
-39.656
35.142
-95.602
-11.262
18.407
86.356
74.656
