-47.479
31.374
-6.0615
-22.473
-18.597
1.5114
7.2844
-22.16
-31.653
-32.393
-48.539
-21.531
2.2073
-19.236
-25.636
13.776
1.1583
-4.9193
5.5138
-3.971
15.627
10.824
35.416
48.282
53.957
67.499
55.726
26.237
5.9262
6.7995
14.239
2.8247
25.193
37.166
35.632
57.219
0.37872
-25.172
-49.669
-37.164
-24.962
-31.08
-39.459
-85.657
-55.328
-41.977
-22.024
-49.452
-54.283
-37.188
-38.104
-12.401
0.16324
24.882
19.891
14.553
-10.381
-5.7406
-13.904
13.311
45.751
30.558
10.001
17.697
67.967
65.266
59.985
47.19
42.806
77.168
57.397
53.336
20.382
5.5732
-24.887
-30.266
-37.767
-38.09
-18.82
-56.115
-49.323
-9.3389
9.2396
-0.33108
-22.676
-65.093
-62.003
-43.465
-24.347
-37.68
-46.721
-28.31
-29.158
-4.5292
23.652
27.117
34.813
9.2313
-14.268
-15.116
9.7485
22.389
21.341
37.22
58.425
45.245
-8.7383
1.1735
36.449
39.827
8.8599
8.667
34.504
50.229
27.052
5.5491
-67.378
-62.341
-9.1777
-26.75
0.73999
34.097
62.792
55.05
31.572
-4.0864
12.471
1.6541
-54.927
-61.464
-63.573
-64.188
-40.565
-43.093
-17.501
-47.258
-54.515
-59.99
-11.129
2.9509
9.8885
32.669
37.308
38.009
15.586
31.117
11.49
51.664
48.069
34.788
14.969
9.5348
17.653
22.194
-2.8946
-4.1095
18.841
22.772
1.8116
-10.983
-3.5973
-16.425
-22.562
20.245
40.864
40.521
3.5531
-24.319
-26.568
-33.312
-77.983
-52.296
-33.748
-44.393
-30.305
-25.437
-8.4898
0.1848
22.345
21.512
53.744
40.047
44.968
22.959
-6.5604
10.595
3.6589
-39.255
-45.158
-50.009
12.122
38.336
53.606
41.859
44.254
NaN
NaN
NaN
NaN
29.83
26.617
44.185
6.0023
-30.623
-15.937
15.012
-8.8854
NaN
NaN
NaN
NaN
NaN
NaN
NaN
NaN
NaN
NaN
NaN
11.169
9.6242
14.858
17.289
39.813
29.499
-7.8957
-13.679
4.8932
-31.033
-2.0941
22.484
26.71
-6.634
9.4524
37.516
17.265
-7.5125
9.7538
33.342
41.183
-49.303
-38.943
-16.254
