-27.005
14.385
-10.409
11.305
5.9219
-5.1049
-25.818
-23.108
3.8438
24.12
25.016
25.018
35.444
26.816
33.323
9.9887
-39.644
-22.274
8.2016
3.1729
-55.482
-41.502
-10.327
-19.583
-20.095
13.416
29.582
38.897
27.59
-0.48695
-20.53
-29.749
-11.35
15.21
6.8198
-14.009
13.699
22.762
-6.9493
11.371
29.006
-2.7201
-14.82
-13.026
27.141
24.37
-23.214
3.0969
-7.0366
-34.869
-6.361
-5.9404
-6.2208
-3.5421
8.3205
18.561
-13.297
-29.384
-22.281
-16.543
-32.711
-8.618
-0.43505
45.915
55.692
52.958
29.082
10.617
41.016
35.278
-25.066
-35.466
-19.375
-23.485
-16.651
-32.742
3.0691
-34.072
-18.581
1.0119
19.346
33.871
20.165
-19.468
-25.083
-12.19
-19.252
16.451
0.26097
-17.953
7.3804
-5.0628
-8.6528
8.5604
33.75
22.499
2.7135
15.979
25.86
7.0804
-5.9656
-15.154
-26.465
-21.302
-19.499
13.485
24.834
14.851
35.143
13.901
-19.455
-28.227
-22.537
12.83
12.831
-23.879
-3.4254
1.0612
2.716
5.4885
-11.023
-3.9957
11.791
17.99
-2.6375
-40.912
-44.173
-17.437
3.5044
14.494
-12.098
-9.5195
4.4803
31.546
25.647
24.719
40.7
6.9934
18.089
19.114
11.716
6.4895
2.0296
-27.094
-7.0326
-3.3251
-21.975
-15.825
-10.749
-41.553
-54.714
-10.527
15.902
1.7612
-25.002
-6.0672
-4.7481
12.504
17.164
7.1849
26.39
40.754
27.613
36.31
33.162
28.207
0.13485
-36.2
-19.264
10.88
15.243
-6.9234
-18.796
-51.915
-16.767
-26.437
-23.002
-2.3365
-1.8461
-17.092
-39.156
-1.9331
42.327
25.813
-8.1378
-3.3419
22.016
15.016
-3.8963
35.224
13.065
-14.619
-28.037
-10.956
-2.7585
38.617
35.594
31.361
33.835
10.32
-24.926
-7.7572
-16.571
-23.552
-30.868
-9.6893
-5.1436
-27.143
-23.215
11.38
43.768
10.208
-29.366
-48.704
-19.744
15.173
2.7712
19.169
26.994
24.22
-12.873
-12.039
-10.882
-7.3402
11.334
-1.852
12.344
17.824
6.444
-25.741
1.3437
15.766
46.678
40.967
19.82
-31.237
-26.867
25.337
5.5287
-29.331
-40.246
-30.144
-21.081
-12.735
-17.197
6.549
18.047
8.9901
18.792
6.7131
-4.1654
-12.84
-4.46
1.7879
15.937
26.704
11.964
-19.729
-15.161
48.41
46.882
-7.325
-26.523
-32.98
-7.4895
-21.174
-20.765
20.491
