-60.531
9.2355
-3.2377
-24.013
-22.073
4.3493
1.7051
-4.2518
15.06
-16.961
11.976
-18.318
-23.889
-13.708
4.0371
44.912
28.015
-23.899
-62.513
-56.817
-40.984
-13.482
33.157
20.077
24.337
8.24
-5.9161
-7.371
-5.556
19.636
65.199
80.267
35.564
14.785
31.474
28.317
31.71
-2.3641
-39.938
0.12028
-10.665
-55.707
-21.198
-34.989
-40.401
-34.129
14.651
15.331
-21.632
-17.412
-46.718
-16.112
11.727
-18.283
-8.3344
11.263
9.9411
-6.5139
-4.6076
9.9462
32.28
75.083
60.477
35.881
-32.375
-79.044
-49.411
0.7943
-29.992
-51.919
-18.579
37.628
56.77
50.263
66.461
70.932
67.655
20.724
5.9893
-12.858
-25.545
-69.505
-46.971
-13.199
-39.653
-43.217
-19.203
8.1192
22.029
-15.972
-13.718
-21.214
-14.213
2.0032
17.815
21.782
32.101
29.82
21.386
57.024
37.614
-45.934
-47.549
-42.683
-78.72
-73.345
-60.377
-50.192
3.6224
31.281
55.424
41.611
51.579
71.16
70.472
66.846
65.458
NaN
NaN
NaN
NaN
NaN
NaN
NaN
-4.6434
28.253
52.252
-20.134
-50.408
NaN
NaN
NaN
NaN
NaN
-25.717
-25.038
3.6353
22.758
39.663
-21.039
-29.047
-39.443
-16.737
11.314
30.464
-18.581
-26.945
-9.0288
6.1724
31.077
29.299
46.438
68.948
39.515
16.396
24.009
9.4343
27.071
5.284
-28.775
-13.999
-32.005
-32.622
-27.039
-7.6522
-14.602
-5.541
9.115
-23.071
10.35
32.089
12.338
-36.034
-55.574
-56.237
-26.733
-6.036
41.138
52.868
23.347
-5.2585
22.515
48.133
34.345
-26.59
-30.374
-34.96
-31.675
-25.305
-17.171
-24.629
-46.977
24.267
65.575
58.765
37.636
18.331
42.472
43.559
48.466
9.3586
-34.031
-13.887
-16.684
-34.43
-48.991
-25.086
-4.7011
-13.107
-14.336
-27.269
-9.905
-11.381
-41.696
-33.67
-13.376
11.467
27.383
26.775
15.704
10.441
38.724
53.631
28.192
-4.9281
-0.068075
-28.396
-12.599
-28.293
-32.788
-7.9966
23.196
51.092
32.653
-5.9226
-13.481
30.528
60.851
9.1297
-33.374
