-57.679
-24.754
-29.85
-19.266
-31.017
-79.615
-24.513
23.08
36.734
57.019
70.969
55.212
23.335
26.986
57.668
76.476
56.89
38.239
6.7286
-26.589
-80.409
-85.509
-71.812
-74.238
-60.368
-54.412
-50.527
-9.7722
-5.8464
-5.4762
8.2392
26.316
56.817
100.2
85.422
42.906
15.915
1.685
18.729
42.847
-35.669
-64.293
-72.124
-40.305
-9.1514
NaN
NaN
NaN
NaN
NaN
NaN
-7.0596
-17.269
21.748
-2.9179
-10.676
3.5181
7.4456
-45.07
-25.17
-3.7713
-6.6476
34.374
47.173
24.114
5.3308
-53.46
-64.867
-18.251
-4.8199
-4.2745
16.05
13.63
-7.9599
-14.248
1.4807
18.032
31.223
13.977
33.688
28.136
25.154
37.757
25.312
NaN
NaN
NaN
NaN
NaN
-9.7392
14.826
9.1364
-30.73
-16.358
-34.713
-10.616
-12.589
8.6484
5.0437
11.439
12.694
15.126
16.641
-28.551
-59.696
-35.853
24.423
71.953
59.804
22.206
31.902
55.515
14.616
-16.866
-37.364
-38.943
-64.56
-49.449
-12.72
-13.502
24.788
30.812
21.194
23.787
30.021
12.125
-21.385
-20.071
7.7696
-14.15
-14.012
-2.4171
-6.2997
10.293
29.527
15.786
0.68352
-37.804
-38.402
-29.648
-10.823
-12.7
-2.1082
18.449
31.579
22.491
23.661
22.603
71.27
NaN
NaN
NaN
NaN
27.321
-12.863
-37.452
5.9912
3.6073
24.725
29.945
32.259
31.837
48.669
31.321
NaN
NaN
NaN
NaN
NaN
NaN
NaN
NaN
NaN
-36.978
13.42
9.7451
-40.369
-33.671
-52.47
-1.7575
32.744
46.069
36.708
38.772
32.322
36.858
10.387
-42.732
-50.728
4.248
13.717
3.0216
-5.3095
-6.5036
27.274
26.197
-17.74
-17.065
-0.55978
-1.6078
-28.017
-15.243
5.2739
-5.5714
-18.956
-14.064
-5.2562
-6.7575
-0.76693
6.8044
29.59
41.778
39.862
39.203
34.299
12.859
-20.326
-80.674
-46.729
NaN
NaN
NaN
NaN
NaN
9.3157
49.998
16.211
-7.4276
3.1928
-13.33
-27.403
-23.821
14.678
28.9
28.965
13.291
29.498
18.853
-1.3663
10.303
7.2186
5.2564
19.589
-13.241
-18.109
-1.8812
2.6234
-7.6095
0.81251
-53.654
-48.913
6.6316
49.824
43.664
-14.061
