-83.233
30.651
-19.674
-28.628
-10.774
19.044
7.0372
39.84
6.4464
12.509
-28.634
-21.87
-7.7959
-10.552
-13.115
23.982
19.761
6.52
0.49773
5.7229
16.876
-1.0304
2.455
30.096
27.45
40.462
25.753
0.67801
-1.559
10.446
10.353
-1.8515
21.813
34.857
26.71
35.5
-14.53
7.0382
-1.8169
11.815
-41.115
-65.668
-77.022
-85.646
-39.32
-26.137
-20.19
-76.613
-83.235
-61.802
-26.47
39.726
65.595
70.797
32.999
29.576
-9.9774
-17.758
-21.485
-5.8352
35.965
13.783
17.183
24.473
83.688
72.933
56.109
45.638
12.994
25.914
29.43
39.726
50.708
69.37
8.8526
-53.186
-62.409
-46.672
-41.096
-107.78
-56.523
-24.623
24.723
16.893
-13.537
-74.696
-61.55
-19.367
-1.3315
-46.074
-94.862
-82.963
-42.209
53.588
77.257
48.765
57.47
33.14
47.878
42.446
39.601
15.551
-20.591
14.227
14.511
-22.181
-48.474
5.4652
20.944
3.7426
-1.3742
-22.073
2.6062
53.195
23.033
0.41023
-30.133
26.76
40.34
4.2388
56.443
63.614
47.919
6.7637
11.531
-6.9122
-13.81
13.088
-55.716
-99.67
-93.52
-84.102
-40.288
-15.055
-42.332
-48.015
-31.81
-64.924
-55.666
7.6666
65.266
82.62
64.646
69.623
17.877
25.091
-9.6716
10.27
15.537
-39.245
26.979
34.893
13.827
1.3613
-22.593
-2.69
17.769
8.5697
30.3
20.509
19.577
22.348
23.822
13.164
50.483
65.001
-3.7572
-60.642
-86.67
-64.486
-62.887
-34.092
-45.9
-62.331
-11.394
13.647
37.022
20.557
25.533
-24.932
44.931
23.047
-13.766
-42.219
7.6526
86.292
31.506
-25.444
-53.072
-54.105
42.979
42.723
29.355
20.036
28.36
NaN
NaN
NaN
NaN
-20.637
9.4593
84.076
44.129
-54.212
-61.539
-25.14
22.252
NaN
NaN
NaN
NaN
NaN
NaN
NaN
NaN
NaN
NaN
NaN
73.235
95.83
75.136
-2.8094
14.143
-43.012
-96.84
-86.293
-14.08
-15.192
-5.3644
15.325
20.845
-0.24386
10.589
13.166
-5.7118
-2.3085
21.692
44.306
36.904
-46.604
-59.293
8.0907
