-65.81
-13.074
11.285
41.149
76.382
-10.386
-33.424
1.4452
-11.193
-43.595
-48.958
-5.1623
-8.0459
0.58421
23.719
34.699
61.834
95.166
63.848
-3.6608
-58.344
-63.373
-5.5608
-40.546
-77.771
-52.412
-16.265
-16.207
-21.815
-5.0806
-4.0984
57.657
48.148
77.967
27.155
23.832
-9.2392
-22.274
-37.298
-7.8913
-55.209
17.96
21.029
18.586
26.566
NaN
NaN
NaN
NaN
NaN
NaN
-12.949
12.501
38.054
12.084
41.105
-9.3445
18.382
10.476
-5.6691
-45.816
-6.9569
8.0375
48.638
1.1753
-20.601
-41.928
-14.772
-42.705
-27.76
-9.5366
15.797
-6.8168
-5.6655
12.14
36.311
59.208
5.2922
-32.701
-8.426
25.824
20.308
34.711
4.9223
NaN
NaN
NaN
NaN
NaN
-12.874
31.525
43.524
32.741
-1.9951
-61.24
-19.147
-22.551
-17.65
-53.23
-52.07
-13.789
9.9853
17.399
17.051
10.382
53.368
116.82
106.69
11.404
-41.998
20.159
2.3099
-47.129
-79.019
-98.951
-73.258
-73.486
-74.707
27.556
34.963
88.279
53.644
26.498
-26.939
13.583
38.589
26.439
21.451
9.9731
11.13
-5.5745
-8.5448
5.5513
-10.063
-3.5646
-41.11
-21.822
-5.3639
16.239
27.501
29.064
-6.6124
21.347
17.528
1.7235
10.257
-25.383
-7.7578
18.579
NaN
NaN
NaN
NaN
-31.948
20.089
16.184
12.678
-57.266
32.144
79.904
81.941
32.384
-1.2065
23.802
NaN
NaN
NaN
NaN
NaN
NaN
NaN
NaN
NaN
20.802
19.59
6.0635
-53.146
-12.441
-10.844
19.318
15.779
23.567
26.305
-12.921
-25.218
10.862
-6.5481
-23.13
-1.5016
-2.5675
-18
-32.337
-0.68986
-6.3709
-7.4262
7.756
4.5936
6.5912
18.627
53.128
-8.1076
-42.745
-33.417
-11.972
-9.2912
4.3419
14.843
-2.1654
-0.096975
15.695
16.764
21.797
0.28731
36.303
35.255
2.6586
17.063
4.9068
36.91
NaN
NaN
NaN
NaN
NaN
-13.15
-5.9686
18.199
31.268
5.7433
0.10601
-58.866
-24.427
23.115
-11.331
-19.175
-19.546
38.242
48.408
18.695
18.243
29.66
20.513
-40.076
-38.645
-20.002
-11.253
29.627
25.053
6.2734
-22.273
-27.697
-17.631
-9.8688
43.653
38.959
