-56.226
-23.354
41.19
82.881
26.016
-37.133
-61.036
9.6806
2.1779
-12.138
50.98
99.757
96.438
27.88
-4.114
21.382
34.701
21.28
23.157
32.371
3.5091
-26.791
-78.207
-73.26
-42.664
-2.2689
5.5908
28.019
30.594
5.3394
4.1004
-1.4134
-25.439
-28.669
-9.5165
-36.48
-30.087
4.8079
-10.41
-73.705
7.9461
34.809
-29.932
30.325
31.243
26.04
29.346
-27.203
-91.34
-15.711
41.423
65.361
36.966
-11.555
4.1543
10.375
-36.004
-19.552
16.866
24.308
3.7927
-29.753
-19.222
16.6
49.966
28.552
38.266
0.86752
-26.563
-5.0675
-23.47
-34.467
-5.5847
15.173
39.554
37.523
19.228
-10.249
-27.853
-20.97
12.339
17.236
-6.4107
-11.902
-24.103
-8.1993
16.178
-5.3797
-39.995
-42.446
-24.702
-28.178
-7.6602
-12.791
-17.652
30.12
26.067
11.276
1.9522
-36.845
-20.6
39.587
57.261
45.865
38.177
-6.2461
-4.699
9.5438
0.96561
3.5004
1.0694
4.9442
-11.231
-27.711
-17.317
-23.317
-59.132
NaN
NaN
NaN
NaN
NaN
NaN
NaN
1.4901
-21.7
-6.6971
21.114
53.373
NaN
NaN
NaN
NaN
NaN
10.249
-45.961
-29.07
-20.495
-25.49
8.3546
-2.3
-12.59
16.882
-6.671
-36.825
-10.824
34.611
28.898
24.354
35.818
6.6136
-15.652
-17.775
-1.1277
19.353
6.3717
-9.0113
-29.879
-15.915
-28.49
-34.72
-8.221
-7.9079
10.192
26.929
22.02
6.9242
18.038
12.708
-0.46816
6.2652
-6.9147
45.81
53.49
33.655
60.605
31.249
-24.658
-30.93
-41.37
-46.478
-36.343
-19.196
-8.6637
-0.58939
58.648
70.383
34.086
-25.943
10.888
-50.336
-31.233
-62.496
-75.15
-56.244
-18.167
9.543
-16.114
-40.729
-13.814
-0.30459
8.1066
-14.585
-23.502
12.322
-6.8586
-38.62
-37.777
17.977
69.776
111.31
105.59
100.13
105.66
110.84
89.618
66.263
-31.172
-66.028
-7.5459
-18.449
-78.948
-75.703
-88.656
-32.41
-20.688
-78.437
-37.723
-18.985
21.781
-11.571
-9.6721
-2.3727
19.788
-3.9616
14.102
-12.409
-41.952
-36.601
-0.92605
