46.662
31.616
-7.0873
-10.849
-29.945
-28.168
-35.095
-41.052
-29.997
-30.351
-23.084
-37.927
-48.595
-28.27
-28.842
-27.009
-6.9594
-8.0541
-27.422
-25.451
-25.313
-20.606
-18.938
-21.996
-27.345
NaN
NaN
NaN
NaN
NaN
NaN
NaN
NaN
NaN
NaN
NaN
NaN
NaN
NaN
NaN
NaN
NaN
NaN
NaN
NaN
NaN
14.278
-10.346
-59.017
-51.98
-19.051
-23.192
-41.921
-35.622
-18.19
-38.625
-23.932
-22.788
-23.199
-10.969
-4.622
-36.097
-37.64
-26.096
-25.11
-18.286
-18.518
-0.090061
-4.3376
-20.503
NaN
NaN
NaN
NaN
NaN
NaN
NaN
NaN
NaN
NaN
NaN
NaN
NaN
NaN
NaN
NaN
NaN
NaN
NaN
NaN
NaN
NaN
NaN
-33.782
-19.123
19.473
-9.8947
-43.789
-59.824
-45.857
-32.757
-57.114
-49.127
-46.007
-33.714
6.1259
-0.58687
-19.587
-26.047
-36.394
-24.986
-23.647
-30.288
-23.476
-16.938
0.33144
-2.3146
2.891
NaN
NaN
NaN
NaN
NaN
NaN
NaN
NaN
NaN
NaN
NaN
NaN
NaN
NaN
NaN
NaN
NaN
NaN
NaN
NaN
-57.711
-41.424
-31.139
-23.35
-14.962
-11.052
-23.865
-25.276
-36.204
-62.197
-18.831
-7.7589
-8.5085
-23.402
-21.12
-15.327
-23.269
-31.64
-41.814
-38.979
NaN
NaN
NaN
NaN
NaN
NaN
NaN
NaN
NaN
NaN
NaN
NaN
NaN
NaN
NaN
NaN
NaN
NaN
NaN
NaN
NaN
-41.502
-28.586
-29.372
-17.304
-14.131
-49.594
-35.982
-30.84
-32.044
-47.296
-22.745
-9.1348
-21.417
-9.2055
-10.1
-9.6191
-6.5382
5.7102
-14.437
-23.431
-8.8247
-12.756
NaN
NaN
NaN
NaN
NaN
NaN
NaN
NaN
NaN
NaN
NaN
NaN
NaN
NaN
NaN
NaN
NaN
NaN
NaN
NaN
NaN
-31.132
-24.383
-11.689
-16.082
-25.166
6.1577
3.8623
-7.9992
-9.8563
-13.645
-16.813
-28.492
-31.65
-35.038
-39.549
-33.522
-50.615
-49.989
-36.638
-31.924
-34.938
-30.28
-26.159
-15.422
NaN
NaN
NaN
NaN
NaN
NaN
NaN
NaN
NaN
NaN
NaN
NaN
NaN
NaN
NaN
NaN
NaN
NaN
NaN
NaN
NaN
