-17.414
39.701
41.416
50.411
-30.013
9.2248
-19.76
-22.825
31.904
12.031
52.104
4.5173
83.619
45.661
52.025
0.78651
-10.429
27.264
-44.23
-77.285
7.851
50.898
13.881
95.045
-8.7369
-18.636
-26.367
-38.499
-10.524
21.344
22.107
-59.485
-31.751
-67.953
4.6981
0.093044
-57.014
35.16
-31.202
-24.764
16.802
-19.019
-35.463
9.4509
-56.738
-27.469
NaN
NaN
NaN
NaN
49.02
-7.3115
46.91
-9.4565
1.991
17.573
18.602
7.2377
-18.873
28.609
-57.934
39.593
-5.1271
35.186
26.812
-9.2303
51.957
15.622
32.821
-12.196
-0.73499
-48.761
54.589
-52.544
-16.069
-75.737
-54.135
-50.677
-43.106
-20.416
-5.4785
-8.3373
-58.667
42.489
11.665
28.936
31.771
-14.85
7.2785
28.559
44.437
83.079
25.128
-46.641
10.462
61.839
-34.113
-62.222
-6.7791
-1.8743
5.4174
-43.787
12.238
-14.043
-19.559
24.004
23.541
43.492
-53.473
38.053
17.079
3.5925
-19.968
31.195
6.632
2.6868
11.351
-43.56
-33.573
-28.412
31.737
16.525
60.149
-5.4837
33.604
13.729
-20.509
-2.2156
-80.194
14.462
-8.14
-27.761
-27.594
-19.84
-55.768
43.744
-56.357
-52.305
58.277
15.386
-29.809
-5.4351
-1.0553
-10.779
73.426
21.356
-18.247
47.161
17.474
NaN
NaN
NaN
NaN
19.059
59.129
-5.642
-80.032
-39.214
-46.23
54.772
-5.9819
-55.176
-23.907
5.7175
-36.197
56.798
-35.043
-37.299
26.919
-59.483
44.82
-16.486
-0.27139
4.1536
4.4393
6.971
12.593
5.8192
5.8067
20.976
27.083
-33.492
-5.808
-8.8468
-2.7443
-3.5791
15.807
-58.773
-11.269
-1.5794
-83.264
39.818
32.732
7.802
84.294
19.514
-43.798
-1.7617
-37.614
-48.13
26.457
24.294
-6.8971
53.279
26.639
26.101
56.04
-23.62
75.187
-33.219
-18.371
30.191
3.5844
23.41
22.315
9.3696
NaN
NaN
NaN
NaN
NaN
NaN
-41.031
-38.358
-54.382
-26.049
-18.293
-61.92
-27.416
38.436
46.145
28.981
76.498
44.088
7.8472
51.421
-3.7485
45.853
-8.4051
-48.193
-8.0453
-20.493
-48.962
63.293
54.13
-32.535
47.405
38.117
25.943
36.841
8.7883
64.86
50.087
75.451
-18.591
-40.9
-4.093
-97.973
2.3141
-57.806
-76.006
-53.293
-74.207
-23.951
-40.706
-71.597
-68.415
-0.13955
18.51
4.2582
10.173
8.1823
88.075
-61.775
36.482
72.69
80.326
19.249
16.995
-1.4692
29.356
-0.036354
-11.73
23.743
-2.5701
66.49
-14.479
11.416
-45.465
-4.686
42.755
15.356
56.452
29.341
37.747
-46.52
-70.445
-12.691
-11.564
-47.786
11.792
-25.732
-41.489
40.002
-37.765
-20.511
-1.2911
-4.0575
-51.201
-6.6764
-31.705
-62.868
-21.884
