0.7398
9.4424
14.392
21.898
20.663
4.9265
1.7295
5.94
9.4393
-16.125
-0.76904
6.5232
-8.6645
-8.8806
-36.775
-34.694
-18.633
2.9982
10.247
-15.93
-11.356
-10.514
5.5333
18.092
1.7347
-13.641
6.6112
18.291
14.149
-7.0417
-6.1774
1.6029
9.1084
10.302
7.0716
9.8671
-0.37712
-24.928
-25.638
-3.1338
10.77
2.144
16.909
24.028
3.4923
14.678
15.551
7.2646
-10.489
-2.0749
8.1114
16.465
16.533
3.493
-11.062
0.038639
-10.279
-17.69
-45.685
-60.965
-48.986
-24.571
12.077
16.854
8.6873
18.733
20.856
19.687
28.121
14.06
23.329
24.201
12.104
-10.222
-13.779
-3.9111
-6.4918
-10.391
-21.803
-35.34
-17.631
-6.15
0.5184
8.5694
4.2614
10.82
17.738
-6.4674
-3.897
15.111
14.634
32.542
10.006
15.74
20.32
7.2364
7.2205
-11.111
-16.158
-11.93
-31.085
-0.20161
10.803
-5.0534
-18.525
-24.037
-25.5
-25.124
-22.638
-28.321
-13.205
15.578
21.538
14.234
34.413
29.333
15.104
22.34
25.044
15.886
1.7525
-17.637
-18.043
-4.2579
-22.171
-25.01
-12.604
-7.6038
1.7038
4.0517
4.4808
1.3491
5.3596
9.8587
32.974
35.648
22.038
-9.9274
-12.306
-19.804
-13.659
-7.5909
-12.164
-11.514
2.9692
-4.9409
18.09
22.047
3.8838
-7.9231
12.989
-1.9914
-20.277
-30.803
-26.508
-4.5111
-10.805
14.588
5.6373
-7.2663
-5.7183
-15.69
4.5105
2.3288
4.8169
1.4846
6.0173
9.7242
5.2512
5.9898
13.842
24.835
19.531
4.3232
10.62
13.183
2.2559
9.442
30.623
12.538
-21.37
-12.474
-9.4064
-20.926
-22.131
-22.156
-8.6088
-3.0973
-23.411
-33.951
-16.16
5.2136
-17.769
-4.0747
15.499
-0.59043
16.844
3.7988
20.352
20.045
20.88
7.321
0.86448
29.908
23.21
12.909
-15.853
-23.482
-3.0176
-2.0757
-11.567
-22.957
-24.281
-30.941
-4.5434
9.8852
17.402
1.8652
-4.8864
-12.523
16.814
2.0408
19.831
20.03
26.266
11.408
22.502
23.085
NaN
NaN
NaN
NaN
-32.284
-0.2228
-2.3132
-1.4659
-13.42
-15.767
-15.734
-19.17
-21.255
-1.6801
-4.734
-3.1637
-14.352
3.4979
-6.3077
20.547
21.065
15.74
11.069
6.4205
0.48687
12.106
-0.13228
14.392
28.331
0.13279
4.0542
1.9924
-0.78543
8.774
-8.3567
7.92
6.3545
11.731
-2.4826
-0.17691
-9.1321
-18.073
-8.9147
-22.863
-39.141
-7.3235
-4.7371
-14.493
5.9851
-4.0369
0.15852
-3.3591
6.3579
21.786
8.6731
18.547
25.178
10.714
-2.3991
-3.7003
-9.1358
-6.4853
-32.251
-11.092
4.5021
5.1132
1.3537
-1.0002
-18.239
-11.391
-5.9145
6.9203
20.307
22.4
