24.251
3.1566
-15.756
15.546
-8.129
1.3891
0.094782
-2.0145
8.3708
17.491
5.8722
-13.329
-15.161
5.168
2.2844
-1.3835
2.8067
0.42042
-12.627
-2.5274
-2.2609
9.1162
-4.1777
19.404
8.601
1.3429
2.7877
3.7737
-9.8469
-8.0416
-0.44755
-2.3031
-9.2964
-3.0084
8.1365
10.049
-14.924
4.5505
7.5206
-18.249
2.5948
8.5568
2.023
2.1037
9.5574
23.399
-4.1302
-32.464
-26.274
-6.2179
0.94979
-12.475
6.5732
4.5536
17.793
5.8884
-3.462
-13.812
14.379
27.103
14.513
5.8301
-0.70647
-3.6537
14.921
-3.6793
-11.29
-19.065
-15.989
5.8238
14.492
7.4009
-4.9979
3.9354
-10.114
-5.5761
-25.776
0.59605
4.2728
24.809
13.26
-20.92
-22.75
-4.955
9.106
13.007
-1.409
2.6585
3.6186
-1.8197
1.7605
8.6819
-30.466
-26.394
-12.639
1.6709
20.212
10.231
-8.802
10.214
9.0288
12.611
12.919
7.5584
-5.8826
-4.9906
-2.6894
-2.5396
27.456
22.265
2.2146
-19.763
-20.789
4.2059
3.0367
-3.3278
6.2548
11.035
15.348
-11.003
-8.4953
-25.299
4.7543
-5.727
-8.4267
16.317
11.816
18.952
-15.802
3.4172
18.437
3.0176
-28.828
-6.8349
4.5433
-27.35
-65.312
-52.426
-23.541
-9.6717
4.7806
21.713
25.073
19.369
18.865
23.888
10.536
21.399
32.08
13.608
12.888
30.018
-0.53242
-6.6312
5.1825
7.8784
14.126
14.443
3.0403
-19.133
-25.269
4.5652
-25.023
-17.365
0.22595
-0.36516
16.233
7.9211
-11.321
3.5432
-21.802
-19.437
-33.185
-33.942
-17.274
-4.7501
-14.907
-11.231
1.1839
-0.60807
10.528
16.126
-11.373
-15.05
5.1827
20.023
18.95
27.74
29.84
26.975
27.149
-2.8535
9.0781
16.096
-7.6829
-6.8368
-3.7885
4.2932
-2.0466
9.5456
5.5639
9.3226
21.412
19.022
4.2051
-6.8315
-11.946
-29.66
-14.518
-33.355
-23.536
-36.112
-12.074
-1.805
-12.053
-23.678
-32.386
-30.844
-9.4801
5.8696
-11.124
37.814
40.071
32.825
37.465
11.162
26.106
29.106
6.566
-2.5164
8.6769
1.9087
-15.604
2.3876
-18.682
-7.7796
17.289
9.4457
6.8634
-5.905
-18.934
-10.271
-23.428
-35.963
-11.355
10.161
15.671
-12.546
