-4.4284
-17.693
-9.1464
-19.899
-16.15
5.4
14.308
2.5076
18.685
29.416
10.101
0.071255
-0.48386
-4.4014
-15.973
16.093
11.894
12.853
10.729
16.101
18.363
29.453
8.9069
-4.9223
-27.459
-19.598
-12.607
-18.538
-16.849
-20.51
-4.8493
-2.3616
-6.8612
9.8935
26.705
7.3429
-3.1437
-7.6804
-9.0894
3.3584
-1.6599
3.3351
4.8678
0.81089
-2.8751
-10.82
-8.7886
-0.57614
9.1392
8.306
-16.71
-19.85
-12.184
1.2557
23.753
21.557
16.955
2.8576
10.356
27.16
36.483
2.6978
-17.322
-19.916
-4.1053
-1.1133
-18.917
-10.314
4.5877
3.598
6.5753
-12.749
-9.6642
-15.646
-0.48313
-14.771
-27.835
-7.9664
-7.3383
-4.7525
-6.4092
6.5738
23.638
6.3579
11.957
6.1708
16.922
12.003
4.1419
8.3865
-7.0703
5.3792
18.015
23.892
8.1052
-5.1712
-13.982
-13.99
6.9087
21.296
7.3061
-3.0396
-18.634
-19.836
-23.326
-17.865
-4.1926
-4.6216
-12.254
-17.889
-15.825
3.3162
27.464
19.623
32.413
0.15585
-29.428
-33.3
-27.116
11.701
20.89
7.7097
-3.2673
2.61
19.421
26.086
24.281
25.747
6.3709
-8.8547
-20.089
-15.357
1.8713
2.3511
14.537
2.1793
18.472
7.4042
-20.691
-25.706
-15.361
2.5484
4.6014
-13.209
-22.274
-12.589
-2.9307
-6.2458
-4.2044
2.15
27.184
10.601
-6.6469
-4.8806
-14.852
-1.3529
5.1533
12.07
28.242
8.522
-6.0822
-6.0697
7.7968
-0.69422
3.6563
NaN
NaN
NaN
NaN
-28.03
-5.0888
10.639
20.338
8.0696
14.885
4.8268
-17.846
-13.545
-12.904
-13.27
-20.366
-1.7574
21.477
21.993
31.675
31.028
34.283
21.863
-16.504
-46.021
-10.972
-15.425
-19.358
-20.538
NaN
NaN
NaN
NaN
10.055
-7.8975
-8.3907
3.7518
28.349
31.098
29.231
17.571
9.5638
14.876
3.4071
2.2542
4.5281
-3.2977
12.27
-2.7052
-10.115
-7.7947
-6.3761
-13.636
2.0624
-5.1146
-2.9543
1.1702
-11.067
-1.7525
-2.6767
-6.9329
-11.278
NaN
NaN
NaN
NaN
-9.6513
-0.18024
20.061
19.088
-7.9107
-23.208
10.903
14.702
33.174
15.5
38.821
23.747
-15.432
-22.151
-26.5
-5.8376
8.3293
9.6415
-8.2983
-13.999
-34.522
-27.142
-10.838
-1.8699
17.625
15.415
9.94
-6.3029
-5.2019
-3.3264
-4.8055
5.8854
0.37033
9.7203
3.3784
-6.2573
-3.2273
-9.0256
2.5161
16.556
18.313
18.852
20.661
8.4767
1.9566
-13.707
1.9781
6.5903
-9.0803
-32.514
2.3418
-7.6325
-2.1305
5.4865
-10.539
-9.4182
5.5068
-23.595
-10.12
-9.6691
0.88714
20.188
14.603
10.177
6.21
21.416
32.654
22.593
-7.6649
-20.95
-17.632
-47.756
-16.312
-46.012
-12.636
-2.5202
-9.4237
9.9468
22.382
19.978
16.995
26.053
25.504
16.405
15.082
6.7621
9.2966
-6.4151
-5.1194
-13.509
-12.6
0.67267
6.0988
-3.0268
-2.7202
0.3422
7.7325
-1.3985
-13.301
1.5013
3.5733
-19.162
-20.54
-9.2397
