-16.855
-10.44
0.017254
-3.0047
-19.617
-15.363
1.3272
9.0333
21.083
0.76268
4.5074
-5.9444
0.84124
-1.0941
10.032
4.5424
2.9825
3.1358
4.9489
19.623
-1.8283
10.155
13.945
11.287
-25.66
-10.64
-11.057
-6.8797
-11.419
8.7021
-18.245
-7.5306
18.685
-12.005
0.95981
-3.8484
9.5888
35.675
-0.44865
-1.56
5.7455
17.2
15.62
-4.4271
-6.9776
-3.8505
NaN
NaN
NaN
NaN
-5.0383
-5.7798
-2.5271
-19.496
0.68571
-9.5136
-1.4281
15.994
9.2722
2.745
-13.001
11.556
-7.0563
-11.576
-20.836
-5.4094
6.6098
2.6264
15.55
31.724
11.625
23.801
47.042
43.179
5.5538
-17.801
-21.253
-30.551
-9.8297
-1.6605
-8.6982
-22.29
-23.696
12.725
4.2794
-1.0741
0.39491
-17.153
-22.615
-12.484
-1.3085
-3.1387
5.3123
-9.9112
-3.2111
-5.065
14.438
14.531
15.988
-1.511
25.49
9.0718
20.889
-7.0714
1.924
-3.6692
3.0123
7.5583
-5.6986
0.3604
2.6335
9.2129
-9.1712
-14.746
-15.551
-2.9765
-12.793
21.613
6.138
-6.7685
-5.6925
-8.3998
-2.4209
3.3858
-2.4872
-11.294
1.5185
-2.1208
-14.073
-4.4046
-2.0872
0.80728
-0.26991
-5.9243
4.5669
17.918
14.019
18.582
18.575
12.574
22.792
20.526
-0.23924
0.10251
-1.3573
-17.322
-23.45
-5.8611
-16.455
NaN
NaN
NaN
NaN
-14.639
-14.109
6.2264
4.1856
9.3773
0.99251
10.238
10.491
-3.7168
-5.0308
7.9676
2.0196
-5.2342
0.76642
4.618
19.24
16.46
5.3758
16.448
19.343
18.674
-16.408
4.8172
7.0826
-6.5387
-24.906
-34.73
-24.242
-23.014
-4.7504
33.185
37.394
27.947
-0.76734
-30.169
-9.6038
-17.245
-18.777
-10.21
-17.691
4.7218
23.81
8.9705
1.9896
2.041
-21.715
3.31
0.56616
-21.959
3.4108
2.6515
8.828
23.269
17.596
6.794
-19.383
-21.263
4.4728
14.808
20.457
37.349
37.022
25.597
NaN
NaN
NaN
NaN
NaN
NaN
-31.457
-27.916
16.598
27.492
3.9055
6.2336
16.789
8.3976
-30.715
-32.76
-15.955
-4.0223
12.425
0.53122
-3.0464
-3.6699
-2.2218
5.3986
11.718
1.3346
-5.543
6.2802
3.4911
1.3873
-2.7564
-8.7679
-7.9543
-6.5575
11.837
21.707
13.341
-3.8384
1.991
14.013
17.913
3.3389
16.713
2.8088
-5.7104
-2.8753
3.2442
-5.8378
-9.3866
0.19039
-12.114
-10.098
-22.041
-3.7672
15.588
5.1696
3.2209
-35.514
-18.697
5.9837
15.178
0.53743
-11.819
-10.182
4.7999
-23.564
6.7764
6.6153
-1.7492
-1.743
-7.8459
-2.4567
-5.1321
16.592
46.322
28.192
15.586
6.9146
-10.928
13.677
-1.908
-3.1551
-3.2619
-9.4462
-15.49
-3.9095
-5.3697
10.535
7.1315
-2.4627
3.1673
8.8524
-3.4237
-10.39
-27.224
-0.39322
13.405
