-19.284
-5.7383
6.5862
-5.2894
12.66
7.3657
12.744
3.7329
-8.3698
-4.5166
9.9785
21.75
30.555
11.374
0.94787
-9.5855
-14.852
-19.497
-5.486
2.156
4.3365
-12.3
-6.4116
5.0786
-5.0087
9.9204
19.22
17.263
2.8839
1.7584
-8.8026
-8.0875
-11.884
-5.2728
-2.3798
0.3356
14.34
-2.4235
-7.6961
1.6006
-4.3194
-12.458
0.31836
-4.2862
-18.964
-6.6073
12.076
12.487
18.706
21.613
3.4345
-3.121
-6.6313
0.29149
-3.9003
-8.662
-7.4204
-11.714
4.4447
-19.927
-22.691
-12.647
-1.0414
-3.0192
10.46
15.828
30.702
34.356
29.089
-2.016
-17.147
-29.101
-13.506
3.2493
8.7758
18.497
38.269
23.741
-4.3717
-19.512
-14.881
-19.61
-7.0672
-25.116
-15.638
-3.9884
1.916
-4.6992
-8.8614
-10.969
-0.5282
-2.5078
12.905
23.467
20.78
4.407
5.081
2.7705
-1.1436
-1.9041
1.214
-14.085
-3.0043
2.8642
19.392
30.169
2.3518
-28.227
-9.1977
-12.212
-10.316
-3.8296
-8.8454
-9.1185
-6.0694
-7.6138
4.333
5.3782
-11.392
3.8424
29.711
35.341
24.28
5.0085
-7.1706
-9.9937
-24.861
-28.81
3.7591
-1.3294
-16.933
-21.847
-22.887
-22.107
-7.318
22.395
45.715
47.666
50.297
29.289
10.307
14.587
23.368
12.151
-17.994
-23.855
-33.207
-36.627
-26.208
-9.5162
-18.49
-21.586
-10.352
-2.0509
-0.73481
-5.1338
-5.9126
-6.0332
-4.1
-9.4277
-6.0795
-10.203
2.2843
-4.0046
9.5506
26.287
40.982
40.558
6.485
-2.6607
1.8767
7.9037
19.787
15.575
-2.1791
-4.9652
2.3543
-3.1399
-18.414
-21.248
-11.951
11.395
22.596
9.4728
-1.4051
-6.6345
-14.038
-8.008
-5.9622
-17.272
0.76837
10.713
13.874
-21.847
-15.983
3.7756
5.3904
-10.847
-10.299
-7.1632
-15.02
-15.683
-0.002576
4.4141
0.69793
13.877
18.104
-3.9818
-1.3718
6.975
8.1889
-0.12579
-23.851
2.1116
9.1505
18.084
30.457
23.587
12.466
16.814
7.7246
0.73551
-9.7111
-29.578
-15.507
-12.916
0.98299
-8.2592
-8.7829
1.8518
10.756
4.9612
-9.3056
7.7364
14.99
-0.45076
-11.975
-14.975
-13.368
-9.8474
1.5207
9.7857
14.078
18.167
3.5994
-18.109
-24.896
-7.8352
