NaN
NaN
NaN
NaN
NaN
NaN
NaN
NaN
NaN
NaN
NaN
60.181
25.06
11.608
12.125
-11.126
NaN
NaN
NaN
NaN
NaN
NaN
NaN
NaN
NaN
NaN
NaN
NaN
NaN
NaN
NaN
NaN
NaN
-57.134
-83.794
-48.128
4.1548
-66.911
-40.498
70.653
83.24
82.831
84.166
52.312
49.501
27.245
-33.563
58.576
13.785
15.318
-93.088
-18.387
-30.344
5.1623
-52.699
-13.794
-38.067
-13.525
-24.84
55.949
-56.223
36.173
NaN
NaN
NaN
NaN
NaN
-9.87
-30.963
-28.702
-12.536
67.76
-39.884
-28.894
-50.159
42.985
36.052
37.046
-4.1825
-57.194
3.6178
-30.696
-34.613
32.333
36.283
-8.0644
-17.378
10.618
41.909
41.94
-0.99469
51.547
6.3803
NaN
NaN
NaN
NaN
-2.699
41.09
-30.516
22.825
-28.575
-48.65
4.4682
-60.637
-44.115
-68.728
-58.476
-3.3469
-2.05
-86.303
-50.181
-94.386
19.299
-27.447
72.22
80.671
103.98
109.29
64.734
-27.995
19.399
3.3275
-3.9967
7.7594
23.836
-95.712
24.207
-12.956
33.813
17.743
-16.825
28.324
80.019
23.637
-49.031
-7.1955
42.571
-8.1556
NaN
NaN
NaN
NaN
NaN
NaN
NaN
NaN
NaN
NaN
NaN
-15.852
25.639
3.9306
37.144
-3.6365
-11.787
51.18
67.702
42.997
109.13
-27.917
55.453
-20.382
-42.259
-27.215
24.209
-23.832
NaN
NaN
NaN
NaN
NaN
NaN
6.9603
35.7
94.138
-12.212
22.168
-30.158
14.447
-7.164
-111.92
-103.43
-12.917
60.62
-4.7059
17.62
-6.9457
49.235
-38.577
-31.036
NaN
NaN
NaN
NaN
NaN
NaN
-13.453
33.288
91.855
24.652
38.499
85.793
1.9788
1.1579
17.343
47.552
13.616
-35.176
-0.16723
8.7405
-58.149
-63.501
11.311
-66.018
-25.116
-2.8724
NaN
NaN
NaN
NaN
9.2841
34.232
21.123
7.4246
69.249
2.602
-41.918
38.271
-25.05
-42.311
14.964
-47.81
-32.51
41.479
-18.608
4.3068
44.871
-32.223
-8.9722
2.3042
30.629
-18.592
13.476
-18.432
23.414
-5.9741
2.4121
23.712
22.411
-6.4682
2.6177
51.265
10.565
19.038
-12.434
-1.2882
-33.048
-6.0305
-11.079
-3.565
-14.285
-24.944
-15.336
NaN
NaN
NaN
NaN
NaN
NaN
126.8
53.544
6.6738
-16.866
-27.154
-61.481
56.291
40.432
59.343
-42.769
-23.082
-9.6735
24.857
-24.321
-36.456
-18.121
25.391
24.781
-23.97
86.865
5.3994
-38.539
-16.369
12.895
-46.6
-33.607
32.895
15.181
NaN
NaN
NaN
NaN
-16.938
-52.251
15.652
15.294
-15.847
-11.702
-26.41
-23.705
15.497
-28.507
