NaN
NaN
NaN
NaN
NaN
NaN
NaN
-7.1705
14.711
-3.3226
37.124
33.117
27.395
54.264
10.715
18.103
-0.40483
-8.741
-7.772
-10.663
-0.89681
3.6578
0.48815
0.51875
-0.049002
10.15
4.2647
18.174
-8.3836
17.715
NaN
NaN
NaN
NaN
-44.498
-14.93
-3.1826
-6.3364
-10.928
-12.864
8.0787
14.756
11.639
6.2723
1.3499
1.5393
-11.636
-16.517
9.5958
1.0467
-4.0988
12.997
20.878
2.4594
26.63
-5.7073
9.3175
15.66
0.91746
13.723
16.993
2.5422
-2.3091
1.0604
16.641
1.7524
-6.5787
13.876
1.8266
-3.8014
11.755
1.5632
NaN
NaN
NaN
NaN
NaN
-14.152
-54.621
-14.918
10.954
3.7967
19.524
10.085
9.7425
18.649
14.309
-4.1481
-1.6914
-34.266
10.231
0.80791
14.942
29.811
38.408
30.924
20.545
-22.199
-43.338
-22.536
-6.4238
-6.8864
-3.6546
-0.31684
11.896
12.612
-20.623
-22.579
12.392
-3.8105
-6.36
-7.9143
20.569
15.226
11.707
10.092
-10.851
2.6538
7.244
7.4124
20.145
17.341
10.658
-0.42809
-6.579
-19.812
-9.5994
6.9796
-14.558
NaN
NaN
NaN
NaN
-5.976
-29.829
-53.155
-47.01
40.273
20.812
31.606
27.38
20.167
27.382
8.7194
4.3149
19.152
-2.5842
15.68
-12.407
-7.5477
7.6069
-17.908
-4.2321
-7.1324
-23.592
6.2578
55.324
37.441
-0.34363
-9.1439
-19.141
-16.421
-7.8012
-8.8469
-11.174
-11.616
-16.242
16.336
-10.23
-23.334
-7.8815
-24.896
-31.05
3.7985
18.968
17.713
28.1
29.25
-9.2033
21.959
42.613
15.312
-0.99346
-11.483
6.2237
18.14
-3.4875
-7.6588
-23.255
-15.189
-5.2312
-1.9091
2.3644
-4.1799
-8.5654
-33.111
-6.8898
-14.242
-59.379
-22.198
8.5682
17.768
11.311
35.917
20.072
24.514
6.2026
5.3466
13.577
5.1483
22.799
-18.431
3.5474
4.4792
-10.954
-26.983
-7.0766
17.872
32.323
39.262
-9.9782
-1.2749
-11.451
-20.172
-4.1849
17.542
-36.646
5.9685
8.3139
-21.027
NaN
NaN
NaN
NaN
5.3729
-9.6801
3.2046
19.555
-3.2961
12.199
20.8
1.9072
-13.361
-24.418
20.322
12.675
17.322
16.44
-23.838
-25.188
-12.396
5.4576
-3.2614
-8.8311
13.905
11.663
23.705
27.633
-5.3015
-44.193
-6.4275
-19.672
11.643
42.08
NaN
NaN
NaN
NaN
NaN
NaN
NaN
NaN
NaN
NaN
NaN
NaN
NaN
-16.611
-37.052
-35.667
3.7764
47.317
47.298
21.574
-3.5399
-30.881
1.9985
6.9133
-27.802
-19.83
13.485
8.0167
-24.877
7.1082
2.0387
-8.9237
-4.4101
14.458
14.431
7.1
12.315
23.358
2.7756
-15.926
-5.4808
-0.1676
3.2995
21.957
-0.82847
-2.0185
-5.5694
-1.1033
-5.4709
NaN
NaN
NaN
NaN
NaN
NaN
NaN
NaN
NaN
NaN
NaN
NaN
NaN
NaN
NaN
-5.6012
-5.7833
-48.693
1.7871
6.9753
16.653
26.636
37.193
37.856
-7.6946
-13.674
-23.055
-2.3393
14.214
28.998
10.652
5.1301
2.2325
25.417
9.7957
-19.533
-37.746
-10.296
3.5407
3.1494
-2.0566
-1.0262
40.692
9.8944
10.038
18.561
30.093
-7.7513
NaN
NaN
NaN
NaN
14.692
-15.466
-31.504
-20.461
-1.4779
18.356
-1.953
-24.863
-22.393
1.6106
0.50462
-33.524
2.373
