NaN
NaN
NaN
NaN
NaN
NaN
NaN
27.713
68.968
20.644
-1.3238
-5.9683
28.622
13.414
-5.9804
-10.147
-4.3797
-1.0175
-11.928
-23.55
-12.726
9.3196
4.347
-5.911
-1.5348
1.4539
14.09
-10.887
-29.192
2.793
NaN
NaN
NaN
NaN
-44.888
-8.2335
13.505
-2.4365
-6.733
7.1017
29.63
9.035
-17.746
-15.309
1.88
28.231
32.844
54.464
45.899
-4.3109
-34.897
-0.52078
4.6568
-11.905
-5.1858
-7.2106
6.6686
5.1159
1.753
7.3098
-1.0044
-17.602
4.3886
-9.3431
-1.6011
4.458
27.504
31.649
-29.875
-32.214
-14.727
17.302
NaN
NaN
NaN
NaN
NaN
-11.957
-61.292
-59.104
-31.081
-25.903
-10.168
6.8885
12.115
0.93474
-20.276
4.6156
1.6521
-26.368
16.102
32.569
46.508
34.162
28.463
26.693
13.533
-3.2395
-6.9326
-5.7666
17.654
22.443
23.647
0.8736
-27.871
-49.36
-42.087
-26.938
-8.317
1.6721
0.55999
7.8686
32.529
9.4488
12.078
3.2315
-7.169
1.2224
-9.6189
-14.519
-2.8109
13.656
24.614
10.948
5.1781
-0.30356
-5.3523
-12.53
-39.102
NaN
NaN
NaN
NaN
8.1866
1.6204
13.215
5.9218
13.143
-7.3991
19.531
19.013
31.359
21.037
14.258
2.2873
8.3013
-9.0517
0.747
-22.17
-1.8375
-11.362
-24.32
-2.18
6.7341
-20.711
-0.65708
35.46
39.193
33.629
22.237
4.6615
-22.649
-5.0482
8.9719
-22.055
-18.588
31.846
18.283
-57.571
-67.887
-15.807
-28.245
-42.976
0.0018945
25.445
18.5
24.21
19.711
-15.447
10.449
15.329
11.793
4.4987
-14.949
-0.9212
-12.454
-11.976
16.54
13.519
10.491
24.108
32.448
26.124
24.139
7.2702
9.3293
4.0678
-28.502
-42.752
-48.653
-15.114
-28.353
-15.587
6.7647
-2.0222
18.347
13.583
-10.452
-13.998
-0.9965
22.996
15.056
27.719
32.655
-18.571
-30.097
-16.968
8.9116
11.827
2.7208
0.57346
17.629
-6.3849
-28.585
13.804
28.783
-33.311
13.886
4.8426
-31.144
NaN
NaN
NaN
NaN
-5.9401
-50.809
-40.162
10.583
5.0099
12.468
12.012
-13.398
-39.67
-24.332
9.095
12.688
2.7564
14.117
-11.753
-13.91
22.41
35.114
30.708
2.288
24.997
23.191
35.439
20.954
-22.076
-45.182
-51.999
-51.569
-6.1317
14.378
NaN
NaN
NaN
NaN
NaN
NaN
NaN
NaN
NaN
NaN
NaN
NaN
NaN
9.6186
-61.031
-48.988
21.563
43.363
26.489
0.020432
-15.204
-35.739
-24.334
24.454
20.886
4.175
27.856
18.076
2.5569
-5.3426
-15.603
-35.42
-12.128
-7.3284
17.04
18.056
1.2986
-0.52296
3.5483
-4.6556
-2.7683
13.206
8.2521
29.661
23.977
33.784
22.873
22.801
18.47
NaN
NaN
NaN
NaN
NaN
NaN
NaN
NaN
NaN
NaN
NaN
NaN
NaN
NaN
NaN
21.073
6.1602
-10.797
8.5287
-17.547
-2.1731
5.0228
25.391
26.42
0.65305
-3.9176
-8.0102
9.5537
49.075
59.281
54.506
46.188
-8.1838
-7.1532
5.206
4.8045
-40.906
-36.134
-25.272
-12.807
-6.4925
16.055
20.887
-4.9262
-12.441
-9.1606
-3.0649
-9.7984
NaN
NaN
NaN
NaN
-13.457
-12.061
1.4244
-0.95924
20.12
19.113
7.7454
6.7786
3.6876
4.1081
-27.937
-34.594
8.1958
