NaN
NaN
NaN
NaN
NaN
NaN
NaN
22.01
38.44
-27.95
-42.294
-48.38
12.341
-17.035
-41.584
-1.8428
25.073
15.703
2.8601
-3.4986
1.709
54.67
4.1481
-24.132
-2.8451
14.014
4.0607
-27.799
-35.325
-26.373
NaN
NaN
NaN
NaN
15.073
-3.5647
12.807
8.7344
-4.9695
-9.8074
-34.544
-44.413
-38.63
-3.7671
-20.308
31.298
57.951
64.973
42.133
-3.5719
-39.191
2.383
-0.71382
-36.775
-40.998
-24.869
10.786
-5.7136
-7.4734
14.084
-6.5769
-37.839
0.84185
-0.61627
15.964
36.234
72.786
42.503
30.558
1.7955
-31.343
-6.0514
NaN
NaN
NaN
NaN
NaN
15.165
-60.09
-43.94
7.7362
-6.0598
-20.286
-25.368
-9.9147
-15.455
-31.056
-8.3146
14.479
-23.02
22.402
26.843
54.783
1.9446
-5.4311
-3.2171
22.369
14.233
28.002
52.251
29.065
5.0977
6.2175
-19.732
-32.756
-41.768
-45.393
-5.9668
2.2487
-14.59
11.469
24.758
29.27
-2.1632
-13.824
10.235
24.47
3.3727
-35.146
-24.116
-25.613
-26.952
3.399
20.884
6.4891
25.053
35.11
16.331
-12.468
NaN
NaN
NaN
NaN
-7.2122
12.09
-0.30888
32.691
0.48436
-22.159
-4.6127
3.706
21.371
6.3067
-14.547
11.26
-21.348
-9.2967
-10.657
-29.051
8.6896
-9.4302
-10.507
20.389
12.657
-9.3198
2.9316
22.3
43.58
38.114
24.404
24.101
17.965
21.702
-7.0198
-32.093
-17.171
3.5926
-0.10406
-53.351
-54.319
-2.7957
9.4883
-22.532
-3.3248
7.2197
-10.544
-4.3761
25.417
-22.65
-21.957
-20.042
13.79
-2.6619
-28.161
-9.7749
-14.199
-28.51
36.963
42.613
39.696
41.839
29.014
52.686
37.084
-5.1155
-3.1598
11.588
3.4661
-14.384
-32.567
-14.601
-35.237
-20.504
-35.206
-3.3478
18.348
-14.019
-47.431
-21.094
-1.4294
30.7
11.744
15.224
5.6032
-3.2377
-25.829
7.0868
-6.4036
4.9099
16.195
15.196
49.313
44.661
13.898
-3.773
37.631
-39.691
-22.46
-37.662
-57.034
NaN
NaN
NaN
NaN
-37.208
-76.291
-35.296
15.189
-5.1895
-5.2735
-14.345
-4.8862
-8.596
0.44974
23.694
9.4444
-16.601
7.8082
3.5072
10.579
27.642
50.875
17.258
-8.3645
28.637
45.736
42.39
30.589
16.266
-44.436
-34.736
-35.053
-25.936
-41.678
NaN
NaN
NaN
NaN
NaN
NaN
NaN
NaN
NaN
NaN
NaN
NaN
NaN
19.673
16.988
-29.241
-5.4067
15.906
7.4606
13.325
37.056
25.751
3.1516
33.849
-2.5346
1.7855
3.9276
-2.6097
7.8745
-28.531
-43.058
-59.109
4.4084
-0.35302
11.258
30.658
6.6811
-8.3168
0.30373
-1.8765
-11.816
15.94
-10.779
-3.6008
13.905
55.051
24.772
33.508
45.061
NaN
NaN
NaN
NaN
NaN
NaN
NaN
NaN
NaN
NaN
NaN
NaN
NaN
NaN
NaN
43.153
40.347
-3.8999
1.7622
-7.7865
13.684
-21.814
-21.085
8.2916
10.279
29.668
-23.906
8.2183
29.178
32.262
7.0737
4.3043
7.0433
32.712
27.998
13.165
-12.05
3.7817
-18.303
-0.84063
12.284
-1.5159
-22.336
-59.71
-46.693
-25.541
-7.3238
-5.3776
NaN
NaN
NaN
NaN
-30.274
5.6968
39.545
16.151
12.829
-7.8656
-1.4807
17.565
31.803
9.2557
20.611
15.344
37.209
