-92.184
-58.124
7.1059
-4.2698
30.246
27.763
29.511
47.858
29.814
-16.293
-33.362
-5.3701
-23.589
-10.145
-8.0571
-5.2266
-18.043
-30.725
7.9407
-1.9724
21.279
4.2814
-4.6714
5.6169
2.0339
5.8741
30.591
23.429
20.422
-0.61683
-3.4474
5.6475
10.704
-34.022
-19.718
-27.671
-9.6601
-6.8323
24.525
14.632
19.569
-22.168
-25.658
-12.832
-7.8216
-7.8773
4.4086
20.123
7.4471
20.818
-3.8641
36.783
11.663
-14.334
-22.903
-20.105
8.2241
7.7083
1.5152
25.58
-0.33725
1.243
17.197
-8.0317
-31.408
3.0835
-4.9464
-2.1356
-5.1997
-19.032
14.848
-8.5051
6.9273
16.482
-7.8615
-19.224
-27.402
17.722
-14.971
-5.5361
-6.9543
-8.5573
34.897
4.5254
-14.112
-4.2257
2.014
10.786
16.935
48.403
6.9999
-12.543
9.7093
-3.1321
5.1755
5.6487
-5.1717
7.0323
19.443
-3.7894
-21.411
-4.7306
9.8355
-30.481
-52.467
-9.1735
-31.629
-20.005
25.495
-11.655
23.156
41.767
1.9704
18.902
0.79134
13.059
18.875
-8.891
11.629
-1.9009
-24.546
-13.308
-8.8992
-14.884
-1.7207
-23.98
-6.817
-1.5155
-15.435
2.0829
66.015
14.071
-22.506
3.6041
15.456
19.882
34.634
5.9647
-1.1451
-18.833
1.8787
-23.151
1.8615
-30.028
7.5581
1.1523
-2.9704
-7.1548
-22.722
1.4424
2.9246
NaN
NaN
NaN
NaN
NaN
NaN
NaN
NaN
NaN
NaN
NaN
11.607
-18.127
8.7648
-12.568
4.8063
11.018
8.1602
-11.952
-4.0706
-10.487
-1.4974
22.532
13.881
-14.645
16.782
-8.3373
-0.47119
9.3679
-46.232
-28.397
-4.4978
-12.556
NaN
NaN
NaN
NaN
16.08
34.384
1.524
-5.4604
-16.796
2.6255
NaN
NaN
NaN
NaN
-2.2852
2.0248
3.0212
8.2387
8.8727
-30.174
-29.295
NaN
NaN
NaN
NaN
8.3464
-12.965
24.999
-8.2291
-4.5251
-36.726
-0.84679
8.4427
1.9332
-11.194
-7.9642
27.041
15.873
-8.4636
-8.9082
28.806
51.734
NaN
NaN
NaN
NaN
NaN
NaN
7.0173
1.2044
-2.8634
-2.8194
3.0253
6.0325
-17.282
1.7771
1.786
17.066
NaN
NaN
NaN
NaN
NaN
NaN
NaN
NaN
NaN
NaN
NaN
NaN
NaN
NaN
14.856
15.592
12.67
35.919
36.319
2.1177
-2.1831
58.074
-29.432
22.523
29.339
-17.637
28.496
-0.54307
1.9759
6.6653
-6.0185
-4.4556
-11.126
-86.057
-14.022
27.725
-20.837
NaN
NaN
NaN
NaN
6.0292
28.928
-7.0651
-19.434
-40.926
-9.701
-11.589
-6.341
17.011
3.1686
-6.7133
12.476
-13.053
6.8245
14.782
22.387
NaN
NaN
NaN
NaN
NaN
NaN
NaN
NaN
NaN
NaN
NaN
NaN
NaN
NaN
NaN
NaN
NaN
NaN
-17.633
31.62
14.776
-32.866
5.5483
-25.685
17.201
22.138
-14.206
10.624
-12.621
NaN
NaN
NaN
NaN
8.4085
21.745
44.909
-5.2205
-14.48
-49.292
-29.213
-8.7764
NaN
NaN
NaN
NaN
NaN
36.531
5.4874
53.07
-2.5172
1.0796
23.191
-6.9552
-0.88376
-1.886
