NaN
NaN
NaN
NaN
NaN
NaN
NaN
NaN
NaN
NaN
NaN
24.224
14.12
-1.4244
39.222
44.441
NaN
NaN
NaN
NaN
NaN
NaN
NaN
NaN
NaN
NaN
NaN
NaN
NaN
NaN
NaN
NaN
NaN
-34.42
-28.416
-31.052
-26.052
13.801
-7.1301
23.413
15.629
-7.3557
-13.203
17.72
37.132
35.964
10.16
13.974
8.9914
8.5967
-15.761
-35.117
-36.318
-1.1515
4.4278
-17.606
-52.862
-0.032103
-2.1665
1.9917
28.241
33.256
NaN
NaN
NaN
NaN
NaN
14.144
-21.386
-24.717
12.506
32.391
32.874
0.35951
-13.095
-19.115
-2.8232
-12.918
-36.131
-26.628
9.1005
-2.5049
-5.9707
23.383
-3.9668
-32.592
-20.242
0.44325
10.106
33.38
18.686
-3.6914
9.3505
NaN
NaN
NaN
NaN
2.7969
2.1527
-21.432
-3.6618
7.3756
-20.937
1.1059
2.5411
-17.99
-17.193
3.7069
35.393
-26.753
-29.186
-8.4849
-27.883
-28.216
-11.616
4.3943
13.748
31.717
49.852
44.967
30.969
37.524
29.582
19.395
41.306
-4.388
-9.4985
-1.4918
-25.244
-15.242
1.4082
24.17
-36.35
-38.871
-49.584
-21.573
-33.439
-20.726
-9.4497
NaN
NaN
NaN
NaN
NaN
NaN
NaN
NaN
NaN
NaN
NaN
33.706
28.937
48.274
48.278
19.172
16.667
30.15
24.675
53.503
45.153
14.606
-21.418
-16.048
-11.555
-30.266
-0.77687
-1.1934
NaN
NaN
NaN
NaN
NaN
NaN
-6.2367
-23.354
-23.512
-5.1138
-25.818
-11.408
-22.386
-38.164
-9.7679
-61.841
-7.7642
9.8425
50.71
53.841
45.373
42.975
16.576
-29.117
NaN
NaN
NaN
NaN
NaN
NaN
24.577
36.202
25.201
74.222
51.012
13.725
-14.205
-13.343
-7.6209
-10.696
18.896
10.508
-18.656
-9.3174
-20.914
-29.433
-65.104
-50.213
-32.666
-23.701
NaN
NaN
NaN
NaN
-2.7707
1.49
5.4281
-1.853
17.898
32.197
43.349
8.2677
33.115
22.616
11.758
-50.637
-27.659
-21.62
7.6327
13.348
32.545
12.199
-3.1855
-41.647
-15.769
-16.302
-14.998
-15.379
-20.269
0.39417
26.595
15.87
36.6
16.991
19.739
15.892
-2.7208
16.917
9.9528
4.4317
-5.9694
4.4833
14.032
-9.2231
-12.969
1.0379
-13.555
NaN
NaN
NaN
NaN
NaN
NaN
42.95
10.78
-9.8361
-19.2
-4.4112
-45.22
-27.165
-11.952
10.288
11.415
-20.441
-27.585
0.13818
27.993
4.1929
-10.895
26.488
49.354
54.644
29.856
20.306
16.115
5.2543
-1.5147
5.2451
2.8587
23.142
8.4819
NaN
NaN
NaN
NaN
-18.423
-48.04
-10.436
7.8801
-4.362
16.317
25.021
10.055
18.029
-34.729
