5.0268
-20.149
18.572
-19.989
1.4662
-14.332
23.369
-8.9928
-15.679
-17.134
-5.4291
26.523
23.143
26.483
7.7088
6.4839
7.775
18.194
-28.137
-21.711
-4.3609
-4.3208
36.966
41.264
-6.8636
-38.701
-29.573
-11.475
-19.01
17.183
19.141
-19.241
-19.287
-5.2736
7.5396
9.5678
-30.415
-20.05
-15.257
5.0045
1.9268
1.7386
-13.93
-14.89
-1.6627
18.85
23.115
9.2611
21.192
23.161
23.652
37.862
24.922
6.0341
-9.6573
-11.385
-12.97
-9.957
-14.001
9.3447
0.10734
-4.3648
14.393
3.0677
-35.916
-33.557
-10.572
1.1733
5.0128
4.6663
17.972
-33.562
-6.8008
18.487
5.2375
-2.3655
-42.962
-13.631
7.1611
20.715
28.582
18.108
1.1209
-13.238
-0.53709
-2.5845
-10.234
-3.1542
1.7647
-12.388
4.1533
3.9841
-6.9829
-10.713
-0.10523
7.2446
-4.6033
28.676
20.974
9.2139
18.255
30.911
47.866
1.6764
NaN
NaN
NaN
NaN
-27.789
-27.784
-25.914
-17.83
1.3378
0.22383
-10.426
3.7793
-8.5182
-20.992
-15.162
-0.38209
-13.196
10.15
11.661
3.3129
-14.826
-6.1891
-13.927
7.0363
12.187
14.086
20.891
18.506
16.949
29.018
17.93
16.911
10.118
16.475
-29.02
-30.287
-1.2079
-0.050158
-11.969
-17.655
-21.306
-9.7498
17.729
26.402
25.383
0.57308
2.0763
30.536
15.826
-4.7473
-21.347
-26.111
-12.838
-21.829
-32.879
-31.341
-19.906
-18.409
-9.8754
-18.072
1.9093
14.713
40.325
1.252
-8.2069
18.298
53.115
28.149
2.3279
-13.273
-7.1042
-7.2034
4.7005
-16.684
7.5522
26.186
29.916
7.8813
11.578
16.308
14.268
16.144
10.226
-11.867
-18.112
-30.412
-43.348
-40.473
-12.875
-10.76
-15.337
-22.899
-17.988
-8.1423
3.6213
10.368
22.776
33.743
15.267
10.711
20.761
5.7207
13.279
-1.976
-6.1825
-17.655
2.0408
-0.31665
-2.8968
22.101
-2.4206
-40.731
-47.983
-9.3641
15.679
19.915
33.813
14.052
1.232
15.818
27.764
3.4184
-17.217
-19.356
-18.84
-1.5573
20.179
19.951
-12.945
-5.4635
5.2892
-8.4248
-3.6609
-1.7216
-9.1244
13.2
0.32382
-4.6731
-16.811
-5.8641
-0.43718
-8.9794
11.913
-11.385
-31.703
-13.436
-5.464
10.05
9.7349
19.672
36.269
