NaN
NaN
NaN
NaN
NaN
NaN
NaN
-4.119
16.358
-5.8055
39.4
22.5
36.647
43.204
8.5231
8.9723
10.869
3.2229
-12.821
-20.789
-17.011
-3.9187
-1.7553
-4.4975
-3.4394
-2.7496
13.618
22.367
-5.7431
0.5421
NaN
NaN
NaN
NaN
-53.669
-12.725
10.244
-4.1233
-17.626
-9.448
20.586
18.803
17.466
5.0568
10.597
-0.49694
-22.231
-16.476
-4.0007
-9.9929
-14.36
11.172
23.949
9.647
19.262
7.1957
14.071
15.045
1.8434
13.34
16.77
0.72647
4.396
-0.89366
15.797
-2.3745
-4.4212
13.86
2.4416
0.5542
10.385
-6.0665
NaN
NaN
NaN
NaN
NaN
-19.44
-45.509
-31.927
-5.6509
6.0693
14.921
1.7941
9.5769
15.547
16.372
4.6969
-0.88872
-27.893
10.799
1.0911
21.001
25.897
41.413
45.952
30.248
-18.285
-42.366
-32.102
-7.2238
1.1428
-8.1171
1.5475
14.562
-0.87829
-29.952
-14.825
-1.8791
-12.493
-14.605
-18.152
19.687
20.919
15.274
7.981
-11.893
0.60614
4.7037
14.625
26.505
23.483
21.808
9.5644
0.82576
-13.234
-1.1989
7.0854
-14.307
NaN
NaN
NaN
NaN
-5.7882
-24.545
-29.23
-31.316
31.385
24.657
29.633
13.819
7.6382
19.969
14.329
7.1467
15.404
-2.0013
6.8888
-14.154
-12.563
-10.325
-22.168
-8.8232
-4.2177
-15.122
16.954
66.947
52.277
22.768
-1.9582
-16.297
-19.88
-15.092
-4.8735
-11.546
-25.049
-1.2507
18.83
-22.294
-36.75
-10.916
-29.827
-33.252
3.9956
14.399
21.955
32.58
22.716
-11.207
15.281
31.51
19.018
0.84183
-13.567
4.9831
19.849
11.369
2.1975
-11.75
-20.493
3.6699
-2.5333
4.9019
-0.036507
-17.243
-28.523
-5.1281
-44.084
-59.942
-35.816
16.578
16.223
16.484
35.503
27.102
21.413
7.8043
12.026
12.269
7.2411
7.7003
-12.226
18.349
20.047
-22.208
-36.34
-13.148
31.332
45.673
29.578
-1.5338
-19.645
-20.965
-25.514
0.029545
0.7196
-31.186
1.3978
13.379
-9.6771
NaN
NaN
NaN
NaN
-0.77457
-20.871
-13.2
8.6824
2.8144
0.11621
22.044
0.37741
-33.694
-26.898
17.134
18.014
17.313
19.612
-16.935
-17.855
-1.0556
7.137
10.659
0.50514
14.665
8.0704
20.674
22.011
-10.836
-39.331
-24.355
-24.983
22.569
44.675
NaN
NaN
NaN
NaN
NaN
NaN
NaN
NaN
NaN
NaN
NaN
NaN
NaN
-22.428
-63.009
-45.665
-0.065062
47.705
32.132
8.6045
-24.02
-47.484
-6.5484
5.1437
-1.9623
-20.702
26.933
15.536
-14.562
0.89369
5.4321
-7.0821
0.58056
13.795
22.117
11.384
22.599
26.101
19.937
-8.9151
1.9067
9.5356
6.8722
31.998
5.7818
-0.78837
-9.6935
-3.1241
-8.2136
NaN
NaN
NaN
NaN
NaN
NaN
NaN
NaN
NaN
NaN
NaN
NaN
NaN
NaN
NaN
10.972
4.8766
-17.741
18.726
14.058
26.376
35.432
36.283
23.209
-13.54
-36.806
-27.465
2.0138
24.586
37.893
14.585
8.2566
5.2295
22.462
2.0173
-19.576
-40.672
-8.4589
-0.87252
-7.5971
-8.4484
10.516
45.726
16.977
11.761
18.132
21.765
-11.198
NaN
NaN
NaN
NaN
-3.8612
-14.747
-33.744
-35.385
1.6125
26.763
13.468
-2.2766
-13.952
5.1752
-4.8652
-21.506
8.6835
