0.77028
-0.83151
20.91
9.4739
24.791
14.208
-1.0761
-21.888
-25.725
-0.17307
19.059
-30.124
-35.482
5.2873
20.264
17.945
7.5367
11.158
8.5781
15.509
6.6452
-17.479
-21.605
-21.403
4.4774
9.0536
12.505
29.549
16.201
9.2717
-3.0403
-22.583
-18.776
-2.5249
-2.3664
9.5682
16.892
-4.1035
-10.475
11.023
15.858
7.7791
-16.503
-3.0587
17.707
11.603
-6.434
-31.519
-24.882
-14.448
-15.324
-12.912
-24.859
0.82171
26.305
6.0454
1.8065
4.9218
3.8947
-4.1001
-0.54926
-1.5665
12.422
15.802
9.2118
22.11
10.377
-0.87103
-7.5677
20.256
4.552
-3.1321
-1.1901
-4.771
-3.4074
6.8666
-7.4477
-10.758
-10.986
-6.1998
0.32439
8.5678
9.2192
-13.682
-25.375
-17.27
2.2489
14.459
3.7091
-17.423
-30.523
4.369
13.531
31.432
9.1176
18.275
4.1969
-5.6489
-15.333
1.3656
7.9041
-4.3783
-6.6672
5.4046
NaN
NaN
NaN
NaN
1.0623
1.9988
-0.59343
3.5254
-7.7727
-18.701
-16.425
-4.0536
0.10753
12.19
3.2383
6.6648
1.5289
4.3821
9.4981
21.451
17.875
24.451
12.055
2.5417
-10.44
-4.1175
-3.5513
9.9074
-15.379
-16.076
-11.666
-23.171
-36.733
-12.601
0.31682
11.132
14.471
-22.119
-12.46
5.1719
11.016
4.5443
-12.346
-12.654
-15.786
16.21
34.267
-2.5668
-13.386
-0.50577
20.677
26.483
18.816
26.712
8.7824
1.4006
17.922
13.833
2.96
-9.2731
-4.5941
-33.079
-21.26
4.8749
13.576
-19.69
-29.071
-26.974
9.1497
22.707
-14.716
-26.351
2.8278
6.1832
-1.52
16.584
8.322
-16.183
-20.953
1.5773
-1.5986
10.862
-15.549
-7.7144
15.352
25.682
15.398
-27.387
7.343
6.061
13.233
20.07
10.264
-0.99046
-4.1509
18.925
5.7423
-6.893
-14.594
3.1313
11.726
-5.1053
-16.463
-4.314
9.7222
6.494
-3.5219
-0.80736
-4.1777
-5.7823
-0.24815
13.897
10.906
-10.29
-41.215
-23.395
-16.465
-11.973
2.924
-6.0614
-12.341
-14.093
13.7
26.934
16.539
6.8678
-4.3445
10.808
11.988
6.1817
-8.3197
14.788
22.297
34.341
1.4462
-14.182
-6.6882
6.8379
-18.593
-13.198
-4.9875
4.2195
13.034
14.83
25.107
-6.4979
-36.327
-28.515
-15.816
-4.2942
-18.286
