4.1194
-27.357
8.1013
-1.171
-1.4297
-16.131
28.545
-1.0207
-22.354
-6.6652
6.6564
15.226
15.85
15.176
3.3408
8.7719
-3.3234
6.6268
-25.609
-18.385
-8.7392
-6.3228
29.382
28.366
-6.3143
-23.27
-16.241
-14.773
-18.098
10.638
13.496
-8.4913
0.50649
-4.6434
-3.7687
10.347
-17.42
-15.993
-10.379
10.961
2.8341
-0.12442
-18.404
-13.647
3.2682
15.422
12.794
-5.8516
17.209
23.459
27.783
38.743
15.171
-6.0659
-11.7
-2.769
8.747
2.5598
-16.947
1.2923
-6.6794
-6.9359
8.3056
0.73086
-23.177
-13.566
-5.6604
-8.3006
-3.9313
0.43724
3.3246
-29.779
-16.298
-1.0882
-1.5553
3.7334
-22.498
-10.699
11.302
14.823
13.313
10.834
7.6471
-2.2923
16.362
10.832
7.5493
6.26
-1.8819
7.7524
25.207
8.202
-23.88
-13.274
-10.3
-3.5604
-12.791
16.099
3.3287
0.099927
8.0376
14.132
21.688
-2.8613
NaN
NaN
NaN
NaN
-20.346
-21.095
-19.387
-7.8118
12.884
3.1731
-7.0255
4.3145
-0.54534
-6.8484
-5.6794
9.7678
-2.7017
-0.26368
-10.222
0.18683
-14.384
-8.9848
-12.619
5.963
17.305
12.129
4.6997
6.0697
5.5918
22.683
25.234
30.961
12.778
13.034
-30.638
-27.064
10.621
3.3904
-5.3011
-9.4033
-17.74
-26.13
0.82063
22.489
28.778
1.7148
-16.731
4.003
12.31
7.1111
-20.213
-16.314
-5.4319
-11.644
-20.217
-17.615
-21.531
-16.658
-0.65897
-3.4525
-1.7482
8.6515
33.996
6.0511
-7.9031
6.531
41.996
23.785
3.0887
-16.525
-3.8625
3.4851
2.2541
-14.948
7.0304
37.565
33.446
-0.28491
-3.7568
-0.1464
3.6197
0.62564
-1.8448
-16.176
-24.06
-14.638
-4.9791
-21.385
-1.0539
-6.3697
-13.011
-24.682
-27.739
-13.172
-0.83651
1.543
10.343
31.892
25.113
25.904
30.073
11.833
8.5344
-2.3875
-14.15
-17.948
-7.8739
-0.65271
-6.7514
-2.2577
-19.821
-17.107
-20.269
-4.2349
10.597
20.758
29.731
14.827
4.2725
8.6996
23.732
9.1767
-8.8091
-15.162
-21.091
1.9419
16.108
8.0591
-16.481
-5.2738
-3.299
-1.4919
5.5158
8.6005
-15.049
1.4138
-9.9418
-3.5675
-19.311
-8.6147
-4.2847
-4.9972
5.6768
-12.719
-24.663
-8.3069
13.384
19.409
13.551
16.984
33.597
