-44.798
-18.413
6.8371
16.278
7.1213
4.5722
9.8238
27.366
-6.7512
24.548
24.028
3.5156
-39.635
-32.859
-19.376
-8.5987
9.6457
-14.859
-8.0653
1.6573
25.588
22.481
2.9523
3.8054
0.84623
-3.3771
-11.012
-0.11967
8.5653
-5.2113
-13.801
9.5429
1.141
-21.116
-28.686
-0.4372
2.8336
1.465
-14.162
-20.597
8.3373
14.162
22.821
31.27
37.316
26.013
5.8224
9.7001
-9.659
-4.2188
-12.743
9.9026
10.312
-14.59
-0.24483
-26.81
-18.385
-41.676
-18.086
0.81564
26.04
22.411
17.901
-16.826
-29.381
-9.8221
6.4022
-7.7951
-0.42236
-7.692
-4.9965
-7.6391
23.839
17.685
16.657
5.9191
11.308
-9.1241
-3.298
10.941
-1.6635
-18.504
-8.6641
11.278
-11.751
0.78919
-4.2656
-3.1394
16.139
7.4682
16.205
4.9984
8.3183
23.08
13.68
5.8353
-7.8665
0.92356
-5.0588
-26.885
-21.915
6.8019
8.1437
-24.119
-42.604
5.4063
9.8178
-12.969
-27.211
-7.5406
11.611
23.576
-0.41619
-9.8485
2.757
-19.229
5.2155
27.692
1.4357
1.6569
11.893
-0.17742
7.322
-0.82953
13.99
17.475
3.2877
-3.8267
23.362
16.124
12.139
9.1479
-0.21113
4.7215
-17.906
-32.721
-22.907
2.5139
-11.016
-14.689
-8.3306
-7.7126
-27.295
-13.574
17.036
35.51
-1.0378
1.5164
8.8874
-24.195
-14.927
NaN
NaN
NaN
NaN
NaN
NaN
NaN
NaN
NaN
NaN
NaN
0.85893
-3.3582
-3.853
-3.619
1.1341
-0.15721
10.324
21.604
-4.4069
3.1531
6.5868
-5.9132
-11.033
-14.451
0.63734
0.0077213
-10.715
-14.774
-11.71
-13.01
-9.1185
-33.172
NaN
NaN
NaN
NaN
8.6623
6.0483
23.596
26.732
2.202
-14.175
NaN
NaN
NaN
NaN
-23.376
1.7777
12.452
10.011
19.189
-25.543
-30.473
NaN
NaN
NaN
NaN
-43.969
-19.822
1.0197
29.173
10.078
-10.037
11.911
41.672
12.611
21.903
21.649
14.739
8.1207
10.508
8.1968
-7.3684
1.6266
NaN
NaN
NaN
NaN
NaN
NaN
0.82444
2.7834
-22.892
-10.839
4.1999
-0.35723
-7.5945
8.5363
-14.689
-8.9987
NaN
NaN
NaN
NaN
NaN
NaN
NaN
NaN
NaN
NaN
NaN
NaN
NaN
NaN
15.86
-5.2475
-8.4357
17.893
7.6785
9.37
-22.012
-37.045
-18.757
-9.3495
-22.591
3.913
13.798
21.44
17.818
3.3429
-8.539
23.759
6.6312
3.2866
-10.587
-2.1627
31.381
NaN
NaN
NaN
NaN
-37.019
-25.192
7.954
12.328
-15.448
-9.3415
-9.0931
-6.8753
-25.103
29.292
32.95
13.876
22.178
15.382
31.395
10.254
NaN
NaN
NaN
NaN
NaN
NaN
NaN
NaN
NaN
NaN
NaN
NaN
NaN
NaN
NaN
NaN
NaN
NaN
3.2578
46.308
15.661
4.0509
-1.607
-3.681
-1.2016
13.993
-2.344
-10.626
4.7859
NaN
NaN
NaN
NaN
-1.7993
-9.8253
-15.098
-47.283
8.7089
41.549
5.7631
5.7029
NaN
NaN
NaN
NaN
NaN
4.4801
-14.421
-1.2715
0.50435
-9.8465
-4.5295
8.6313
3.833
8.214
