-100.98
9.8735
-36.511
-70.783
-19.959
6.0375
-6.0819
-2.6164
28.995
38.166
35.11
12.635
12.735
23.502
5.8834
15.78
-22.771
27.218
51.653
28.049
6.829
14.03
41.697
33.566
28.083
39.22
16.552
-12.552
NaN
NaN
NaN
NaN
NaN
NaN
NaN
NaN
NaN
NaN
NaN
NaN
NaN
NaN
NaN
NaN
NaN
NaN
NaN
NaN
NaN
NaN
NaN
NaN
NaN
-29.967
-81.339
-22.3
27.729
0.51835
29.852
31.895
24.993
31.736
22.112
-10.459
18.857
-6.2052
-5.181
-2.5086
-11.75
-0.76321
15.272
21.116
38.681
23.358
5.3372
30.647
27.484
32.121
NaN
NaN
NaN
NaN
NaN
NaN
NaN
NaN
NaN
NaN
NaN
NaN
NaN
NaN
NaN
NaN
25.827
59.74
18.451
0.74051
24.761
-35.245
-28.113
-35.538
-7.4024
2.319
6.0772
2.105
-7.1169
22.085
5.9339
14.766
11.882
34.339
56.561
44.895
53.547
46.939
50.663
NaN
NaN
NaN
NaN
NaN
NaN
NaN
NaN
NaN
NaN
NaN
NaN
NaN
NaN
NaN
NaN
NaN
NaN
67.668
63.887
58.371
-35.443
-67.006
-23.258
-7.43
3.9337
-11.41
-31.49
-20.659
27.387
10.009
-3.6083
8.8293
23.804
51.404
40.891
28.938
18.128
25.708
8.6359
9.1985
17.188
30.993
22.912
NaN
NaN
NaN
NaN
NaN
NaN
NaN
NaN
NaN
NaN
NaN
NaN
NaN
NaN
NaN
NaN
NaN
NaN
NaN
NaN
11.936
22.866
-2.1344
17.576
29.044
36.929
44.114
60.866
38.461
-22.745
-31.287
38.505
52.931
49.45
9.7848
-18.516
37.04
42.445
43.733
24.94
4.7718
-18.383
NaN
NaN
NaN
NaN
NaN
NaN
NaN
NaN
NaN
NaN
NaN
NaN
NaN
NaN
NaN
NaN
NaN
NaN
-6.7671
1.9134
-0.69248
2.5227
14.503
0.84814
-4.3034
-25.392
10.59
-2.0218
-8.8944
-10.13
NaN
NaN
NaN
NaN
NaN
NaN
21.485
-38.372
-6.4748
50.826
54.498
47.57
43.744
51.79
58.979
NaN
NaN
NaN
NaN
NaN
NaN
NaN
NaN
NaN
NaN
NaN
NaN
NaN
NaN
